0.0 0.01111 0.014937 0.2 261.75 82.99
1.0 0.011113 0.012537 0.19 254.89 94.88
2.0 0.01111 0.012513 0.18 246.83 122.07
3.0 0.011115 0.01037 0.17 239.68 140.95
4.0 0.011112 0.009439 0.16 231.37 164.77
5.0 0.011112 0.009262 0.15 222.7 195.19
6.0 0.011112 0.008574 0.14 213.87 220.37
7.0 0.011112 0.008437 0.12 202.88 259.12
8.0 0.011111 0.010469 0.11 191.83 276.94
9.0 0.011112 0.010259 0.1 179.69 316.19
10.0 0.011111 0.012924 0.1 165.2 339.57
11.0 0.011113 0.012141 0.09 151.49 6.03
12.0 0.011111 0.015793 0.09 135.82 34.09
13.0 0.011116 0.015335 0.08 118.99 61.52
14.0 0.011112 0.017399 0.08 103.78 88.23
15.0 0.011113 0.018836 0.09 87.46 112.55
16.0 0.011112 0.020186 0.09 72.26 138.1
17.0 0.011112 0.021069 0.1 59.94 160.01
18.0 0.011111 0.023548 0.11 47.34 177.4
19.0 0.011112 0.023564 0.12 37.24 199.18
20.0 0.011114 0.025583 0.13 27.15 213.82
21.0 0.011112 0.024911 0.14 17.92 231.31
22.0 0.011112 0.026947 0.15 9.13 247.13
23.0 0.011112 0.026276 0.15 0.24 264.49
24.0 0.011112 0.026783 0.16 352.34 279.72
25.0 0.011112 0.028476 0.16 343.72 295.42
26.0 0.011112 0.027432 0.17 336.19 311.11
27.0 0.011114 0.028888 0.17 328.05 324.82
28.0 0.011112 0.02754 0.18 320.89 338.92
29.0 0.011112 0.028387 0.18 313.0 354.27
30.0 0.011111 0.027211 0.18 305.88 8.8
31.0 0.011112 0.026548 0.18 298.06 24.61
32.0 0.011111 0.02725 0.18 290.69 36.57
33.0 0.011112 0.025733 0.18 282.55 55.85
34.0 0.011113 0.024954 0.18 274.87 66.18
35.0 0.011111 0.023818 0.18 266.39 83.55
36.0 0.011112 0.023279 0.18 258.66 98.93
37.0 0.011112 0.021582 0.17 249.91 114.52
38.0 0.011113 0.019789 0.17 241.85 130.21
39.0 0.011111 0.020311 0.17 233.25 146.87
40.0 0.011112 0.017122 0.16 224.35 165.97
41.0 0.011111 0.017068 0.16 215.21 179.07
42.0 0.011111 0.014501 0.15 205.72 199.19
43.0 0.011112 0.013586 0.15 195.98 220.11
44.0 0.011112 0.011388 0.15 186.2 238.31
45.0 0.011113 0.011181 0.14 175.5 264.24
46.0 0.011112 0.008855 0.14 165.47 283.88
47.0 0.011112 0.00835 0.14 155.29 313.65
48.0 0.011112 0.006654 0.14 144.53 343.92
49.0 0.011114 0.007333 0.14 134.03 8.32
50.0 0.011111 0.006964 0.13 124.0 45.7
51.0 0.011111 0.00868 0.13 113.59 71.9
52.0 0.011112 0.00965 0.13 102.84 108.42
53.0 0.011115 0.009908 0.14 92.9 127.01
54.0 0.011112 0.011543 0.14 83.14 153.34
55.0 0.011112 0.013176 0.14 73.05 166.36
56.0 0.011111 0.015767 0.14 63.78 192.74
57.0 0.011115 0.016267 0.14 54.54 208.08
58.0 0.011113 0.017849 0.14 45.25 226.54
59.0 0.011113 0.019784 0.14 36.08 243.61
60.0 0.011114 0.020909 0.14 27.33 260.1
61.0 0.011113 0.022435 0.13 17.6 279.97
62.0 0.011113 0.024608 0.13 8.59 291.65
63.0 0.011113 0.025229 0.13 359.26 311.84
64.0 0.011111 0.027444 0.13 349.53 326.42
65.0 0.011114 0.027123 0.12 340.2 342.79
66.0 0.011112 0.028838 0.12 330.24 358.58
67.0 0.011117 0.029366 0.11 320.47 15.0
68.0 0.011113 0.028907 0.11 309.16 33.53
69.0 0.011112 0.030689 0.1 298.29 49.89
70.0 0.011113 0.029765 0.1 285.88 69.86
71.0 0.011111 0.030928 0.1 273.25 88.79
72.0 0.011114 0.029533 0.1 259.77 106.56
73.0 0.011111 0.030656 0.09 245.17 128.81
74.0 0.011113 0.029754 0.1 231.94 148.03
75.0 0.011113 0.028489 0.1 217.28 167.73
76.0 0.011112 0.028745 0.1 204.25 187.77
77.0 0.011116 0.027285 0.11 191.16 205.31
78.0 0.011112 0.025647 0.11 178.49 225.82
79.0 0.011113 0.02617 0.12 167.6 240.0
80.0 0.011112 0.023214 0.13 156.27 259.09
81.0 0.011111 0.023016 0.14 146.32 274.23
82.0 0.011113 0.021267 0.15 137.13 285.69
83.0 0.011111 0.020174 0.16 128.32 302.22
84.0 0.011115 0.018064 0.18 119.86 313.72
85.0 0.011112 0.017586 0.19 112.03 326.55
86.0 0.011111 0.015109 0.2 104.48 338.82
87.0 0.011113 0.013435 0.21 96.96 344.19
88.0 0.011111 0.012874 0.22 89.85 353.94
89.0 0.011116 0.010001 0.22 82.82 1.08
90.0 0.011112 0.009299 0.23 76.01 3.27
91.0 0.011113 0.008382 0.24 69.41 10.26
92.0 0.011112 0.006716 0.24 62.67 3.2
93.0 0.011112 0.008143 0.25 56.39 356.76
94.0 0.011113 0.008364 0.25 49.93 358.0
95.0 0.011114 0.010571 0.25 43.58 2.94
96.0 0.011112 0.013734 0.25 37.37 358.2
97.0 0.011112 0.014655 0.24 31.72 1.78
98.0 0.011114 0.015871 0.24 25.76 16.01
99.0 0.011112 0.02021 0.24 19.43 24.32
100.0 0.011112 0.021282 0.24 13.24 31.3
101.0 0.011114 0.022065 0.23 7.76 44.57
102.0 0.011112 0.026062 0.22 2.34 55.8
103.0 0.011113 0.02724 0.21 356.4 63.93
104.0 0.011114 0.02734 0.2 350.14 77.28
105.0 0.011113 0.030438 0.19 343.94 91.69
106.0 0.011113 0.032133 0.17 338.33 100.73
107.0 0.011114 0.031306 0.16 332.51 111.67
108.0 0.011113 0.033366 0.15 325.89 127.29
109.0 0.011113 0.034704 0.13 319.16 137.54
110.0 0.011114 0.0338 0.11 313.33 148.98
111.0 0.011112 0.035461 0.1 306.02 162.16
112.0 0.011118 0.034437 0.08 298.87 175.38
113.0 0.011114 0.034212 0.06 291.29 189.95
114.0 0.011112 0.035117 0.04 279.87 207.13
115.0 0.011117 0.034009 0.02 251.22 242.13
116.0 0.011113 0.033513 0.01 171.91 327.13
117.0 0.011113 0.033247 0.03 130.1 15.85
118.0 0.011112 0.031577 0.05 112.81 38.42
119.0 0.011111 0.031505 0.07 103.54 54.75
120.0 0.011112 0.029372 0.08 95.09 67.92
121.0 0.011111 0.029031 0.1 87.9 82.14
122.0 0.01111 0.026798 0.12 81.27 96.55
123.0 0.011112 0.025459 0.14 75.16 108.08
124.0 0.011112 0.022454 0.16 69.39 121.27
125.0 0.011113 0.021561 0.17 63.66 129.13
126.0 0.011112 0.018516 0.19 58.26 148.17
127.0 0.011112 0.016679 0.2 52.5 158.03
128.0 0.011113 0.014275 0.21 47.28 170.78
129.0 0.011113 0.011236 0.22 41.34 186.89
130.0 0.011112 0.007558 0.23 35.7 212.36
131.0 0.011114 0.005706 0.24 30.67 229.42
132.0 0.011114 0.003448 0.25 25.42 249.5
133.0 0.011114 0.002622 0.25 20.25 284.41
134.0 0.011112 0.004758 0.25 14.55 311.32
135.0 0.011117 0.003421 0.26 9.79 14.65
136.0 0.011116 0.003734 0.25 4.53 37.35
137.0 0.011111 0.00899 0.26 358.96 39.29
138.0 0.011115 0.009653 0.25 353.54 58.24
139.0 0.011116 0.010986 0.24 348.15 80.59
140.0 0.011115 0.014172 0.24 343.2 89.45
141.0 0.011112 0.017204 0.23 338.37 97.87
142.0 0.011115 0.019039 0.22 332.48 113.84
143.0 0.011117 0.020391 0.21 327.38 124.31
144.0 0.011112 0.022985 0.2 322.2 128.84
145.0 0.011115 0.023617 0.19 317.37 145.93
146.0 0.011115 0.024002 0.17 312.42 154.24
147.0 0.011112 0.028258 0.15 306.29 160.85
148.0 0.011112 0.02747 0.13 301.48 171.25
149.0 0.011113 0.028658 0.11 296.03 181.03
150.0 0.011113 0.030666 0.1 289.4 191.33
151.0 0.011113 0.031856 0.08 282.66 203.46
152.0 0.011114 0.032657 0.06 274.61 216.88
153.0 0.011111 0.035009 0.04 267.35 225.12
154.0 0.011118 0.03485 0.02 245.96 252.38
155.0 0.011116 0.034884 0.01 152.03 353.14
156.0 0.011112 0.038169 0.03 99.19 48.58
157.0 0.011111 0.039743 0.05 84.92 65.33
158.0 0.011114 0.038865 0.07 77.36 78.66
159.0 0.011115 0.038892 0.09 70.23 91.4
160.0 0.011113 0.041214 0.11 65.34 99.8
161.0 0.011111 0.043866 0.13 60.16 108.88
162.0 0.011114 0.042598 0.15 53.97 119.76
163.0 0.011114 0.042566 0.16 48.49 129.97
164.0 0.011113 0.043084 0.18 43.12 139.99
165.0 0.011113 0.044903 0.19 37.35 150.74
166.0 0.011112 0.046219 0.21 32.13 160.39
167.0 0.011113 0.044574 0.22 27.33 169.38
168.0 0.011113 0.043865 0.23 22.39 179.27
169.0 0.011115 0.043063 0.24 16.98 188.75
170.0 0.011116 0.043983 0.25 12.09 200.12
171.0 0.011111 0.044839 0.25 7.24 210.73
172.0 0.011112 0.044245 0.26 1.86 218.03
173.0 0.011119 0.04153 0.26 356.23 228.17
174.0 0.011115 0.040509 0.27 351.16 236.33
175.0 0.011112 0.040584 0.26 345.74 248.67
176.0 0.011111 0.04082 0.26 340.26 259.53
177.0 0.011113 0.039796 0.25 335.3 265.96
178.0 0.011114 0.036614 0.25 330.32 273.56
179.0 0.011113 0.036649 0.24 324.7 283.23
180.0 0.011112 0.035779 0.23 319.09 297.04
181.0 0.011112 0.035349 0.22 313.21 303.9
182.0 0.011114 0.033737 0.21 307.29 312.11
183.0 0.011113 0.03242 0.2 302.01 321.4
184.0 0.011116 0.031515 0.18 296.76 332.58
185.0 0.011113 0.029703 0.17 290.62 340.7
186.0 0.011112 0.029584 0.15 284.97 349.25
187.0 0.011111 0.028748 0.13 279.13 1.32
188.0 0.011114 0.026512 0.12 273.38 5.54
189.0 0.011113 0.02556 0.1 266.63 16.89
190.0 0.01111 0.02493 0.07 256.96 33.42
191.0 0.011114 0.024648 0.05 246.49 43.03
192.0 0.011116 0.023352 0.03 225.65 65.13
193.0 0.011112 0.02219 0.02 182.35 114.74
194.0 0.011113 0.020685 0.03 126.76 172.04
195.0 0.011116 0.019966 0.05 102.05 200.54
196.0 0.011112 0.020062 0.06 88.48 218.83
197.0 0.011114 0.018865 0.08 79.05 224.88
198.0 0.011114 0.018549 0.1 70.55 238.26
199.0 0.011112 0.017574 0.12 62.91 252.38
200.0 0.011112 0.018025 0.13 56.16 259.94
201.0 0.011112 0.017497 0.15 49.22 271.65
202.0 0.011114 0.016644 0.16 42.71 276.06
203.0 0.011112 0.015912 0.18 36.38 288.4
204.0 0.011111 0.015573 0.19 30.3 299.31
205.0 0.011113 0.016117 0.2 24.4 305.6
206.0 0.011115 0.015232 0.21 18.8 312.43
207.0 0.011113 0.01474 0.23 13.44 319.89
208.0 0.011113 0.013978 0.24 8.18 331.4
209.0 0.011115 0.014048 0.24 3.29 340.14
210.0 0.011112 0.014269 0.25 358.47 347.48
211.0 0.011113 0.013278 0.25 353.72 349.55
212.0 0.011114 0.013058 0.26 349.19 359.73
213.0 0.011113 0.012151 0.25 344.66 10.27
214.0 0.011113 0.011725 0.25 340.02 9.91
215.0 0.011112 0.01039 0.25 335.09 24.66
216.0 0.011115 0.008373 0.24 330.48 23.97
217.0 0.011112 0.006764 0.23 325.44 41.03
218.0 0.011115 0.004461 0.22 321.2 19.85
219.0 0.011119 0.005095 0.21 316.63 344.08
220.0 0.01112 0.003663 0.2 311.79 335.24
221.0 0.011115 0.006278 0.18 307.96 281.2
222.0 0.011114 0.006309 0.17 303.22 289.46
223.0 0.011114 0.007335 0.16 298.77 291.83
224.0 0.011117 0.0089 0.14 294.52 304.94
225.0 0.011121 0.010003 0.12 290.49 311.14
226.0 0.011113 0.013649 0.1 287.6 301.75
227.0 0.011115 0.014586 0.08 285.3 311.41
228.0 0.011118 0.02004 0.06 282.8 314.41
229.0 0.011112 0.022113 0.04 287.91 313.42
230.0 0.011114 0.024784 0.02 309.2 298.55
231.0 0.011111 0.026861 0.02 13.7 234.93
232.0 0.011114 0.028884 0.04 40.91 215.12
233.0 0.011113 0.031396 0.06 47.2 212.09
234.0 0.011113 0.032596 0.08 46.45 219.31
235.0 0.011114 0.03462 0.11 44.5 225.42
236.0 0.011113 0.034553 0.13 41.14 233.56
237.0 0.011113 0.03667 0.15 37.12 243.25
238.0 0.011113 0.036171 0.17 33.3 253.78
239.0 0.011114 0.036782 0.19 28.81 264.83
240.0 0.011112 0.038976 0.21 24.51 273.92
241.0 0.011112 0.039132 0.23 19.49 287.26
242.0 0.011116 0.037805 0.25 14.46 297.6
243.0 0.011113 0.038511 0.27 9.12 311.14
244.0 0.011114 0.038868 0.28 4.29 322.91
245.0 0.011113 0.038753 0.3 358.98 334.98
246.0 0.011111 0.039679 0.31 354.01 346.34
247.0 0.011114 0.038004 0.32 349.33 356.33
248.0 0.011113 0.038657 0.33 344.12 7.92
249.0 0.011118 0.037608 0.34 339.33 18.01
250.0 0.011114 0.035505 0.34 334.1 29.97
251.0 0.011113 0.03599 0.34 329.29 38.65
252.0 0.011112 0.03366 0.34 323.97 51.78
253.0 0.011113 0.03166 0.34 318.97 60.81
254.0 0.011114 0.02949 0.34 313.41 71.89
255.0 0.011112 0.027002 0.33 308.59 82.82
256.0 0.011115 0.025288 0.33 303.33 91.86
257.0 0.011118 0.020063 0.31 298.58 95.63
258.0 0.011117 0.019625 0.3 293.15 108.93
259.0 0.011114 0.019227 0.29 287.63 118.21
260.0 0.011114 0.018941 0.28 282.24 125.72
261.0 0.011116 0.017876 0.27 277.42 137.88
262.0 0.011112 0.012949 0.25 272.19 156.22
263.0 0.011116 0.011616 0.23 266.79 155.49
264.0 0.011115 0.010976 0.21 262.25 166.4
265.0 0.011118 0.009623 0.19 257.83 164.95
266.0 0.011113 0.009207 0.17 253.14 194.42
267.0 0.011112 0.007035 0.15 248.39 210.47
268.0 0.011115 0.004761 0.12 243.6 228.21
269.0 0.011116 0.002709 0.1 240.39 243.32
270.0 0.011116 0.002896 0.07 235.32 277.12
271.0 0.011112 0.005623 0.05 229.01 299.22
272.0 0.011119 0.00484 0.02 228.74 341.37
273.0 0.011112 0.007831 0.0 291.59 290.36
274.0 0.011115 0.007059 0.02 27.29 214.74
275.0 0.01112 0.008877 0.05 25.87 240.5
276.0 0.011118 0.00982 0.07 20.36 254.92
277.0 0.011119 0.011719 0.09 15.33 267.74
278.0 0.011117 0.013046 0.12 9.75 278.4
279.0 0.011119 0.016259 0.14 5.05 292.13
280.0 0.011117 0.018274 0.15 359.34 310.47
281.0 0.011116 0.020013 0.17 353.57 324.84
282.0 0.011117 0.02126 0.19 348.23 338.66
283.0 0.011115 0.023802 0.21 342.62 352.48
284.0 0.011116 0.023988 0.22 337.6 7.55
285.0 0.011115 0.026261 0.23 331.95 16.63
286.0 0.011117 0.028101 0.24 326.22 26.55
287.0 0.011116 0.027243 0.25 320.82 42.16
288.0 0.011116 0.028185 0.26 315.54 56.94
289.0 0.011117 0.029065 0.26 310.33 69.73
290.0 0.011117 0.029504 0.26 304.72 82.56
291.0 0.011116 0.030982 0.26 299.6 93.69
292.0 0.011114 0.033697 0.26 294.05 104.76
293.0 0.011116 0.033395 0.26 289.04 114.9
294.0 0.011116 0.032284 0.26 283.86 129.02
295.0 0.011114 0.033868 0.26 278.31 142.18
296.0 0.01112 0.033113 0.25 272.61 152.43
297.0 0.011117 0.031827 0.24 267.02 162.62
298.0 0.011114 0.033311 0.23 261.0 173.19
299.0 0.011115 0.031662 0.22 255.0 184.2
300.0 0.011118 0.030102 0.2 248.91 194.36
301.0 0.011117 0.030332 0.19 243.31 208.53
302.0 0.011117 0.029978 0.17 237.47 219.61
303.0 0.011117 0.029216 0.16 230.86 236.46
304.0 0.011117 0.02734 0.14 223.76 252.69
305.0 0.011119 0.024272 0.12 217.44 269.97
306.0 0.011117 0.023815 0.1 209.94 281.47
307.0 0.011113 0.024263 0.09 201.06 301.1
308.0 0.011116 0.021502 0.07 190.14 315.02
309.0 0.011114 0.022326 0.05 178.53 334.24
310.0 0.011118 0.019085 0.03 156.23 0.02
311.0 0.011117 0.018174 0.02 118.12 41.89
312.0 0.011112 0.018506 0.03 61.91 113.95
313.0 0.011117 0.014435 0.04 34.32 146.2
314.0 0.011112 0.016594 0.06 16.15 178.32
315.0 0.011121 0.01224 0.07 4.13 194.17
316.0 0.011113 0.014228 0.09 356.14 219.55
317.0 0.011117 0.011997 0.11 347.22 241.11
318.0 0.011112 0.015177 0.13 341.58 259.91
319.0 0.011118 0.012569 0.14 334.14 274.97
320.0 0.011115 0.014234 0.16 328.36 291.39
321.0 0.011117 0.012904 0.17 322.28 312.05
322.0 0.011115 0.014863 0.18 316.1 326.8
323.0 0.011115 0.016215 0.19 309.92 338.27
324.0 0.011117 0.014631 0.2 304.44 355.45
325.0 0.011117 0.01423 0.21 297.98 10.34
326.0 0.011115 0.01492 0.21 291.33 21.06
327.0 0.011115 0.015789 0.22 284.6 33.39
328.0 0.011117 0.014789 0.23 277.99 46.29
329.0 0.011114 0.016753 0.23 272.09 54.35
330.0 0.011117 0.014415 0.24 265.34 70.77
331.0 0.011115 0.016169 0.24 259.51 78.46
332.0 0.011116 0.016501 0.24 253.21 90.37
333.0 0.011115 0.018024 0.24 247.32 95.13
334.0 0.011116 0.01668 0.24 241.04 105.1
335.0 0.011115 0.017394 0.24 234.81 115.98
336.0 0.011116 0.0169 0.23 228.49 124.77
337.0 0.011116 0.017911 0.23 222.04 134.76
338.0 0.011114 0.018594 0.22 214.97 143.16
339.0 0.011114 0.018235 0.21 208.04 154.94
340.0 0.011117 0.017578 0.2 200.72 171.83
341.0 0.011116 0.019154 0.19 192.31 182.35
342.0 0.011115 0.019971 0.18 183.8 195.26
343.0 0.011115 0.018875 0.18 174.95 209.14
344.0 0.011115 0.019185 0.17 165.7 224.2
345.0 0.011116 0.019867 0.16 156.93 239.6
346.0 0.011118 0.021217 0.15 147.99 253.39
347.0 0.011116 0.02156 0.15 138.48 267.97
348.0 0.011114 0.021984 0.14 129.01 278.53
349.0 0.011114 0.022671 0.14 119.29 291.05
350.0 0.011116 0.022104 0.13 109.09 306.19
351.0 0.011121 0.022125 0.13 98.65 320.3
352.0 0.011114 0.024023 0.12 86.71 333.97
353.0 0.011114 0.022934 0.12 75.08 346.56
354.0 0.011114 0.022992 0.11 62.74 1.74
355.0 0.011117 0.022121 0.11 50.16 19.98
356.0 0.011114 0.024093 0.11 37.29 33.81
357.0 0.011115 0.023643 0.11 25.36 52.67
358.0 0.011115 0.023481 0.11 14.02 67.03
359.0 0.011115 0.025109 0.12 4.19 80.19
360.0 0.011116 0.024825 0.12 354.1 97.47
361.0 0.011114 0.025807 0.12 344.19 113.27
362.0 0.011116 0.025523 0.13 335.26 129.4
363.0 0.011116 0.026179 0.13 326.31 141.51
364.0 0.011114 0.027993 0.13 317.08 158.45
365.0 0.011115 0.028403 0.13 307.83 174.06
366.0 0.011114 0.027999 0.13 299.3 189.93
367.0 0.011116 0.026999 0.13 290.4 205.4
368.0 0.011113 0.02966 0.13 282.23 216.81
369.0 0.01112 0.027738 0.13 272.72 232.99
370.0 0.011118 0.026333 0.13 263.33 248.64
371.0 0.011113 0.029666 0.13 255.19 260.89
372.0 0.011113 0.029693 0.13 246.35 273.78
373.0 0.011116 0.029042 0.12 236.07 292.81
374.0 0.011115 0.030826 0.12 225.49 314.5
375.0 0.011112 0.032622 0.12 214.84 331.13
376.0 0.011115 0.031497 0.12 204.83 344.76
377.0 0.011112 0.032501 0.11 194.29 3.52
378.0 0.011112 0.031774 0.11 183.22 20.55
379.0 0.011115 0.030231 0.11 172.07 37.06
380.0 0.011113 0.029589 0.1 159.26 58.18
381.0 0.011113 0.029817 0.1 147.3 77.0
382.0 0.011118 0.026445 0.1 136.24 91.76
383.0 0.011116 0.027486 0.1 124.09 109.49
384.0 0.011112 0.029334 0.1 110.83 128.61
385.0 0.011116 0.027435 0.09 99.23 141.76
386.0 0.011116 0.027554 0.1 86.91 160.3
387.0 0.011114 0.028709 0.1 75.13 181.19
388.0 0.011114 0.027726 0.1 63.48 201.17
389.0 0.011116 0.026192 0.1 52.28 219.16
390.0 0.011114 0.028118 0.11 42.71 234.47
391.0 0.011119 0.027735 0.11 33.22 248.59
392.0 0.011116 0.025687 0.12 23.07 266.35
393.0 0.011114 0.02551 0.12 12.84 285.52
394.0 0.011114 0.024699 0.13 3.05 305.2
395.0 0.011114 0.023564 0.13 353.26 321.3
396.0 0.011113 0.02219 0.13 344.66 339.44
397.0 0.011115 0.021749 0.14 336.0 355.46
398.0 0.011115 0.017432 0.14 326.62 16.65
399.0 0.011112 0.018324 0.14 318.38 34.77
400.0 0.011117 0.015561 0.15 309.29 46.74
401.0 0.011116 0.015531 0.15 301.22 60.83
402.0 0.011115 0.015916 0.15 293.21 74.88
403.0 0.011112 0.017508 0.15 284.85 89.61
404.0 0.011117 0.014831 0.15 276.62 99.58
405.0 0.011116 0.015491 0.15 267.39 120.31
406.0 0.011114 0.016014 0.15 257.34 142.0
407.0 0.011115 0.01482 0.15 248.92 163.26
408.0 0.011116 0.013205 0.15 239.65 182.85
409.0 0.011115 0.014886 0.16 230.56 199.3
410.0 0.011118 0.015509 0.16 221.78 216.74
411.0 0.011114 0.014075 0.16 211.89 242.61
412.0 0.011113 0.015444 0.16 203.04 258.37
413.0 0.011118 0.013262 0.16 193.6 285.67
414.0 0.011112 0.014719 0.16 184.28 306.36
415.0 0.011116 0.012224 0.16 176.08 321.3
416.0 0.011116 0.01297 0.16 166.78 337.2
417.0 0.011115 0.013223 0.16 156.91 351.86
418.0 0.011114 0.013291 0.16 147.38 5.91
419.0 0.011115 0.012843 0.16 137.94 20.05
420.0 0.011114 0.013792 0.17 128.61 26.14
421.0 0.01112 0.012546 0.17 119.17 39.07
422.0 0.011117 0.011201 0.17 109.94 54.9
423.0 0.011114 0.012865 0.17 101.48 64.03
424.0 0.011113 0.012789 0.18 93.31 73.22
425.0 0.011115 0.011647 0.18 85.1 80.94
426.0 0.011118 0.010478 0.18 76.96 101.71
427.0 0.011115 0.011781 0.18 69.73 109.66
428.0 0.011114 0.012429 0.18 62.22 121.72
429.0 0.011117 0.011853 0.18 54.73 139.71
430.0 0.011115 0.012945 0.17 46.74 148.01
431.0 0.011114 0.014804 0.16 37.97 164.07
432.0 0.011115 0.016232 0.16 30.21 184.89
433.0 0.011113 0.019241 0.16 21.66 197.99
434.0 0.011113 0.019802 0.15 12.52 218.28
435.0 0.011113 0.021309 0.14 3.43 232.51
436.0 0.011114 0.021452 0.14 353.78 252.4
437.0 0.011113 0.022759 0.13 343.41 271.26
438.0 0.011115 0.02423 0.12 331.74 293.99
439.0 0.011116 0.023265 0.12 321.24 314.07
440.0 0.011116 0.023215 0.11 309.98 332.79
441.0 0.011114 0.025557 0.1 295.9 351.59
442.0 0.011114 0.026643 0.1 280.75 7.71
443.0 0.011118 0.02614 0.09 266.81 37.23
444.0 0.011118 0.026859 0.09 251.68 57.54
445.0 0.01112 0.027793 0.09 235.32 86.77
446.0 0.011118 0.029747 0.1 220.66 105.87
447.0 0.01112 0.03005 0.1 206.27 127.73
448.0 0.011117 0.03232 0.11 192.15 148.67
449.0 0.011118 0.032263 0.12 180.3 167.74
450.0 0.011117 0.033966 0.13 169.04 184.87
451.0 0.011115 0.03512 0.14 159.54 204.51
452.0 0.011115 0.034771 0.15 150.39 221.2
453.0 0.011116 0.033987 0.16 140.57 238.04
454.0 0.011117 0.032517 0.17 132.03 250.83
455.0 0.011116 0.033463 0.18 124.04 263.22
456.0 0.011115 0.032748 0.18 116.19 275.99
457.0 0.011115 0.032358 0.19 108.81 286.75
458.0 0.011115 0.032206 0.2 101.57 298.93
459.0 0.011119 0.030321 0.2 94.74 308.66
460.0 0.011117 0.029544 0.21 87.52 318.92
461.0 0.011116 0.028691 0.21 80.43 331.95
462.0 0.011114 0.028409 0.22 74.01 345.72
463.0 0.011114 0.027051 0.22 66.83 358.82
464.0 0.011114 0.024183 0.22 60.34 13.11
465.0 0.011115 0.021882 0.22 53.83 22.32
466.0 0.011115 0.021663 0.22 47.77 33.81
467.0 0.011118 0.021303 0.22 41.87 41.81
468.0 0.011118 0.019664 0.21 35.75 48.79
469.0 0.011115 0.018058 0.21 28.66 66.13
470.0 0.011113 0.015901 0.2 21.67 85.26
471.0 0.011113 0.015141 0.19 14.85 102.18
472.0 0.011117 0.009688 0.18 8.61 111.4
473.0 0.011117 0.009441 0.17 1.27 121.1
474.0 0.011114 0.009881 0.16 354.39 154.47
475.0 0.011117 0.010294 0.14 346.58 165.08
476.0 0.011116 0.007071 0.13 338.16 193.18
477.0 0.011113 0.008693 0.11 329.86 240.87
478.0 0.011118 0.008181 0.09 320.52 260.92
479.0 0.011114 0.008114 0.08 309.17 294.86
480.0 0.011114 0.009619 0.06 295.02 329.07
481.0 0.011115 0.010015 0.05 273.87 7.1
482.0 0.011114 0.011386 0.04 247.31 52.22
483.0 0.011114 0.012674 0.04 214.99 87.69
484.0 0.011118 0.012392 0.05 184.44 138.54
485.0 0.011117 0.011901 0.07 166.35 169.63
486.0 0.011116 0.013005 0.09 153.04 189.16
487.0 0.011117 0.013654 0.1 141.61 211.28
488.0 0.011117 0.015025 0.12 131.88 227.91
489.0 0.011118 0.014767 0.14 123.65 241.93
490.0 0.011118 0.015685 0.16 116.09 258.23
491.0 0.011118 0.017243 0.18 109.13 270.18
492.0 0.01112 0.017938 0.2 102.48 285.49
493.0 0.011118 0.018528 0.22 96.14 300.84
494.0 0.011119 0.017981 0.23 90.01 312.26
495.0 0.011118 0.018024 0.25 83.99 324.86
496.0 0.011117 0.019291 0.26 78.13 335.88
497.0 0.011117 0.019363 0.27 72.36 347.94
498.0 0.011117 0.019227 0.28 66.71 3.01
499.0 0.011117 0.019051 0.29 61.11 14.92
500.0 0.011118 0.017692 0.3 55.61 24.95
501.0 0.011118 0.017322 0.31 50.12 37.06
502.0 0.011118 0.017859 0.31 44.76 47.03
503.0 0.01112 0.017107 0.32 39.38 60.12
504.0 0.011118 0.016256 0.32 34.06 74.48
505.0 0.011119 0.014611 0.32 28.8 84.37
506.0 0.011118 0.013357 0.32 23.57 95.94
507.0 0.011117 0.013434 0.31 18.43 105.48
508.0 0.011117 0.012223 0.31 13.31 116.29
509.0 0.011116 0.010843 0.3 8.27 133.23
510.0 0.011116 0.009524 0.29 3.24 144.82
511.0 0.011117 0.007111 0.28 358.32 153.31
512.0 0.011117 0.005659 0.27 353.37 165.08
513.0 0.011118 0.004836 0.25 348.57 166.96
514.0 0.01112 0.002983 0.24 343.79 179.17
515.0 0.011118 0.001183 0.22 339.09 226.59
516.0 0.011119 0.001813 0.2 334.56 14.07
517.0 0.011118 0.004155 0.18 330.24 31.65
518.0 0.011118 0.005267 0.16 326.27 49.34
519.0 0.011118 0.007333 0.14 322.64 57.78
520.0 0.011117 0.009507 0.12 319.71 59.0
521.0 0.011117 0.011572 0.1 317.77 68.97
522.0 0.011117 0.014588 0.08 317.76 75.47
523.0 0.011116 0.016397 0.06 321.77 76.86
524.0 0.011117 0.018058 0.04 335.42 72.12
525.0 0.011117 0.019867 0.03 8.93 43.68
526.0 0.011118 0.020207 0.04 42.73 15.11
527.0 0.011119 0.021938 0.06 57.0 7.25
528.0 0.011118 0.023811 0.08 61.08 7.46
529.0 0.011121 0.025562 0.1 61.14 14.11
530.0 0.011117 0.027353 0.12 59.31 22.07
531.0 0.011119 0.027913 0.14 56.44 31.67
532.0 0.011118 0.028734 0.16 52.97 41.13
533.0 0.011118 0.028382 0.18 49.16 49.7
534.0 0.011118 0.028976 0.2 45.05 60.71
535.0 0.011117 0.030117 0.21 40.77 68.89
536.0 0.011117 0.030219 0.23 36.21 79.02
537.0 0.011116 0.0311 0.24 31.53 90.44
538.0 0.011116 0.031006 0.25 26.76 100.4
539.0 0.011117 0.030109 0.26 21.95 112.25
540.0 0.011116 0.029941 0.27 17.04 123.22
541.0 0.011118 0.028518 0.28 12.15 133.41
542.0 0.011117 0.028091 0.28 7.19 144.66
543.0 0.011118 0.027876 0.29 2.25 153.01
544.0 0.011118 0.026489 0.29 357.23 163.66
545.0 0.011118 0.025836 0.29 352.29 175.48
546.0 0.011117 0.024485 0.28 347.3 186.67
547.0 0.011117 0.02335 0.28 342.21 199.53
548.0 0.011119 0.02157 0.27 337.02 209.97
549.0 0.011118 0.019066 0.26 331.84 221.53
550.0 0.01112 0.017301 0.25 326.45 233.67
551.0 0.011118 0.015115 0.24 321.14 243.98
552.0 0.011122 0.013855 0.23 315.78 253.43
553.0 0.011119 0.011347 0.21 310.58 260.67
554.0 0.01112 0.009549 0.19 305.22 276.18
555.0 0.011118 0.007732 0.18 299.7 289.24
556.0 0.011117 0.005558 0.16 293.86 307.18
557.0 0.011117 0.003601 0.14 287.67 322.11
558.0 0.011117 0.00051 0.11 281.21 350.19
559.0 0.011117 0.001782 0.09 273.8 150.3
560.0 0.011117 0.004021 0.07 264.52 180.38
561.0 0.011117 0.005986 0.05 251.13 186.68
562.0 0.011117 0.007262 0.03 227.84 224.4
563.0 0.011117 0.009733 0.02 164.72 289.94
564.0 0.011117 0.010381 0.03 114.56 341.76
565.0 0.011117 0.011916 0.05 95.05 9.05
566.0 0.011116 0.014142 0.08 83.88 22.29
567.0 0.011116 0.015401 0.1 75.64 37.45
568.0 0.011116 0.017811 0.12 68.59 50.41
569.0 0.011116 0.018907 0.14 62.22 61.85
570.0 0.011117 0.019843 0.17 56.17 75.73
571.0 0.011116 0.021133 0.18 50.61 85.19
572.0 0.011117 0.021683 0.2 44.93 97.24
573.0 0.011117 0.022526 0.22 39.68 103.69
574.0 0.011116 0.024082 0.24 34.24 116.34
575.0 0.011118 0.023807 0.25 28.54 128.28
576.0 0.011119 0.024753 0.27 23.15 140.1
577.0 0.011118 0.025217 0.28 17.81 150.82
578.0 0.011117 0.026067 0.29 12.58 163.02
579.0 0.011117 0.026113 0.29 7.38 173.19
580.0 0.011117 0.025565 0.3 2.25 186.2
581.0 0.011117 0.025717 0.3 357.11 197.16
582.0 0.011117 0.024546 0.31 352.0 207.97
583.0 0.011117 0.024207 0.31 346.78 219.05
584.0 0.011117 0.022939 0.31 341.56 227.9
585.0 0.011118 0.022154 0.3 336.3 240.43
586.0 0.011117 0.022246 0.3 331.17 249.37
587.0 0.011117 0.020754 0.29 326.01 259.72
588.0 0.011117 0.020132 0.28 320.87 271.94
589.0 0.011117 0.018783 0.27 315.55 283.08
590.0 0.011117 0.017661 0.26 310.38 295.49
591.0 0.011117 0.015656 0.24 305.44 307.61
592.0 0.011117 0.01332 0.23 300.13 320.3
593.0 0.011118 0.011896 0.21 294.98 330.4
594.0 0.011118 0.009779 0.19 289.71 352.0
595.0 0.011116 0.006834 0.17 283.64 28.77
596.0 0.011114 0.007451 0.15 278.65 40.66
597.0 0.011116 0.004613 0.13 273.66 58.48
598.0 0.011118 0.0019 0.11 268.71 109.66
599.0 0.011117 0.003832 0.08 262.0 142.63
600.0 0.011118 0.005013 0.06 255.87 192.14
601.0 0.011118 0.007227 0.04 247.33 202.28
602.0 0.011118 0.009182 0.02 227.84 243.29
603.0 0.011121 0.011055 0.01 103.3 9.53
604.0 0.011118 0.012361 0.03 74.55 49.89
605.0 0.011122 0.014417 0.06 63.95 64.41
606.0 0.011118 0.01504 0.08 56.77 77.33
607.0 0.011118 0.017837 0.1 51.25 88.77
608.0 0.011118 0.017945 0.12 45.18 100.92
609.0 0.011117 0.019978 0.14 39.94 111.63
610.0 0.011117 0.019946 0.16 34.54 120.24
611.0 0.011117 0.02103 0.17 29.04 133.11
612.0 0.011117 0.021359 0.19 24.1 141.18
613.0 0.011116 0.022407 0.21 18.86 151.63
614.0 0.011117 0.022628 0.22 13.88 160.22
615.0 0.011117 0.023826 0.23 8.88 167.76
616.0 0.011116 0.023189 0.24 3.84 177.63
617.0 0.011117 0.023487 0.25 358.78 186.12
618.0 0.011116 0.022907 0.26 353.78 192.04
619.0 0.011116 0.022858 0.26 348.76 200.38
620.0 0.011116 0.023835 0.26 343.82 207.06
621.0 0.011116 0.023568 0.27 338.82 214.45
622.0 0.011116 0.02379 0.26 333.85 224.33
623.0 0.011116 0.023692 0.26 328.88 231.16
624.0 0.011117 0.022442 0.26 323.95 238.29
625.0 0.011116 0.022342 0.25 319.01 245.25
626.0 0.011117 0.022273 0.24 314.17 249.12
627.0 0.011117 0.021892 0.23 309.28 255.87
628.0 0.011117 0.022569 0.22 304.46 263.34
629.0 0.011119 0.021942 0.21 299.65 269.63
630.0 0.011117 0.021077 0.19 294.9 277.59
631.0 0.011121 0.020551 0.18 290.25 282.2
632.0 0.011117 0.020127 0.16 285.7 286.82
633.0 0.011119 0.020854 0.14 281.28 292.4
634.0 0.011117 0.021071 0.12 277.04 297.41
635.0 0.011117 0.020844 0.1 273.14 305.4
636.0 0.011117 0.021225 0.08 269.88 309.96
637.0 0.011116 0.020537 0.06 268.06 311.48
638.0 0.011117 0.020824 0.04 269.82 311.2
639.0 0.011116 0.021874 0.02 287.38 292.65
640.0 0.011116 0.022139 0.02 6.67 214.45
641.0 0.011116 0.023009 0.03 34.97 189.74
642.0 0.011116 0.023415 0.06 38.43 187.29
643.0 0.011117 0.022616 0.08 37.05 190.43
644.0 0.011116 0.023032 0.1 34.0 195.15
645.0 0.011117 0.023442 0.12 30.18 198.16
646.0 0.011116 0.02361 0.15 25.98 204.57
647.0 0.011117 0.024838 0.17 21.61 212.02
648.0 0.011117 0.024863 0.19 17.0 218.76
649.0 0.011117 0.024552 0.2 12.32 228.02
650.0 0.011119 0.024686 0.22 7.53 234.54
651.0 0.011117 0.024252 0.24 2.66 240.85
652.0 0.011121 0.024909 0.25 357.77 248.14
653.0 0.011117 0.025475 0.27 352.84 255.63
654.0 0.011118 0.025434 0.28 347.89 265.66
655.0 0.011117 0.02554 0.29 342.86 274.33
656.0 0.011117 0.024504 0.3 337.84 281.15
657.0 0.011117 0.024248 0.31 332.76 289.85
658.0 0.011116 0.025101 0.31 327.69 296.75
659.0 0.011116 0.024797 0.32 322.58 304.97
660.0 0.011116 0.02466 0.32 317.5 315.7
661.0 0.011116 0.024431 0.32 312.35 323.73
662.0 0.011117 0.022986 0.32 307.25 331.5
663.0 0.011116 0.022695 0.31 302.07 339.83
664.0 0.011117 0.022682 0.31 296.88 345.39
665.0 0.011117 0.021962 0.3 291.65 353.98
666.0 0.011117 0.022161 0.29 286.42 3.39
667.0 0.011118 0.021331 0.28 281.13 11.31
668.0 0.011117 0.020269 0.27 275.85 21.13
669.0 0.01112 0.019354 0.26 270.48 27.92
670.0 0.011118 0.018198 0.25 265.05 34.25
671.0 0.011121 0.017945 0.23 259.61 40.88
672.0 0.011118 0.017286 0.21 254.11 46.97
673.0 0.011121 0.016478 0.2 248.54 55.77
674.0 0.011118 0.015845 0.18 242.59 60.52
675.0 0.011118 0.013919 0.16 236.89 70.1
676.0 0.011117 0.012369 0.14 231.06 73.36
677.0 0.011116 0.011198 0.12 224.5 81.56
678.0 0.011117 0.010424 0.1 217.57 83.07
679.0 0.011116 0.009256 0.08 209.95 89.11
680.0 0.011117 0.009713 0.06 200.47 94.89
681.0 0.011117 0.009113 0.04 186.2 101.33
682.0 0.011117 0.008712 0.02 155.86 131.65
683.0 0.011117 0.009891 0.02 90.45 182.98
684.0 0.011117 0.009779 0.03 47.97 225.25
685.0 0.011116 0.010081 0.05 31.78 229.73
686.0 0.011116 0.010606 0.07 21.39 239.28
687.0 0.011115 0.010317 0.08 12.97 247.99
688.0 0.011115 0.013347 0.1 5.62 258.33
689.0 0.011114 0.014935 0.12 358.56 266.24
690.0 0.011115 0.014837 0.13 351.69 274.78
691.0 0.011114 0.017663 0.15 345.79 286.22
692.0 0.011113 0.019237 0.16 340.02 293.65
693.0 0.011116 0.01896 0.17 333.67 304.62
694.0 0.011115 0.021612 0.18 327.42 318.56
695.0 0.011114 0.023505 0.19 321.44 328.78
696.0 0.011116 0.023497 0.19 315.91 335.7
697.0 0.01112 0.023707 0.2 310.48 347.51
698.0 0.011117 0.024049 0.2 304.72 357.68
699.0 0.011115 0.026002 0.2 298.71 6.65
700.0 0.011116 0.026982 0.21 292.63 16.62
701.0 0.011115 0.028562 0.21 286.84 25.3
702.0 0.011118 0.029226 0.21 280.92 35.47
703.0 0.011116 0.029152 0.21 274.58 46.45
704.0 0.011114 0.030801 0.2 268.26 55.89
705.0 0.011115 0.030874 0.2 261.79 66.75
706.0 0.011117 0.030275 0.19 255.2 76.9
707.0 0.011121 0.029934 0.18 248.56 88.35
708.0 0.011117 0.029675 0.18 241.7 100.73
709.0 0.011115 0.030424 0.17 234.61 111.34
710.0 0.011116 0.029727 0.16 227.35 122.6
711.0 0.011116 0.029444 0.15 219.66 131.56
712.0 0.011119 0.028178 0.13 211.65 143.21
713.0 0.011117 0.0267 0.12 203.08 156.43
714.0 0.011115 0.02678 0.11 193.47 170.22
715.0 0.011115 0.025745 0.1 182.77 183.66
716.0 0.011116 0.025464 0.09 170.72 196.39
717.0 0.011119 0.023741 0.08 156.99 212.73
718.0 0.011116 0.021945 0.08 141.16 233.09
719.0 0.011115 0.022238 0.07 123.82 254.23
720.0 0.011115 0.021321 0.07 105.65 276.24
721.0 0.011116 0.020086 0.07 88.55 294.3
722.0 0.01112 0.018013 0.08 73.44 313.08
723.0 0.011115 0.016452 0.09 59.57 332.36
724.0 0.011114 0.016672 0.09 46.37 345.47
725.0 0.011116 0.015243 0.1 34.39 355.87
726.0 0.011115 0.01227 0.11 22.99 5.1
727.0 0.011114 0.012693 0.12 13.63 14.72
728.0 0.011116 0.011251 0.13 4.38 18.32
729.0 0.011115 0.009126 0.14 354.98 23.69
730.0 0.011114 0.009674 0.14 346.18 34.92
731.0 0.011115 0.010043 0.15 337.85 36.32
732.0 0.011117 0.011616 0.15 329.47 36.68
733.0 0.011118 0.010995 0.16 322.09 42.46
734.0 0.011116 0.011593 0.16 314.53 37.67
735.0 0.011114 0.01125 0.16 306.94 40.06
736.0 0.011114 0.012055 0.16 299.89 49.67
737.0 0.011116 0.015882 0.17 292.03 55.75
738.0 0.011114 0.015964 0.17 283.91 62.63
739.0 0.011115 0.017773 0.16 276.6 75.98
740.0 0.011115 0.021624 0.16 269.15 86.0
741.0 0.011115 0.021701 0.16 260.84 95.92
742.0 0.011115 0.023237 0.16 252.32 110.43
743.0 0.011115 0.026328 0.16 244.14 121.37
744.0 0.011117 0.026101 0.15 235.4 134.4
745.0 0.011115 0.027316 0.15 225.95 149.72
746.0 0.011115 0.028944 0.15 216.9 162.28
747.0 0.011119 0.028936 0.14 207.39 177.0
748.0 0.011115 0.029245 0.14 197.23 192.7
749.0 0.011115 0.030485 0.14 187.3 206.68
750.0 0.011119 0.03022 0.14 177.16 221.25
751.0 0.011115 0.029658 0.14 166.21 238.23
752.0 0.011115 0.030568 0.13 155.51 251.67
753.0 0.011119 0.029252 0.14 144.88 266.81
754.0 0.011114 0.028997 0.14 133.77 284.35
755.0 0.011114 0.028747 0.14 123.35 295.87
756.0 0.011116 0.027388 0.14 113.29 309.1
757.0 0.011115 0.02538 0.14 103.56 324.43
758.0 0.011114 0.025621 0.15 93.51 336.17
759.0 0.011115 0.023913 0.15 83.79 349.06
760.0 0.011117 0.021192 0.15 74.12 0.59
761.0 0.011115 0.020497 0.16 64.93 15.1
762.0 0.011115 0.018945 0.16 56.09 28.56
763.0 0.011115 0.017322 0.16 47.44 37.27
764.0 0.011118 0.015316 0.17 39.09 48.01
765.0 0.011116 0.014011 0.17 30.99 59.22
766.0 0.011114 0.013907 0.17 22.9 71.09
767.0 0.011115 0.013535 0.17 14.99 78.86
768.0 0.011117 0.012018 0.17 7.35 76.05
769.0 0.011119 0.011715 0.17 359.89 84.66
770.0 0.011117 0.009562 0.17 353.08 90.17
771.0 0.011115 0.008703 0.16 346.18 101.0
772.0 0.011114 0.006943 0.16 338.64 96.34
773.0 0.011116 0.008058 0.15 331.6 91.56
774.0 0.011114 0.007508 0.15 323.81 86.92
775.0 0.011115 0.008946 0.14 316.78 96.49
776.0 0.011116 0.010676 0.13 308.87 106.14
777.0 0.011114 0.01116 0.13 300.72 101.57
778.0 0.011113 0.012456 0.12 291.73 103.8
779.0 0.011114 0.013695 0.11 281.93 124.17
780.0 0.011113 0.01484 0.1 272.61 131.0
781.0 0.011113 0.016605 0.09 263.4 140.48
782.0 0.011114 0.018458 0.08 251.66 156.26
783.0 0.011115 0.020145 0.07 239.44 174.76
784.0 0.011112 0.02156 0.07 223.79 188.44
785.0 0.011115 0.022907 0.06 205.45 208.63
786.0 0.011115 0.024872 0.05 187.26 236.9
787.0 0.011114 0.026168 0.05 165.6 261.72
788.0 0.011113 0.02857 0.06 147.15 282.27
789.0 0.011112 0.029625 0.07 130.99 298.57
790.0 0.011114 0.030654 0.08 114.98 323.47
791.0 0.011115 0.031065 0.09 102.19 342.87
792.0 0.011114 0.033139 0.1 91.2 356.42
793.0 0.011113 0.035484 0.11 80.39 11.37
794.0 0.011112 0.036865 0.12 70.61 22.92
795.0 0.011113 0.03658 0.12 62.4 38.88
796.0 0.011114 0.036598 0.13 54.67 53.05
797.0 0.011115 0.037261 0.14 46.58 65.64
798.0 0.011117 0.038464 0.15 39.53 76.78
799.0 0.011113 0.040109 0.16 32.48 89.22
800.0 0.011113 0.03998 0.16 25.71 100.96
801.0 0.011118 0.039607 0.17 18.94 113.01
802.0 0.011114 0.038886 0.17 12.15 125.51
803.0 0.011114 0.037736 0.18 5.51 135.47
804.0 0.011113 0.038241 0.18 358.37 148.31
805.0 0.011114 0.037486 0.18 351.53 161.14
806.0 0.011112 0.038151 0.18 344.31 174.28
807.0 0.011113 0.03606 0.18 336.98 186.43
808.0 0.011114 0.034072 0.18 329.48 196.88
809.0 0.011114 0.033708 0.18 322.61 209.35
810.0 0.011114 0.032459 0.17 315.23 222.66
811.0 0.011111 0.032162 0.17 308.09 236.35
812.0 0.011113 0.029163 0.16 300.83 246.52
813.0 0.011114 0.028558 0.15 292.9 257.41
814.0 0.011116 0.027195 0.15 283.68 273.8
815.0 0.011113 0.025479 0.14 274.37 286.64
816.0 0.011115 0.023467 0.13 264.7 299.95
817.0 0.011114 0.022655 0.13 254.71 316.24
818.0 0.011112 0.0232 0.12 244.37 332.39
819.0 0.011115 0.019414 0.12 231.77 343.54
820.0 0.011114 0.019212 0.11 220.38 358.93
821.0 0.011112 0.018116 0.11 208.47 24.11
822.0 0.011113 0.016687 0.11 196.0 33.05
823.0 0.011113 0.015605 0.1 182.97 52.76
824.0 0.011113 0.014141 0.1 168.64 73.02
825.0 0.011117 0.011923 0.11 156.37 85.38
826.0 0.011114 0.010584 0.11 143.01 108.25
827.0 0.011111 0.011037 0.12 130.41 129.74
828.0 0.011116 0.008191 0.12 118.8 136.05
829.0 0.011114 0.006959 0.13 108.92 157.58
830.0 0.011111 0.0062 0.14 99.54 187.3
831.0 0.011114 0.003272 0.15 90.17 191.66
832.0 0.011112 0.004026 0.16 82.35 240.75
833.0 0.011114 0.002107 0.17 74.96 275.92
834.0 0.011115 0.00089 0.17 67.86 340.23
835.0 0.011111 0.005196 0.18 60.02 344.59
836.0 0.011116 0.004705 0.18 53.44 6.11
837.0 0.011114 0.00537 0.19 46.68 26.24
838.0 0.011112 0.007414 0.19 39.17 38.32
839.0 0.011115 0.008482 0.19 32.71 65.1
840.0 0.011114 0.010259 0.19 25.79 71.85
841.0 0.01111 0.011289 0.19 19.22 72.9
842.0 0.011114 0.012195 0.19 12.32 96.36
843.0 0.011115 0.013508 0.19 6.0 109.03
844.0 0.011114 0.016675 0.18 0.37 111.66
845.0 0.011113 0.017907 0.18 353.71 128.54
846.0 0.011114 0.018312 0.17 347.6 139.94
847.0 0.011112 0.021638 0.16 341.13 147.46
848.0 0.011114 0.022476 0.15 335.26 161.14
849.0 0.011114 0.024153 0.15 329.49 173.82
850.0 0.011113 0.02548 0.13 322.71 184.84
851.0 0.011112 0.028101 0.12 315.54 193.09
852.0 0.011114 0.028482 0.11 307.69 207.85
853.0 0.011115 0.029039 0.09 299.67 223.92
854.0 0.011114 0.030362 0.08 290.47 236.78
855.0 0.011113 0.032563 0.07 281.23 250.51
856.0 0.011112 0.034569 0.05 269.19 264.65
857.0 0.011113 0.034059 0.04 251.57 289.47
858.0 0.011114 0.034075 0.03 223.25 324.73
859.0 0.011115 0.034697 0.03 184.04 9.36
860.0 0.011118 0.035061 0.03 148.27 48.82
861.0 0.011113 0.036507 0.05 128.24 74.39
862.0 0.011113 0.03629 0.06 114.25 94.25
863.0 0.011114 0.036963 0.08 104.1 109.5
864.0 0.011113 0.03674 0.09 95.49 123.23
865.0 0.011113 0.034886 0.11 87.69 135.36
866.0 0.011114 0.033711 0.13 81.0 147.06
867.0 0.011115 0.032467 0.14 73.88 157.77
868.0 0.011119 0.03216 0.16 67.58 171.17
869.0 0.011113 0.031517 0.17 61.89 185.28
870.0 0.011112 0.031805 0.18 55.7 193.7
871.0 0.011117 0.02923 0.2 49.28 203.12
872.0 0.011116 0.027162 0.21 43.38 210.68
873.0 0.011113 0.026475 0.21 37.85 224.42
874.0 0.011111 0.025906 0.22 32.24 236.74
875.0 0.011114 0.025293 0.23 27.09 242.07
876.0 0.011117 0.02249 0.23 21.96 247.06
877.0 0.011114 0.021978 0.23 16.13 258.17
878.0 0.011111 0.020403 0.24 10.13 274.69
879.0 0.011116 0.019129 0.23 4.58 278.99
880.0 0.011115 0.018151 0.23 358.92 285.06
881.0 0.011113 0.016255 0.23 353.73 295.27
882.0 0.011113 0.014741 0.23 348.19 302.76
883.0 0.011115 0.013078 0.22 342.36 307.71
884.0 0.011113 0.012093 0.21 337.4 321.21
885.0 0.011112 0.011651 0.21 332.57 329.49
886.0 0.011116 0.010357 0.2 327.31 319.2
887.0 0.011117 0.008655 0.18 322.09 333.8
888.0 0.011112 0.00706 0.17 316.99 344.91
889.0 0.011114 0.007653 0.15 312.24 339.46
890.0 0.011111 0.005487 0.14 306.16 354.2
891.0 0.011115 0.006072 0.12 300.5 340.8
892.0 0.011114 0.005131 0.1 294.14 344.41
893.0 0.011111 0.00356 0.08 286.53 355.43
894.0 0.011114 0.005136 0.06 277.39 0.25
895.0 0.011116 0.004561 0.04 265.7 3.26
896.0 0.011113 0.004849 0.02 243.42 18.94
897.0 0.011114 0.004821 0.02 183.29 70.03
898.0 0.011114 0.003656 0.02 123.81 122.32
899.0 0.011114 0.004818 0.04 103.73 153.81
900.0 0.011113 0.005439 0.06 90.27 160.1
901.0 0.011113 0.005788 0.08 80.78 160.25
902.0 0.011115 0.007115 0.1 73.42 164.63
903.0 0.011111 0.006434 0.12 67.09 158.16
904.0 0.011113 0.007828 0.14 60.57 174.23
905.0 0.011116 0.009983 0.16 54.63 187.92
906.0 0.011117 0.011456 0.18 50.18 177.26
907.0 0.011112 0.013289 0.2 44.76 184.54
908.0 0.011114 0.016805 0.21 38.99 196.03
909.0 0.011114 0.018877 0.23 34.22 201.47
910.0 0.011115 0.021638 0.24 29.42 215.96
911.0 0.011113 0.022589 0.25 24.18 223.13
912.0 0.011111 0.025968 0.27 18.8 230.13
913.0 0.011114 0.026929 0.27 13.59 244.02
914.0 0.011114 0.029266 0.28 8.75 255.81
915.0 0.011115 0.030058 0.28 3.62 267.33
916.0 0.011113 0.032691 0.29 358.9 275.43
917.0 0.011113 0.035453 0.29 354.06 286.14
918.0 0.011113 0.035192 0.29 349.37 296.98
919.0 0.011113 0.036719 0.29 344.2 309.35
920.0 0.011113 0.03775 0.29 339.17 322.79
921.0 0.011113 0.038253 0.29 334.03 334.43
922.0 0.011112 0.038272 0.28 329.35 345.12
923.0 0.011114 0.037555 0.27 325.06 357.74
924.0 0.011113 0.037191 0.26 320.82 9.21
925.0 0.011112 0.037114 0.25 316.01 19.32
926.0 0.011115 0.034285 0.24 310.99 31.13
927.0 0.011115 0.033131 0.23 306.56 39.26
928.0 0.011115 0.032379 0.21 301.91 51.73
929.0 0.011112 0.031627 0.2 297.5 63.3
930.0 0.011114 0.028935 0.18 294.15 73.15
931.0 0.011117 0.026974 0.16 290.61 80.95
932.0 0.011112 0.026433 0.14 287.5 95.01
933.0 0.011113 0.024327 0.13 284.43 103.13
934.0 0.011116 0.02096 0.1 282.46 107.13
935.0 0.011114 0.0207 0.09 283.09 117.95
936.0 0.011111 0.020917 0.07 286.41 118.7
937.0 0.011114 0.018063 0.05 293.19 114.57
938.0 0.011113 0.017229 0.04 314.0 104.44
939.0 0.011114 0.015859 0.04 338.22 87.12
940.0 0.011114 0.013741 0.05 357.09 73.87
941.0 0.01111 0.015085 0.07 8.91 73.32
942.0 0.011117 0.011556 0.09 11.26 72.75
943.0 0.011113 0.011465 0.1 12.61 83.88
944.0 0.011112 0.010677 0.12 11.58 97.54
945.0 0.011113 0.00904 0.14 9.26 111.55
946.0 0.011111 0.010892 0.16 6.06 124.3
947.0 0.011117 0.006588 0.17 2.96 146.77
948.0 0.011112 0.009323 0.19 358.31 166.75
949.0 0.011114 0.009309 0.2 354.39 187.64
950.0 0.011115 0.01027 0.21 349.74 204.24
951.0 0.011112 0.011066 0.22 344.79 212.36
952.0 0.011115 0.009877 0.23 339.92 236.96
953.0 0.011112 0.013437 0.24 335.23 244.34
954.0 0.011115 0.013668 0.25 329.81 264.34
955.0 0.011111 0.015651 0.25 325.15 270.51
956.0 0.011112 0.015921 0.26 320.25 281.29
957.0 0.011116 0.015598 0.26 314.99 300.97
958.0 0.011113 0.020244 0.26 310.09 306.88
959.0 0.011113 0.020528 0.26 305.08 322.46
960.0 0.011114 0.020968 0.26 299.95 333.76
961.0 0.011112 0.024911 0.25 294.03 344.75
962.0 0.011114 0.024832 0.24 289.01 1.51
963.0 0.011114 0.025746 0.23 283.72 14.92
964.0 0.011112 0.028854 0.23 278.33 26.8
965.0 0.011111 0.030727 0.22 272.66 34.67
966.0 0.011113 0.031105 0.2 266.38 54.41
967.0 0.011115 0.031332 0.19 259.71 71.56
968.0 0.011114 0.032506 0.17 253.5 83.29
969.0 0.011114 0.033863 0.16 246.03 100.38
970.0 0.011114 0.034395 0.14 238.72 117.42
971.0 0.011119 0.033733 0.13 231.09 131.01
972.0 0.011113 0.03489 0.11 222.94 148.66
973.0 0.011113 0.033439 0.09 214.42 166.85
974.0 0.011114 0.032075 0.07 202.93 188.95
975.0 0.011116 0.029378 0.06 186.25 211.98
976.0 0.011114 0.029954 0.05 162.67 245.3
977.0 0.011113 0.028184 0.04 129.17 293.14
978.0 0.011111 0.028352 0.05 98.24 327.88
979.0 0.011115 0.024273 0.06 77.41 357.64
980.0 0.011116 0.021823 0.07 60.11 19.3
981.0 0.011117 0.020414 0.08 48.44 48.25
982.0 0.01111 0.020277 0.1 39.0 66.98
983.0 0.011115 0.016003 0.12 29.26 82.91
984.0 0.011115 0.014911 0.13 21.54 101.64
985.0 0.011113 0.013482 0.15 13.3 128.55
986.0 0.011112 0.012238 0.16 6.71 147.59
987.0 0.011114 0.008812 0.17 0.53 166.99
988.0 0.011113 0.010216 0.18 354.47 195.02
989.0 0.011112 0.009346 0.19 348.16 217.31
990.0 0.011115 0.007185 0.2 341.54 254.58
991.0 0.011114 0.009276 0.21 335.82 274.2
992.0 0.011114 0.012048 0.21 330.34 285.91
993.0 0.011114 0.01048 0.22 324.4 311.32
994.0 0.011116 0.010307 0.22 318.79 332.85
995.0 0.011113 0.013602 0.22 312.42 345.01
996.0 0.011113 0.014987 0.22 306.72 357.87
997.0 0.011114 0.014555 0.22 300.94 11.41
998.0 0.011111 0.017112 0.21 294.65 20.03
999.0 0.011115 0.015866 0.21 288.23 37.89
1000.0 0.01112 0.016254 0.2 281.86 48.36
