0.0 0.02144 0.006391 0.06 327.35 265.27
1.0 0.021444 0.004017 0.05 326.88 254.18
2.0 0.021439 0.007253 0.05 326.49 227.23
3.0 0.021451 0.008489 0.05 326.9 284.99
4.0 0.021452 0.005132 0.05 328.41 196.01
5.0 0.021457 0.014721 0.04 328.84 340.56
6.0 0.021437 0.015485 0.04 331.76 302.79
7.0 0.021446 0.017245 0.04 336.18 6.36
8.0 0.021448 0.017765 0.04 339.99 334.69
9.0 0.021447 0.018236 0.04 343.75 31.22
10.0 0.021453 0.014636 0.04 347.55 353.88
11.0 0.021446 0.012254 0.04 350.01 79.48
12.0 0.021443 0.016362 0.05 352.84 34.99
13.0 0.021432 0.013447 0.05 354.61 94.44
14.0 0.02145 0.004609 0.05 355.8 33.92
15.0 0.021441 0.011347 0.05 355.71 98.28
16.0 0.02145 0.006668 0.06 355.09 310.18
17.0 0.02144 0.002282 0.06 354.46 186.9
18.0 0.02144 0.014237 0.06 352.65 311.79
19.0 0.021445 0.006007 0.06 351.01 329.54
20.0 0.021431 0.016855 0.07 348.84 325.85
21.0 0.021437 0.015293 0.07 346.42 14.94
22.0 0.021435 0.01522 0.07 343.48 23.11
23.0 0.021438 0.012046 0.07 340.68 38.34
24.0 0.021439 0.012522 0.07 338.02 35.36
25.0 0.021441 0.024052 0.07 334.81 65.97
26.0 0.021452 0.013691 0.07 331.67 73.86
27.0 0.02144 0.025403 0.07 327.98 87.84
28.0 0.021431 0.021058 0.07 324.29 113.77
29.0 0.021439 0.013291 0.06 320.69 115.18
30.0 0.021431 0.016712 0.06 317.08 119.9
31.0 0.021432 0.016125 0.06 313.46 129.15
32.0 0.021423 0.012243 0.05 309.93 140.68
33.0 0.021426 0.01112 0.05 305.96 161.71
34.0 0.021426 0.014652 0.04 303.13 184.39
35.0 0.021417 0.016334 0.03 299.66 186.74
36.0 0.02142 0.01307 0.03 295.77 186.64
37.0 0.021418 0.010623 0.02 293.57 217.32
38.0 0.021417 0.01101 0.01 292.82 210.05
39.0 0.02142 0.009928 0.01 296.32 207.32
40.0 0.02141 0.014498 0.0 54.55 114.98
41.0 0.021419 0.015336 0.01 81.66 82.22
42.0 0.021427 0.009545 0.02 82.55 95.62
43.0 0.02141 0.01421 0.03 81.57 123.8
44.0 0.021408 0.014471 0.04 77.98 130.82
45.0 0.021409 0.011838 0.04 74.64 131.67
46.0 0.021425 0.007657 0.05 71.15 144.65
47.0 0.021415 0.005623 0.06 67.66 193.53
48.0 0.021425 0.00815 0.07 63.74 246.54
49.0 0.021435 0.009044 0.08 60.07 269.89
50.0 0.021428 0.010138 0.09 56.05 270.31
51.0 0.02143 0.00998 0.09 51.95 284.73
52.0 0.021426 0.01483 0.1 48.09 303.66
53.0 0.021412 0.019256 0.11 43.99 317.77
54.0 0.021409 0.022114 0.12 39.92 329.77
55.0 0.021401 0.022013 0.12 35.81 336.41
56.0 0.021402 0.020931 0.13 32.05 347.01
57.0 0.021411 0.021201 0.13 27.72 2.55
58.0 0.02141 0.025084 0.14 24.01 16.36
59.0 0.021405 0.025445 0.14 20.43 23.9
60.0 0.021396 0.024025 0.15 16.56 29.65
61.0 0.021419 0.021958 0.15 13.03 41.87
62.0 0.021402 0.026273 0.15 9.39 51.4
63.0 0.021411 0.022688 0.15 5.78 57.29
64.0 0.021408 0.025015 0.15 2.08 74.91
65.0 0.021421 0.022188 0.15 357.98 77.01
66.0 0.021424 0.021218 0.15 354.61 100.82
67.0 0.021431 0.025255 0.15 350.75 104.91
68.0 0.021427 0.023296 0.15 347.58 106.27
69.0 0.021421 0.017684 0.15 344.31 123.16
70.0 0.021426 0.022059 0.15 341.07 127.75
71.0 0.021413 0.021004 0.14 337.93 121.42
72.0 0.021416 0.015839 0.14 335.28 123.78
73.0 0.021428 0.017493 0.14 332.8 123.34
74.0 0.021431 0.027724 0.13 330.17 136.76
75.0 0.021437 0.022834 0.13 327.51 145.44
76.0 0.021429 0.023646 0.13 325.44 142.96
77.0 0.021431 0.022747 0.12 323.49 146.95
78.0 0.021422 0.030444 0.11 321.6 151.8
79.0 0.021434 0.033792 0.11 320.26 169.41
80.0 0.021428 0.028986 0.1 318.97 184.0
81.0 0.021424 0.031483 0.1 318.2 187.01
82.0 0.021414 0.032138 0.09 317.45 181.95
83.0 0.021416 0.025621 0.09 316.39 205.57
84.0 0.021374 0.022591 0.09 315.85 210.39
85.0 0.021368 0.02051 0.08 316.26 208.31
86.0 0.021409 0.031895 0.08 316.71 210.0
87.0 0.021362 0.023199 0.08 317.7 199.13
88.0 0.021425 0.031013 0.07 318.74 204.78
89.0 0.021382 0.027511 0.07 319.24 221.41
90.0 0.021362 0.02469 0.07 319.84 230.52
91.0 0.021385 0.025379 0.07 319.81 273.41
92.0 0.021395 0.031244 0.07 319.89 274.31
93.0 0.021362 0.022549 0.07 319.8 284.31
94.0 0.021422 0.030957 0.07 318.8 285.33
95.0 0.021411 0.027012 0.07 317.9 305.85
96.0 0.021426 0.030971 0.07 316.31 319.4
97.0 0.021422 0.029743 0.07 314.85 325.93
98.0 0.021431 0.028338 0.07 313.09 347.69
99.0 0.021425 0.024576 0.07 311.22 341.21
100.0 0.021443 0.030969 0.06 308.51 349.51
101.0 0.021429 0.023053 0.06 306.46 14.37
102.0 0.021426 0.017557 0.06 303.59 15.36
103.0 0.021423 0.020616 0.06 300.77 8.99
104.0 0.021419 0.016295 0.05 296.81 17.04
105.0 0.021418 0.015939 0.05 293.68 35.02
106.0 0.021394 0.015947 0.04 289.19 50.79
107.0 0.021403 0.018549 0.04 283.49 57.98
108.0 0.021405 0.016705 0.03 277.65 57.26
109.0 0.021398 0.013949 0.03 271.42 70.28
110.0 0.021404 0.0209 0.02 258.18 84.85
111.0 0.021394 0.015919 0.02 236.17 125.26
112.0 0.021402 0.0172 0.01 204.08 155.87
113.0 0.021398 0.019213 0.01 156.01 202.5
114.0 0.021401 0.016012 0.02 136.52 239.63
115.0 0.021397 0.015561 0.02 115.27 262.4
116.0 0.021392 0.021829 0.03 108.14 272.61
117.0 0.021399 0.018731 0.04 96.24 307.7
118.0 0.021396 0.020784 0.05 92.51 299.98
119.0 0.021382 0.0254 0.05 82.82 332.52
120.0 0.021399 0.021646 0.06 80.28 331.32
121.0 0.021378 0.025431 0.07 73.72 353.71
122.0 0.021397 0.030475 0.08 66.57 11.74
123.0 0.021397 0.02567 0.09 63.68 18.19
124.0 0.021393 0.032959 0.1 59.21 29.4
125.0 0.021399 0.030814 0.1 55.03 50.6
126.0 0.021399 0.035554 0.11 50.65 57.61
127.0 0.021395 0.031791 0.12 46.12 66.86
128.0 0.021396 0.037739 0.12 41.9 86.98
129.0 0.021396 0.03691 0.13 37.38 94.4
130.0 0.021412 0.034631 0.13 32.57 115.72
131.0 0.021399 0.040439 0.14 28.57 125.92
132.0 0.021407 0.035533 0.14 24.81 137.4
133.0 0.0214 0.039696 0.14 20.78 145.38
134.0 0.021394 0.039129 0.14 16.9 156.82
135.0 0.021406 0.036189 0.15 13.29 163.2
136.0 0.021401 0.039627 0.15 9.75 180.0
137.0 0.021418 0.034578 0.15 6.29 192.3
138.0 0.021404 0.036997 0.15 2.62 200.8
139.0 0.021407 0.035352 0.15 359.09 213.23
140.0 0.021407 0.03523 0.14 355.78 223.43
141.0 0.021408 0.037281 0.14 352.6 226.16
142.0 0.021408 0.038721 0.14 349.3 237.32
143.0 0.021408 0.038236 0.13 346.39 245.81
144.0 0.021428 0.034387 0.13 343.49 249.78
145.0 0.021401 0.034796 0.12 340.77 262.86
146.0 0.021412 0.031354 0.12 338.53 274.64
147.0 0.02142 0.033355 0.11 336.57 280.22
148.0 0.021427 0.032268 0.11 334.53 280.0
149.0 0.02143 0.034459 0.1 333.26 288.59
150.0 0.021432 0.025259 0.1 332.16 306.48
151.0 0.021452 0.020138 0.09 331.85 291.3
152.0 0.021437 0.024739 0.08 332.3 312.26
153.0 0.021441 0.019126 0.08 332.93 328.59
154.0 0.021419 0.017472 0.07 334.45 321.59
155.0 0.021435 0.016368 0.07 337.15 308.49
156.0 0.021439 0.015318 0.06 340.89 298.68
157.0 0.021426 0.012228 0.06 345.22 293.19
158.0 0.021426 0.010863 0.06 349.8 283.33
159.0 0.021443 0.02037 0.06 355.37 274.32
160.0 0.021451 0.018557 0.06 0.1 288.27
161.0 0.021431 0.015981 0.06 4.72 270.98
162.0 0.02143 0.016315 0.06 7.93 261.68
163.0 0.021438 0.017067 0.07 10.66 269.52
164.0 0.021447 0.024055 0.07 12.68 262.89
165.0 0.021479 0.032214 0.08 13.98 300.57
166.0 0.021437 0.044054 0.08 14.36 295.62
167.0 0.021482 0.029388 0.08 14.27 317.32
168.0 0.02146 0.022902 0.09 13.68 9.52
169.0 0.02146 0.023582 0.09 13.12 1.35
170.0 0.021429 0.020499 0.1 12.49 19.86
171.0 0.021433 0.019183 0.1 11.5 28.53
172.0 0.021444 0.019364 0.1 10.56 36.3
173.0 0.021437 0.012961 0.1 9.43 59.55
174.0 0.021454 0.005758 0.11 8.44 352.72
175.0 0.021467 0.009419 0.11 7.3 34.86
176.0 0.021433 0.007255 0.11 6.36 280.31
177.0 0.02142 0.007355 0.11 5.37 287.68
178.0 0.021422 0.011105 0.11 4.65 296.98
179.0 0.021453 0.017554 0.11 4.18 342.05
180.0 0.021452 0.015839 0.11 3.71 349.74
181.0 0.021468 0.011088 0.11 3.38 1.68
182.0 0.021485 0.02641 0.11 3.13 58.59
183.0 0.021442 0.042507 0.11 3.1 73.46
184.0 0.021482 0.025879 0.11 3.37 71.54
185.0 0.021469 0.006591 0.11 3.58 53.26
186.0 0.02145 0.0079 0.11 4.22 139.66
187.0 0.021445 0.004476 0.11 4.96 164.85
188.0 0.021459 0.006673 0.11 6.02 48.64
189.0 0.021462 0.00767 0.12 6.63 113.0
190.0 0.021454 0.021398 0.12 7.33 50.0
191.0 0.021456 0.014445 0.12 7.92 63.56
192.0 0.021445 0.019808 0.13 8.17 51.07
193.0 0.021441 0.019738 0.13 8.46 76.66
194.0 0.021448 0.022055 0.14 8.42 89.53
195.0 0.021421 0.027117 0.14 8.02 95.55
196.0 0.021454 0.026096 0.15 7.46 99.44
197.0 0.021452 0.023744 0.16 6.35 117.12
198.0 0.021432 0.028048 0.16 5.02 137.9
199.0 0.021445 0.02279 0.17 3.46 152.73
200.0 0.021462 0.027562 0.18 1.71 144.86
201.0 0.021469 0.005878 0.18 0.1 157.65
202.0 0.021467 0.012605 0.19 358.19 199.72
203.0 0.021487 0.023156 0.19 356.39 144.77
204.0 0.021455 0.033255 0.2 354.07 125.53
205.0 0.021458 0.033893 0.2 351.35 145.6
206.0 0.021429 0.034063 0.21 348.59 162.01
207.0 0.021504 0.019931 0.21 345.88 169.36
208.0 0.021454 0.031137 0.21 343.17 143.22
209.0 0.02151 0.019165 0.22 340.28 147.87
210.0 0.021434 0.027338 0.22 337.62 121.0
211.0 0.021424 0.028745 0.22 334.3 147.52
212.0 0.021468 0.025634 0.22 330.94 180.03
213.0 0.021426 0.033838 0.22 327.78 194.91
214.0 0.021427 0.035136 0.22 324.79 198.18
215.0 0.021425 0.030267 0.22 321.48 221.96
216.0 0.021364 0.030883 0.22 317.61 243.37
217.0 0.021375 0.028055 0.22 314.27 248.87
218.0 0.021399 0.029154 0.22 311.48 241.77
219.0 0.021361 0.02331 0.21 307.67 251.46
220.0 0.021395 0.025808 0.21 305.27 251.53
221.0 0.021369 0.015014 0.21 301.08 267.07
222.0 0.021388 0.021379 0.2 299.03 252.26
223.0 0.02138 0.013924 0.2 295.34 275.28
224.0 0.021374 0.008799 0.2 291.96 288.47
225.0 0.021388 0.014617 0.19 290.24 261.11
226.0 0.02137 0.00757 0.18 287.02 297.01
227.0 0.021376 0.004361 0.18 284.04 6.65
228.0 0.021393 0.005845 0.17 282.71 150.16
229.0 0.021384 0.010676 0.17 279.74 119.72
230.0 0.021378 0.012225 0.16 275.67 101.79
231.0 0.021386 0.018951 0.16 273.12 114.73
232.0 0.021388 0.021634 0.15 268.86 111.61
233.0 0.021382 0.020701 0.14 264.05 113.34
234.0 0.021396 0.026471 0.13 259.89 120.92
235.0 0.021406 0.03126 0.12 255.4 119.57
236.0 0.021376 0.029171 0.11 251.02 119.22
237.0 0.021388 0.034768 0.1 245.55 120.24
238.0 0.021383 0.034795 0.08 240.79 114.5
239.0 0.021379 0.036382 0.07 236.21 110.3
240.0 0.021389 0.037807 0.06 230.58 107.85
241.0 0.021371 0.033017 0.05 228.07 100.1
242.0 0.02139 0.03624 0.03 223.68 92.48
243.0 0.021363 0.028922 0.02 228.02 80.73
244.0 0.021391 0.033526 0.01 228.67 72.07
245.0 0.02137 0.029107 0.0 316.03 334.92
246.0 0.021371 0.029098 0.01 1.35 277.83
247.0 0.021391 0.030366 0.02 5.87 265.56
248.0 0.021373 0.023966 0.03 3.32 264.4
249.0 0.02138 0.023637 0.03 1.99 255.94
250.0 0.021389 0.028834 0.04 1.78 249.38
251.0 0.021385 0.025094 0.04 0.63 247.4
252.0 0.021382 0.019649 0.04 0.36 242.96
253.0 0.021385 0.021876 0.05 359.52 227.48
254.0 0.021382 0.01559 0.05 0.07 216.44
255.0 0.021371 0.00792 0.05 0.83 217.66
256.0 0.021392 0.008251 0.05 1.86 168.27
257.0 0.021386 0.005613 0.06 2.17 122.82
258.0 0.021368 0.004057 0.06 1.5 344.91
259.0 0.021376 0.001224 0.06 3.14 16.57
260.0 0.021388 0.006835 0.07 5.01 159.34
261.0 0.021388 0.001862 0.07 5.19 81.61
262.0 0.021391 0.007446 0.08 6.34 71.78
263.0 0.021401 0.014926 0.08 7.09 70.47
264.0 0.021373 0.009674 0.08 5.27 51.07
265.0 0.021376 0.016501 0.09 6.12 67.23
266.0 0.021392 0.023251 0.1 6.5 69.13
267.0 0.021372 0.024622 0.1 4.72 50.84
268.0 0.021399 0.034598 0.11 4.43 56.23
269.0 0.021364 0.027716 0.12 1.54 45.45
270.0 0.021371 0.029186 0.12 359.77 43.86
271.0 0.0214 0.038101 0.13 358.69 49.33
272.0 0.021369 0.03276 0.14 355.09 45.3
273.0 0.02139 0.039664 0.15 352.83 53.46
274.0 0.02139 0.036838 0.15 349.44 52.73
275.0 0.021363 0.03616 0.16 345.76 55.27
276.0 0.021387 0.046362 0.17 343.42 55.84
277.0 0.021357 0.03972 0.17 339.36 56.73
278.0 0.021379 0.044047 0.18 336.46 57.26
279.0 0.021374 0.045686 0.18 333.03 59.32
280.0 0.021353 0.037265 0.18 328.55 67.03
281.0 0.021397 0.045313 0.19 325.81 67.45
282.0 0.021357 0.03775 0.19 321.11 76.34
283.0 0.021372 0.039843 0.2 317.7 75.99
284.0 0.021375 0.034839 0.2 313.55 80.91
285.0 0.021385 0.0292 0.2 309.67 74.46
286.0 0.021384 0.034256 0.2 305.9 73.73
287.0 0.021367 0.020785 0.2 300.96 79.66
288.0 0.021387 0.021622 0.21 297.42 63.8
289.0 0.021376 0.021088 0.21 293.17 63.01
290.0 0.021365 0.012596 0.2 287.92 73.68
291.0 0.021371 0.013565 0.2 283.8 59.52
292.0 0.021384 0.017984 0.2 280.19 63.34
293.0 0.021387 0.021176 0.19 276.45 45.96
294.0 0.021372 0.016447 0.19 270.94 47.09
295.0 0.021369 0.014484 0.19 266.22 38.39
296.0 0.021375 0.02395 0.18 262.25 48.74
297.0 0.021397 0.025525 0.17 257.92 53.54
298.0 0.02137 0.019495 0.17 251.24 75.45
299.0 0.02136 0.01652 0.16 245.78 89.25
300.0 0.021368 0.021216 0.15 240.4 88.9
301.0 0.021381 0.031589 0.14 233.13 102.0
302.0 0.021375 0.023603 0.13 228.37 104.4
303.0 0.021359 0.020164 0.12 223.48 112.19
304.0 0.021371 0.025365 0.11 215.71 116.91
305.0 0.0214 0.031136 0.1 205.31 131.45
306.0 0.021374 0.023983 0.09 199.7 132.75
307.0 0.021364 0.023788 0.08 190.83 140.84
308.0 0.021393 0.027091 0.07 175.9 158.57
309.0 0.021372 0.022717 0.06 165.02 163.19
310.0 0.021377 0.020462 0.05 148.27 179.82
311.0 0.021389 0.01655 0.05 129.23 170.96
312.0 0.021373 0.011614 0.05 113.12 191.14
313.0 0.021379 0.004976 0.05 94.42 169.75
314.0 0.021375 0.004823 0.05 81.9 126.94
315.0 0.02138 0.008611 0.05 66.68 106.19
316.0 0.021377 0.013969 0.05 59.63 71.64
317.0 0.021381 0.02108 0.06 51.34 85.46
318.0 0.021379 0.022433 0.06 47.32 68.5
319.0 0.021385 0.033401 0.06 42.73 76.17
320.0 0.021379 0.029255 0.07 39.91 73.81
321.0 0.02139 0.035325 0.07 36.26 72.27
322.0 0.02137 0.039578 0.08 33.74 73.59
323.0 0.021386 0.038923 0.09 31.21 72.53
324.0 0.021394 0.042317 0.09 28.28 66.01
325.0 0.021362 0.039676 0.1 24.25 67.79
326.0 0.021401 0.042937 0.11 21.96 72.95
327.0 0.021378 0.038099 0.12 18.03 65.54
328.0 0.02138 0.038703 0.12 14.83 63.15
329.0 0.021379 0.033945 0.13 10.82 66.11
330.0 0.021398 0.027122 0.14 6.46 56.12
331.0 0.02138 0.023894 0.14 1.96 56.54
332.0 0.021382 0.016818 0.15 357.46 54.98
333.0 0.021384 0.007842 0.15 353.41 60.66
334.0 0.021377 0.00128 0.15 349.55 34.35
335.0 0.021389 0.006784 0.15 346.43 256.79
336.0 0.021378 0.009358 0.15 344.36 232.69
337.0 0.021384 0.01282 0.15 342.59 221.13
338.0 0.021391 0.019822 0.15 340.79 216.64
339.0 0.021372 0.027854 0.15 338.99 213.26
340.0 0.021372 0.028372 0.15 336.71 211.5
341.0 0.02138 0.031309 0.16 334.56 211.24
342.0 0.021392 0.034602 0.16 332.06 205.7
343.0 0.021373 0.033915 0.16 329.05 197.97
344.0 0.021375 0.039987 0.17 326.18 198.72
345.0 0.021368 0.035625 0.17 323.02 196.01
346.0 0.021384 0.033663 0.17 319.83 189.14
347.0 0.021382 0.033448 0.17 316.96 180.66
348.0 0.021368 0.028869 0.17 314.32 178.96
349.0 0.021388 0.028516 0.17 311.44 171.58
350.0 0.021378 0.019432 0.17 309.44 164.92
351.0 0.021381 0.015714 0.17 307.52 149.09
352.0 0.021388 0.01703 0.17 305.58 133.46
353.0 0.021387 0.011606 0.18 303.27 116.79
354.0 0.021381 0.003863 0.18 300.07 96.11
355.0 0.021379 0.009285 0.19 297.27 38.03
356.0 0.021384 0.012547 0.19 293.43 29.53
357.0 0.02138 0.012275 0.2 288.75 3.33
358.0 0.021387 0.016857 0.2 283.86 348.44
359.0 0.02138 0.022813 0.2 278.66 336.6
360.0 0.021379 0.026273 0.2 273.38 336.41
361.0 0.021387 0.026733 0.2 268.38 328.72
362.0 0.021382 0.027622 0.19 263.76 319.5
363.0 0.021378 0.027391 0.19 259.67 310.38
364.0 0.021381 0.030005 0.18 255.52 302.85
365.0 0.021384 0.030015 0.18 251.95 295.27
366.0 0.021373 0.030471 0.18 248.5 288.32
367.0 0.021373 0.028248 0.18 245.18 279.56
368.0 0.021376 0.029032 0.17 241.62 273.27
369.0 0.021376 0.024659 0.17 237.6 270.31
370.0 0.02138 0.019733 0.18 233.36 256.64
371.0 0.021382 0.024868 0.18 229.32 243.26
372.0 0.021381 0.0218 0.18 224.11 236.64
373.0 0.021374 0.01789 0.18 218.32 225.32
374.0 0.021384 0.017934 0.18 212.34 206.21
375.0 0.021392 0.021577 0.18 205.24 190.62
376.0 0.021385 0.021399 0.18 197.71 186.67
377.0 0.021381 0.020508 0.18 189.81 164.55
378.0 0.021378 0.022873 0.17 181.88 158.52
379.0 0.021394 0.022585 0.17 174.21 152.9
380.0 0.021385 0.019863 0.16 167.63 140.1
381.0 0.021384 0.023467 0.15 160.47 125.32
382.0 0.021374 0.023338 0.15 154.28 114.73
383.0 0.02136 0.023142 0.14 148.33 109.51
384.0 0.021401 0.025827 0.13 141.18 112.66
385.0 0.021379 0.020961 0.13 136.28 98.3
386.0 0.021389 0.024663 0.13 130.27 92.11
387.0 0.021377 0.026345 0.12 124.93 87.69
388.0 0.021382 0.024674 0.12 119.88 81.37
389.0 0.021382 0.022804 0.12 115.23 68.46
390.0 0.021377 0.026346 0.12 110.66 61.69
391.0 0.021398 0.033015 0.12 106.01 63.33
392.0 0.021376 0.023677 0.12 100.04 63.42
393.0 0.021383 0.023319 0.12 95.07 55.29
394.0 0.021396 0.030302 0.12 90.56 47.04
395.0 0.021374 0.024783 0.13 83.86 51.08
396.0 0.021387 0.020617 0.13 78.09 45.66
397.0 0.021378 0.019757 0.13 72.05 28.13
398.0 0.021375 0.014268 0.13 65.37 23.23
399.0 0.021384 0.01348 0.13 59.07 8.23
400.0 0.021384 0.009895 0.13 53.16 331.04
401.0 0.021371 0.00701 0.13 47.67 300.88
402.0 0.02138 0.014461 0.13 42.43 320.14
403.0 0.021387 0.012789 0.12 37.19 304.34
404.0 0.021372 0.01528 0.12 32.34 278.18
405.0 0.021381 0.022407 0.12 27.23 277.54
406.0 0.021388 0.028187 0.11 22.54 279.77
407.0 0.021386 0.027293 0.11 19.11 270.09
408.0 0.021375 0.030294 0.11 16.31 261.5
409.0 0.021375 0.037364 0.1 13.09 262.07
410.0 0.021387 0.039768 0.1 10.57 261.51
411.0 0.02139 0.035274 0.1 8.51 256.9
412.0 0.021393 0.038953 0.09 6.63 247.49
413.0 0.021372 0.036005 0.09 4.37 248.36
414.0 0.021382 0.036748 0.09 2.33 246.05
415.0 0.021386 0.025883 0.09 0.24 242.14
416.0 0.02137 0.023291 0.09 358.04 238.92
417.0 0.021386 0.027924 0.09 355.84 233.75
418.0 0.021364 0.01959 0.08 353.56 248.27
419.0 0.021367 0.014108 0.08 351.0 250.81
420.0 0.021399 0.014845 0.08 348.45 223.45
421.0 0.021376 0.011227 0.08 345.98 228.39
422.0 0.021368 0.006695 0.08 344.08 269.55
423.0 0.021372 0.001864 0.08 340.7 245.15
424.0 0.021403 0.009412 0.08 337.18 126.02
425.0 0.02138 0.005887 0.07 335.68 89.21
426.0 0.021372 0.009417 0.07 334.09 62.37
427.0 0.021391 0.016656 0.07 331.2 77.85
428.0 0.021374 0.023534 0.07 329.21 68.82
429.0 0.021373 0.022439 0.07 327.03 59.93
430.0 0.02139 0.029289 0.06 324.67 69.98
431.0 0.021388 0.02955 0.06 322.21 56.58
432.0 0.021378 0.033603 0.06 319.03 54.62
433.0 0.021391 0.041195 0.06 316.7 60.54
434.0 0.021386 0.035024 0.06 311.51 57.79
435.0 0.021387 0.043045 0.06 308.23 51.08
436.0 0.02137 0.038078 0.06 300.61 58.52
437.0 0.021394 0.040748 0.06 295.14 57.97
438.0 0.021377 0.033821 0.05 285.32 59.64
439.0 0.021397 0.036307 0.05 277.63 51.99
440.0 0.021359 0.030904 0.05 264.28 63.11
441.0 0.021384 0.032777 0.05 254.1 67.06
442.0 0.021376 0.027357 0.05 240.26 70.14
443.0 0.02138 0.027337 0.05 227.01 76.02
444.0 0.021384 0.022436 0.05 214.04 81.97
445.0 0.021368 0.019158 0.06 201.09 73.68
446.0 0.021388 0.025241 0.06 190.47 69.27
447.0 0.021361 0.019894 0.07 176.7 77.48
448.0 0.021377 0.021489 0.08 167.27 75.09
449.0 0.021382 0.019727 0.09 158.26 68.68
450.0 0.021371 0.014539 0.09 147.31 70.7
451.0 0.021385 0.01888 0.1 140.34 67.42
452.0 0.021385 0.023064 0.11 133.32 72.54
453.0 0.021379 0.012121 0.12 123.8 85.84
454.0 0.021363 0.007335 0.13 115.73 92.59
455.0 0.021376 0.011892 0.14 110.52 85.17
456.0 0.021382 0.019595 0.14 104.99 106.63
457.0 0.02139 0.017117 0.15 99.84 103.47
458.0 0.021378 0.009593 0.16 93.18 128.13
459.0 0.02136 0.007134 0.17 87.95 140.11
460.0 0.02137 0.01018 0.18 83.04 138.7
461.0 0.021379 0.015681 0.18 76.32 154.75
462.0 0.021397 0.014724 0.18 71.62 128.81
463.0 0.02137 0.007963 0.19 67.94 157.43
464.0 0.021367 0.004204 0.19 63.77 113.6
465.0 0.021396 0.012395 0.19 59.05 83.22
466.0 0.021377 0.007764 0.2 54.78 82.53
467.0 0.021382 0.003604 0.21 51.06 77.41
468.0 0.021379 0.005948 0.21 45.7 99.63
469.0 0.021391 0.01157 0.21 40.27 100.02
470.0 0.021377 0.013077 0.21 36.98 65.68
471.0 0.021386 0.023262 0.2 32.64 69.48
472.0 0.021394 0.022293 0.2 29.52 66.21
473.0 0.021374 0.019188 0.2 26.59 53.53
474.0 0.021387 0.029134 0.2 22.1 67.56
475.0 0.021381 0.034015 0.2 18.82 70.94
476.0 0.02138 0.032858 0.19 15.89 69.83
477.0 0.02139 0.042658 0.19 12.65 65.24
478.0 0.02136 0.035442 0.19 10.2 70.96
479.0 0.021401 0.039305 0.18 6.46 75.41
480.0 0.021376 0.044136 0.18 3.91 77.79
481.0 0.021373 0.042976 0.17 1.43 78.5
482.0 0.021384 0.046675 0.17 358.98 73.23
483.0 0.021363 0.043164 0.16 357.25 72.93
484.0 0.021418 0.041708 0.16 355.41 67.07
485.0 0.021361 0.036888 0.16 353.45 80.11
486.0 0.021366 0.039169 0.15 351.24 83.78
487.0 0.021408 0.039821 0.15 348.73 83.3
488.0 0.021387 0.042772 0.15 346.69 101.14
489.0 0.02142 0.040717 0.14 344.81 107.67
490.0 0.021401 0.039858 0.14 343.07 126.18
491.0 0.0214 0.041335 0.14 341.28 128.09
492.0 0.02141 0.038744 0.14 339.35 126.52
493.0 0.021412 0.037126 0.13 337.9 140.56
494.0 0.021447 0.019122 0.13 336.26 147.85
495.0 0.021427 0.017828 0.13 334.37 157.83
496.0 0.02143 0.014591 0.13 332.39 161.5
497.0 0.02144 0.01608 0.12 330.61 175.54
498.0 0.021441 0.012527 0.12 327.61 74.29
499.0 0.021452 0.013234 0.12 325.53 89.7
500.0 0.02141 0.024025 0.12 323.07 74.99
501.0 0.02147 0.026559 0.12 319.94 122.21
502.0 0.021471 0.016907 0.11 317.06 156.98
503.0 0.021416 0.004174 0.11 313.65 66.27
504.0 0.021475 0.01778 0.11 310.03 154.2
505.0 0.021465 0.019297 0.1 306.48 204.84
506.0 0.021426 0.022965 0.1 302.58 243.09
507.0 0.021471 0.019563 0.09 298.14 197.71
508.0 0.021471 0.030871 0.09 293.67 224.53
509.0 0.021417 0.037205 0.08 288.48 249.35
510.0 0.021476 0.03245 0.08 282.27 232.63
511.0 0.021435 0.050207 0.07 275.65 249.31
512.0 0.021452 0.043318 0.07 267.42 258.0
513.0 0.021484 0.033656 0.06 259.17 250.95
514.0 0.021439 0.049442 0.06 248.66 283.78
515.0 0.021452 0.047155 0.05 236.45 296.56
516.0 0.021476 0.023728 0.05 223.36 318.93
517.0 0.021483 0.032719 0.05 209.39 330.31
518.0 0.021441 0.023091 0.05 193.87 33.06
519.0 0.021445 0.020598 0.05 178.83 47.77
520.0 0.021429 0.016245 0.06 163.32 90.9
521.0 0.021416 0.017305 0.06 151.85 99.27
522.0 0.021406 0.013502 0.07 140.47 132.76
523.0 0.021415 0.016041 0.08 130.15 138.03
524.0 0.021418 0.013938 0.09 122.69 125.29
525.0 0.02141 0.008945 0.1 115.06 152.69
526.0 0.021412 0.01389 0.11 107.86 158.86
527.0 0.021422 0.012125 0.12 101.73 142.51
528.0 0.021415 0.00754 0.13 96.43 150.54
529.0 0.021402 0.008214 0.14 90.83 180.21
530.0 0.021411 0.010119 0.15 85.23 155.2
531.0 0.021415 0.009546 0.16 80.17 175.04
532.0 0.021407 0.005695 0.17 75.68 170.79
533.0 0.02142 0.010598 0.18 71.2 200.9
534.0 0.021412 0.011412 0.19 66.6 183.87
535.0 0.021416 0.009459 0.19 61.84 214.25
536.0 0.02142 0.016082 0.2 57.77 224.39
537.0 0.021421 0.014167 0.21 53.29 208.86
538.0 0.021423 0.011143 0.22 49.28 239.59
539.0 0.021406 0.015333 0.22 45.17 235.64
540.0 0.021412 0.011469 0.23 41.03 244.05
541.0 0.02142 0.016134 0.23 36.96 265.45
542.0 0.021423 0.016451 0.24 33.29 251.64
543.0 0.021425 0.013261 0.24 29.07 283.14
544.0 0.021415 0.017163 0.24 25.27 299.68
545.0 0.021413 0.013915 0.24 21.67 296.0
546.0 0.021401 0.015875 0.24 17.78 326.09
547.0 0.021418 0.020812 0.24 13.97 325.93
548.0 0.021412 0.016504 0.24 10.68 333.81
549.0 0.021411 0.018829 0.24 7.25 1.7
550.0 0.021414 0.020008 0.24 4.0 356.78
551.0 0.021428 0.018351 0.24 0.62 18.95
552.0 0.021418 0.025196 0.23 357.55 31.87
553.0 0.021418 0.023871 0.23 354.61 28.58
554.0 0.021446 0.024746 0.22 351.31 57.65
555.0 0.021403 0.02983 0.22 348.41 68.87
556.0 0.021408 0.026819 0.21 345.55 80.67
557.0 0.021407 0.034324 0.21 342.66 93.6
558.0 0.021425 0.032139 0.2 340.38 93.89
559.0 0.021428 0.035706 0.2 337.49 116.39
560.0 0.021394 0.037785 0.19 335.42 119.99
561.0 0.0214 0.039389 0.18 333.52 137.25
562.0 0.021391 0.035768 0.18 332.07 148.38
563.0 0.021403 0.044093 0.17 330.44 153.14
564.0 0.021406 0.039991 0.16 328.66 160.06
565.0 0.021404 0.045468 0.16 327.47 171.58
566.0 0.021408 0.045931 0.15 326.6 171.89
567.0 0.021409 0.041225 0.15 325.38 189.85
568.0 0.021407 0.048341 0.14 324.83 191.35
569.0 0.021399 0.047025 0.13 324.31 199.6
570.0 0.021432 0.049082 0.13 323.5 215.51
571.0 0.021388 0.047168 0.12 323.36 223.08
572.0 0.021379 0.046024 0.12 322.97 229.55
573.0 0.021389 0.046935 0.11 322.51 228.88
574.0 0.021375 0.046191 0.11 322.44 225.94
575.0 0.021374 0.044827 0.11 322.37 226.43
576.0 0.02147 0.043734 0.1 322.04 238.35
577.0 0.02151 0.028994 0.1 322.19 275.01
578.0 0.021479 0.032196 0.09 322.53 293.18
579.0 0.021488 0.031848 0.09 322.97 305.8
580.0 0.0215 0.027401 0.08 323.57 317.01
581.0 0.021513 0.020964 0.08 324.24 333.5
582.0 0.021517 0.01636 0.07 325.4 14.52
583.0 0.021469 0.025782 0.07 326.44 53.4
584.0 0.021509 0.020206 0.07 329.0 74.05
585.0 0.021519 0.02223 0.06 332.4 109.67
586.0 0.021482 0.034204 0.06 338.23 130.91
587.0 0.021476 0.034883 0.05 342.79 132.94
588.0 0.021411 0.045019 0.05 350.49 142.48
589.0 0.021511 0.03261 0.05 356.63 165.48
590.0 0.021428 0.051551 0.05 4.53 163.44
591.0 0.02149 0.035526 0.05 10.8 158.56
592.0 0.021404 0.046386 0.06 16.93 144.94
593.0 0.021498 0.031056 0.06 22.23 157.11
594.0 0.021443 0.043538 0.07 25.17 167.13
595.0 0.021413 0.038266 0.08 27.57 177.96
596.0 0.02145 0.042482 0.08 29.32 172.4
597.0 0.021449 0.041462 0.09 30.41 169.5
598.0 0.021445 0.0471 0.1 30.09 171.64
599.0 0.021446 0.046398 0.11 30.21 163.0
600.0 0.021448 0.046233 0.12 29.85 160.83
601.0 0.021449 0.047433 0.12 29.06 155.41
602.0 0.021465 0.043889 0.13 27.69 163.39
603.0 0.021448 0.04722 0.14 25.69 164.66
604.0 0.021456 0.04457 0.15 23.75 169.47
605.0 0.021439 0.047514 0.16 21.52 167.65
606.0 0.021438 0.044309 0.17 19.4 173.96
607.0 0.021446 0.046662 0.18 16.34 188.37
608.0 0.021464 0.043337 0.19 13.51 192.19
609.0 0.021448 0.047824 0.2 10.18 200.6
610.0 0.02148 0.04204 0.21 7.0 205.94
611.0 0.021392 0.04489 0.22 3.55 217.38
612.0 0.021376 0.048053 0.22 0.66 242.79
613.0 0.021405 0.047313 0.23 357.65 247.42
614.0 0.021336 0.039472 0.24 353.37 262.92
615.0 0.021384 0.048233 0.24 349.47 282.84
616.0 0.021418 0.053738 0.24 345.73 291.75
617.0 0.021423 0.049189 0.25 341.32 322.43
618.0 0.021483 0.040551 0.25 337.97 324.61
619.0 0.021447 0.045601 0.25 334.65 315.54
620.0 0.021463 0.039232 0.25 331.46 318.76
621.0 0.021475 0.036146 0.25 328.02 314.61
622.0 0.021429 0.043476 0.25 324.34 317.07
623.0 0.021485 0.029552 0.25 320.91 314.16
624.0 0.021436 0.037067 0.25 317.65 297.79
625.0 0.021474 0.024069 0.24 314.27 286.36
626.0 0.021437 0.026679 0.24 310.85 258.17
627.0 0.021484 0.014086 0.23 307.81 236.71
628.0 0.021449 0.023446 0.23 304.19 196.47
629.0 0.021473 0.021846 0.22 301.26 166.54
630.0 0.021454 0.031077 0.22 298.39 145.87
631.0 0.021479 0.028088 0.21 294.93 125.74
632.0 0.021453 0.038042 0.21 291.78 114.3
633.0 0.021471 0.036147 0.2 288.32 102.12
634.0 0.021456 0.039209 0.19 284.92 88.03
635.0 0.021468 0.032465 0.18 281.71 79.66
636.0 0.021466 0.033461 0.17 278.23 64.67
637.0 0.021462 0.03227 0.16 275.07 53.58
638.0 0.021473 0.024891 0.16 271.78 38.61
639.0 0.021454 0.028835 0.15 268.38 28.8
640.0 0.021488 0.01735 0.14 265.29 2.87
641.0 0.021434 0.028529 0.13 261.8 348.57
642.0 0.021487 0.01663 0.12 258.5 321.83
643.0 0.021433 0.031595 0.11 255.87 304.94
644.0 0.021486 0.019777 0.1 253.14 285.48
645.0 0.021451 0.03256 0.09 250.32 268.36
646.0 0.02147 0.029652 0.08 247.97 255.32
647.0 0.021476 0.028141 0.07 245.44 237.38
648.0 0.021442 0.035958 0.06 242.75 231.62
649.0 0.021504 0.017639 0.06 239.74 239.6
650.0 0.021425 0.034241 0.05 236.65 230.93
651.0 0.021453 0.031505 0.04 232.07 252.04
652.0 0.021468 0.031791 0.03 227.68 269.38
653.0 0.02144 0.038997 0.03 221.95 284.61
654.0 0.02151 0.022389 0.02 217.49 294.57
655.0 0.021439 0.039458 0.01 209.54 288.17
656.0 0.021488 0.025113 0.01 195.5 297.89
657.0 0.021442 0.027124 0.01 152.42 314.43
658.0 0.021484 0.017886 0.01 97.02 3.95
659.0 0.021484 0.014319 0.01 78.29 4.43
660.0 0.021423 0.022881 0.02 69.85 0.68
661.0 0.021415 0.023922 0.02 65.13 25.72
662.0 0.021501 0.014114 0.03 63.13 91.91
663.0 0.021462 0.019057 0.03 60.3 72.17
664.0 0.021452 0.023546 0.04 58.29 78.72
665.0 0.021444 0.027971 0.04 56.53 95.2
666.0 0.021442 0.031228 0.05 54.88 114.63
667.0 0.021466 0.030153 0.06 52.92 130.03
668.0 0.021452 0.040432 0.06 51.05 179.01
669.0 0.021462 0.04096 0.07 49.05 179.1
670.0 0.021476 0.033797 0.08 47.29 175.88
671.0 0.021424 0.041313 0.08 45.32 176.5
672.0 0.021415 0.042588 0.09 43.15 187.02
673.0 0.021425 0.03978 0.1 41.23 203.59
674.0 0.021377 0.040879 0.11 39.27 215.27
675.0 0.021392 0.037069 0.11 38.7 228.63
676.0 0.021383 0.046817 0.12 37.69 245.75
677.0 0.021396 0.04256 0.13 33.82 254.24
678.0 0.021425 0.043704 0.14 30.95 269.12
679.0 0.021406 0.047811 0.15 27.79 279.07
680.0 0.021407 0.050925 0.15 24.49 283.71
681.0 0.021404 0.048543 0.16 21.42 292.92
682.0 0.02139 0.039963 0.17 18.07 303.98
683.0 0.021389 0.042859 0.18 13.48 327.15
684.0 0.021375 0.035027 0.19 11.11 319.36
685.0 0.021373 0.039184 0.19 7.03 323.3
686.0 0.021403 0.044068 0.2 1.97 339.77
687.0 0.021375 0.0367 0.2 359.04 333.03
688.0 0.021381 0.044443 0.2 354.1 341.82
689.0 0.021383 0.037231 0.2 350.02 343.43
690.0 0.021374 0.037499 0.2 346.09 343.69
691.0 0.021396 0.040611 0.2 341.06 352.53
692.0 0.021378 0.034154 0.2 337.83 345.98
693.0 0.021377 0.035827 0.2 333.09 350.54
694.0 0.021382 0.032983 0.2 328.88 343.07
695.0 0.021373 0.027848 0.2 326.29 351.13
696.0 0.021375 0.026128 0.19 322.04 343.7
697.0 0.021397 0.033467 0.19 317.63 337.5
698.0 0.02138 0.023139 0.19 315.2 347.14
699.0 0.021369 0.021162 0.18 311.73 333.36
700.0 0.021393 0.028969 0.17 307.3 332.17
701.0 0.021368 0.020896 0.17 304.66 327.47
702.0 0.021371 0.022196 0.16 301.36 321.43
703.0 0.021405 0.02369 0.16 297.19 323.23
704.0 0.021367 0.020263 0.15 294.44 325.25
705.0 0.021373 0.023365 0.14 290.56 322.91
706.0 0.021402 0.020389 0.13 286.94 314.83
707.0 0.021372 0.01911 0.12 284.41 331.16
708.0 0.021371 0.018787 0.12 280.35 339.57
709.0 0.021399 0.023718 0.11 276.03 343.0
710.0 0.021385 0.022422 0.1 272.47 341.53
711.0 0.021365 0.019459 0.09 269.7 4.77
712.0 0.02137 0.019276 0.08 265.49 6.87
713.0 0.021378 0.025867 0.07 263.78 15.41
714.0 0.021402 0.028011 0.06 262.06 18.94
715.0 0.021386 0.02344 0.05 257.82 27.51
716.0 0.021374 0.021104 0.04 252.95 49.99
717.0 0.021375 0.020962 0.04 252.64 52.36
718.0 0.021382 0.024184 0.02 251.28 59.98
719.0 0.021376 0.02832 0.02 246.37 77.91
720.0 0.021389 0.03592 0.01 240.28 93.96
721.0 0.021376 0.035136 0.0 49.8 285.82
722.0 0.021387 0.029883 0.01 35.72 316.07
723.0 0.021384 0.031305 0.02 29.3 338.54
724.0 0.021414 0.03439 0.03 23.66 343.74
725.0 0.02138 0.030792 0.04 23.12 345.95
726.0 0.021369 0.026425 0.04 21.42 348.56
727.0 0.021376 0.028035 0.05 16.51 354.27
728.0 0.02138 0.030621 0.06 16.14 7.59
729.0 0.021385 0.037045 0.07 15.18 16.44
730.0 0.021381 0.032679 0.08 10.04 20.92
731.0 0.021377 0.026317 0.08 5.29 34.89
732.0 0.021395 0.02397 0.08 1.38 52.46
733.0 0.02139 0.02755 0.08 0.34 49.89
734.0 0.021383 0.023288 0.09 357.69 51.56
735.0 0.021367 0.019593 0.09 355.22 64.3
736.0 0.021378 0.013834 0.1 353.96 70.94
737.0 0.021382 0.008648 0.1 352.86 58.8
738.0 0.021368 0.007919 0.1 349.99 37.63
739.0 0.021375 0.011215 0.1 346.26 26.2
740.0 0.021373 0.013974 0.1 344.17 32.55
741.0 0.021363 0.013607 0.1 343.1 41.73
742.0 0.021371 0.013271 0.1 340.26 35.05
743.0 0.021374 0.016035 0.1 339.02 37.51
744.0 0.021371 0.019439 0.1 338.57 47.75
745.0 0.021371 0.019229 0.1 337.08 64.11
746.0 0.02137 0.017782 0.1 335.37 76.67
747.0 0.021364 0.016699 0.1 335.02 72.49
748.0 0.021374 0.017824 0.1 334.08 77.59
749.0 0.021375 0.019263 0.1 333.01 91.73
750.0 0.02137 0.018017 0.1 332.62 108.43
751.0 0.021371 0.01378 0.1 332.24 114.95
752.0 0.021377 0.014535 0.1 331.47 111.39
753.0 0.021369 0.014821 0.1 330.71 125.3
754.0 0.021383 0.013906 0.11 329.86 151.27
755.0 0.021394 0.018359 0.11 328.83 159.74
756.0 0.021387 0.018343 0.11 327.74 155.4
757.0 0.021379 0.012649 0.11 326.49 148.81
758.0 0.021376 0.016639 0.11 324.66 151.43
759.0 0.021394 0.026295 0.11 322.5 163.37
760.0 0.021374 0.017444 0.12 320.65 159.15
761.0 0.021379 0.018578 0.12 317.99 145.79
762.0 0.021393 0.030208 0.12 315.27 167.03
763.0 0.021384 0.023804 0.12 312.28 166.79
764.0 0.02137 0.021406 0.12 308.81 161.19
765.0 0.021386 0.031191 0.12 306.45 181.5
766.0 0.02139 0.025371 0.13 302.45 188.71
767.0 0.021371 0.020761 0.13 297.96 187.62
768.0 0.021384 0.028882 0.12 295.52 206.0
769.0 0.021396 0.02909 0.13 291.63 213.33
770.0 0.021365 0.025663 0.13 287.15 206.76
771.0 0.021401 0.037476 0.12 284.3 218.49
772.0 0.021381 0.028094 0.12 278.33 239.22
773.0 0.021367 0.018329 0.13 272.95 250.78
774.0 0.021391 0.02055 0.12 267.08 274.01
775.0 0.021405 0.026804 0.12 260.56 304.54
776.0 0.021423 0.021909 0.12 255.27 326.58
777.0 0.021423 0.01973 0.12 249.84 335.87
778.0 0.021428 0.025404 0.11 243.78 358.28
779.0 0.021437 0.027368 0.11 237.76 25.0
780.0 0.021436 0.028333 0.11 230.6 55.35
781.0 0.021454 0.016452 0.1 223.13 78.12
782.0 0.021433 0.022371 0.1 214.76 93.88
783.0 0.021411 0.021125 0.1 206.99 126.81
784.0 0.021426 0.021963 0.09 198.22 136.27
785.0 0.021433 0.023427 0.09 189.74 164.73
786.0 0.021433 0.01869 0.09 180.62 197.55
787.0 0.021448 0.01063 0.09 171.46 194.94
788.0 0.021433 0.016033 0.09 162.53 231.46
789.0 0.021427 0.014057 0.09 153.69 256.14
790.0 0.021434 0.013497 0.09 144.41 279.85
791.0 0.02143 0.012563 0.09 135.77 330.15
792.0 0.021464 0.001979 0.1 127.63 267.89
793.0 0.021436 0.014265 0.1 119.49 90.62
794.0 0.021471 0.00321 0.1 112.48 229.3
795.0 0.021463 0.022413 0.11 105.76 271.09
796.0 0.021437 0.03184 0.11 98.9 270.26
797.0 0.02148 0.017696 0.11 92.71 252.25
798.0 0.02145 0.024709 0.12 86.03 215.25
799.0 0.021462 0.015124 0.12 80.63 196.09
800.0 0.02147 0.006077 0.12 74.99 102.68
801.0 0.02145 0.017147 0.13 69.44 56.14
802.0 0.021465 0.023605 0.13 64.72 17.61
803.0 0.021445 0.032438 0.13 60.2 358.41
804.0 0.021469 0.027671 0.13 55.69 335.87
805.0 0.021457 0.030206 0.14 51.4 310.52
806.0 0.021453 0.023444 0.14 47.23 292.02
807.0 0.021466 0.016118 0.14 43.18 257.94
808.0 0.021448 0.016049 0.14 39.34 212.87
809.0 0.021471 0.012841 0.14 36.11 150.95
810.0 0.02144 0.023801 0.14 33.04 125.87
811.0 0.021475 0.01967 0.14 29.64 88.84
812.0 0.021451 0.033112 0.14 26.65 66.65
813.0 0.021461 0.028642 0.14 23.8 53.08
814.0 0.021468 0.025704 0.14 21.25 24.79
815.0 0.021442 0.029275 0.14 18.89 5.93
816.0 0.021479 0.015194 0.14 16.41 351.18
817.0 0.021447 0.021162 0.14 14.43 308.23
818.0 0.021476 0.008572 0.14 12.4 285.45
819.0 0.02146 0.015489 0.14 10.41 213.35
820.0 0.021447 0.02114 0.14 8.65 191.22
821.0 0.021485 0.014472 0.14 6.91 133.68
822.0 0.021439 0.033364 0.14 5.11 135.76
823.0 0.021467 0.022224 0.14 3.47 129.08
824.0 0.021483 0.01956 0.14 1.77 89.4
825.0 0.021419 0.034107 0.14 0.26 82.12
826.0 0.021467 0.023985 0.14 358.53 116.09
827.0 0.021427 0.033984 0.14 356.75 160.13
828.0 0.021466 0.023948 0.14 354.95 155.06
829.0 0.021481 0.018166 0.15 353.01 121.04
830.0 0.021422 0.038266 0.15 351.0 127.4
831.0 0.021463 0.028449 0.15 349.04 145.92
832.0 0.021427 0.03787 0.15 346.95 164.78
833.0 0.021425 0.03513 0.15 344.86 176.82
834.0 0.021445 0.032777 0.15 342.42 182.11
835.0 0.021438 0.030703 0.15 339.96 194.58
836.0 0.021433 0.030972 0.15 337.57 205.89
837.0 0.021432 0.029397 0.15 334.77 217.02
838.0 0.021441 0.027036 0.15 331.96 225.01
839.0 0.021414 0.030327 0.14 329.27 238.2
840.0 0.021427 0.028906 0.14 326.06 249.48
841.0 0.021446 0.023419 0.14 322.99 251.78
842.0 0.021451 0.027108 0.14 319.86 245.05
843.0 0.021446 0.015581 0.13 316.96 288.04
844.0 0.021451 0.018301 0.13 313.5 268.96
845.0 0.021435 0.010898 0.13 310.14 317.37
846.0 0.021445 0.008503 0.12 306.23 238.88
847.0 0.021452 0.008335 0.11 302.61 284.82
848.0 0.021452 0.017165 0.11 299.11 216.54
849.0 0.021459 0.010764 0.1 295.01 256.0
850.0 0.021436 0.011488 0.1 291.13 228.66
851.0 0.021442 0.013231 0.09 287.09 236.35
852.0 0.021433 0.015646 0.08 283.0 250.94
853.0 0.021438 0.021167 0.07 277.9 257.01
854.0 0.02147 0.021045 0.06 274.09 314.66
855.0 0.021438 0.037834 0.06 268.54 332.12
856.0 0.021465 0.028966 0.05 261.91 327.81
857.0 0.021455 0.012712 0.04 254.25 305.02
858.0 0.021455 0.002276 0.03 243.26 220.16
859.0 0.021479 0.014768 0.02 232.4 51.4
860.0 0.021439 0.031198 0.01 207.28 92.54
861.0 0.021473 0.024239 0.01 152.61 127.4
862.0 0.021455 0.005657 0.02 108.18 131.41
863.0 0.021452 0.004814 0.03 92.64 178.52
864.0 0.021466 0.009353 0.04 81.58 201.53
865.0 0.021451 0.008221 0.04 75.63 177.05
866.0 0.02144 0.012802 0.05 69.49 190.15
867.0 0.021431 0.014531 0.07 64.26 212.7
868.0 0.021427 0.013505 0.07 59.63 226.69
869.0 0.021437 0.011299 0.08 55.04 223.83
870.0 0.021435 0.008871 0.09 50.52 253.78
871.0 0.021457 0.013049 0.1 46.41 207.41
872.0 0.021463 0.017616 0.11 42.79 259.53
873.0 0.021456 0.029866 0.12 38.55 244.8
874.0 0.021452 0.013564 0.13 34.64 247.62
875.0 0.021456 0.021492 0.13 30.86 299.05
876.0 0.021442 0.026806 0.14 27.3 281.45
877.0 0.021454 0.014119 0.14 23.75 312.09
878.0 0.021444 0.029097 0.15 20.51 323.84
879.0 0.021457 0.018631 0.15 16.79 301.11
880.0 0.021451 0.016087 0.16 13.61 2.62
881.0 0.021443 0.009643 0.16 10.21 348.64
882.0 0.021446 0.012557 0.16 6.82 343.76
883.0 0.021446 0.013501 0.16 3.56 12.16
884.0 0.021437 0.005599 0.16 0.48 13.58
885.0 0.021447 0.017121 0.16 357.19 3.74
886.0 0.021438 0.01121 0.16 354.27 15.07
887.0 0.021444 0.009707 0.16 351.38 21.35
888.0 0.021435 0.00873 0.16 348.38 358.41
889.0 0.021432 0.012826 0.16 345.7 10.83
890.0 0.021418 0.012769 0.16 343.29 19.87
891.0 0.021431 0.01514 0.16 340.83 25.79
892.0 0.021438 0.015109 0.16 338.41 61.35
893.0 0.021445 0.007005 0.15 336.28 43.63
894.0 0.021437 0.014447 0.15 334.41 63.66
895.0 0.021427 0.013071 0.15 332.72 79.84
896.0 0.021424 0.013443 0.15 330.96 77.57
897.0 0.021425 0.013759 0.14 329.32 90.41
898.0 0.021442 0.01778 0.14 327.88 107.63
899.0 0.021425 0.015472 0.14 326.82 127.99
900.0 0.021421 0.014436 0.14 325.52 118.84
901.0 0.021435 0.017891 0.14 324.66 139.96
902.0 0.021424 0.017722 0.13 323.56 153.93
903.0 0.021423 0.01767 0.13 322.44 154.36
904.0 0.021401 0.015172 0.13 321.37 154.7
905.0 0.021409 0.013246 0.13 320.29 181.83
906.0 0.021423 0.017098 0.13 319.01 194.87
907.0 0.021416 0.021046 0.13 317.72 196.8
908.0 0.021411 0.023684 0.12 316.17 201.77
909.0 0.021424 0.022137 0.12 314.5 214.51
910.0 0.021423 0.020706 0.12 312.83 228.54
911.0 0.021433 0.023653 0.12 310.85 230.18
912.0 0.021435 0.028607 0.12 308.84 238.61
913.0 0.021428 0.034689 0.12 306.4 260.89
914.0 0.021435 0.024598 0.12 303.75 276.58
915.0 0.021434 0.030973 0.11 301.21 278.42
916.0 0.021426 0.031496 0.11 298.41 295.49
917.0 0.021425 0.027349 0.11 295.43 309.27
918.0 0.02142 0.023862 0.11 292.04 315.76
919.0 0.021411 0.022691 0.1 288.94 329.38
920.0 0.02142 0.026875 0.1 285.01 332.7
921.0 0.021411 0.024343 0.09 281.08 328.83
922.0 0.02141 0.020519 0.09 277.18 340.41
923.0 0.021423 0.026772 0.08 272.92 346.67
924.0 0.021421 0.025037 0.08 267.66 346.08
925.0 0.021418 0.021651 0.07 262.58 358.51
926.0 0.021426 0.023958 0.07 257.11 13.96
927.0 0.021432 0.026312 0.06 249.44 28.16
928.0 0.021414 0.029124 0.05 242.26 32.48
929.0 0.021418 0.029263 0.05 232.73 35.54
930.0 0.021417 0.025032 0.04 220.28 50.9
931.0 0.021403 0.030044 0.03 203.22 75.22
932.0 0.021423 0.031528 0.03 185.58 90.59
933.0 0.021431 0.028458 0.03 163.84 123.37
934.0 0.02142 0.032587 0.03 142.38 148.83
935.0 0.021415 0.034689 0.04 125.69 169.83
936.0 0.021415 0.035089 0.04 110.4 190.21
937.0 0.021419 0.031743 0.05 101.05 204.07
938.0 0.021429 0.030811 0.06 90.91 224.49
939.0 0.021417 0.037016 0.07 84.13 237.6
940.0 0.021417 0.035646 0.08 76.12 248.73
941.0 0.021429 0.036933 0.09 71.06 255.83
942.0 0.021419 0.033808 0.1 64.57 267.76
943.0 0.021433 0.031692 0.11 59.27 289.2
944.0 0.021425 0.033699 0.11 54.52 298.39
945.0 0.021424 0.035476 0.12 49.19 313.25
946.0 0.021423 0.03342 0.13 45.11 324.86
947.0 0.021441 0.029991 0.14 40.42 347.33
948.0 0.021472 0.024696 0.15 35.96 339.63
949.0 0.021478 0.023107 0.15 31.99 312.67
950.0 0.021436 0.034763 0.16 27.73 306.07
951.0 0.02149 0.015446 0.16 23.83 308.36
952.0 0.021464 0.027314 0.17 20.24 276.47
953.0 0.021451 0.029547 0.17 16.64 265.2
954.0 0.021496 0.012027 0.17 13.25 267.94
955.0 0.021439 0.024499 0.18 9.64 231.72
956.0 0.02147 0.016961 0.18 5.98 252.99
957.0 0.021502 0.004299 0.18 2.41 289.7
958.0 0.021451 0.025241 0.18 359.35 251.47
959.0 0.02147 0.017626 0.19 356.31 247.61
960.0 0.021495 0.006531 0.19 353.17 216.07
961.0 0.021435 0.021838 0.19 350.12 207.74
962.0 0.021486 0.011259 0.19 346.71 283.82
963.0 0.021497 0.01358 0.18 343.83 25.46
964.0 0.021492 0.00385 0.18 340.88 189.73
965.0 0.021447 0.023611 0.18 337.98 286.04
966.0 0.021458 0.019375 0.18 335.67 306.4
967.0 0.021455 0.020861 0.17 333.13 307.67
968.0 0.021493 0.003127 0.17 330.81 294.76
969.0 0.021456 0.022561 0.16 329.1 268.62
970.0 0.021459 0.017814 0.16 327.61 255.1
971.0 0.021495 0.004524 0.16 326.29 22.66
972.0 0.02148 0.012958 0.16 324.87 221.96
973.0 0.021431 0.02668 0.15 323.7 227.3
974.0 0.021489 0.009134 0.15 322.73 246.18
975.0 0.021479 0.010753 0.15 321.45 160.69
976.0 0.021429 0.026034 0.15 320.43 177.44
977.0 0.021485 0.010272 0.15 318.99 203.02
978.0 0.021471 0.009589 0.14 318.1 79.8
979.0 0.021449 0.020127 0.14 317.07 71.94
980.0 0.021492 0.004054 0.14 316.23 347.58
981.0 0.021454 0.023924 0.14 314.93 352.81
982.0 0.021478 0.021981 0.14 313.85 326.43
983.0 0.021466 0.025143 0.14 312.79 289.27
984.0 0.021454 0.030101 0.14 311.56 273.02
985.0 0.021486 0.012038 0.14 310.32 308.55
986.0 0.021446 0.007841 0.14 308.1 128.63
987.0 0.021462 0.001309 0.14 306.37 73.16
988.0 0.021443 0.006823 0.14 304.54 143.95
989.0 0.021449 0.014111 0.13 302.36 263.25
990.0 0.021444 0.011173 0.13 300.1 270.9
991.0 0.021434 0.016016 0.13 297.63 285.99
992.0 0.021426 0.021077 0.13 294.83 305.43
993.0 0.021411 0.020615 0.13 292.43 301.96
994.0 0.021406 0.015116 0.12 289.74 318.85
995.0 0.021405 0.020418 0.12 286.83 338.99
996.0 0.021427 0.025727 0.12 283.76 343.72
997.0 0.021423 0.021988 0.11 280.96 348.14
998.0 0.021435 0.022548 0.11 277.82 1.83
999.0 0.02143 0.022724 0.1 274.92 22.71
1000.0 0.02144 0.022167 0.09 271.69 40.61
0.0 0.02144 0.006391 0.06 327.35 265.27
-1.0 0.021437 0.004118 0.06 328.63 170.63
-2.0 0.021464 0.013463 0.06 330.79 316.08
-3.0 0.021436 0.007927 0.06 332.7 352.37
-4.0 0.021451 0.024754 0.06 335.06 310.66
-5.0 0.021447 0.01855 0.07 337.72 316.43
-6.0 0.021467 0.020019 0.07 341.47 243.64
-7.0 0.021433 0.034421 0.07 345.11 212.02
-8.0 0.021464 0.028088 0.07 348.29 231.31
-9.0 0.021456 0.02476 0.06 351.94 267.39
-10.0 0.021449 0.015056 0.06 355.32 277.14
-11.0 0.02147 0.014025 0.06 358.74 188.37
-12.0 0.021439 0.028298 0.06 2.12 161.21
-13.0 0.021467 0.02299 0.05 5.59 186.38
-14.0 0.021455 0.022879 0.05 8.51 230.05
-15.0 0.021446 0.014323 0.05 12.2 235.94
-16.0 0.021467 0.016604 0.04 15.27 152.69
-17.0 0.021424 0.02802 0.03 18.89 119.76
-18.0 0.021466 0.019391 0.03 23.49 145.42
-19.0 0.021453 0.020894 0.02 27.23 199.21
-20.0 0.021451 0.010044 0.01 32.5 206.93
-21.0 0.021477 0.017652 0.0 42.31 111.09
-22.0 0.021443 0.032868 0.0 201.06 280.94
-23.0 0.021471 0.02599 0.01 214.32 283.82
-24.0 0.021471 0.014357 0.02 219.69 328.55
-25.0 0.021433 0.012381 0.03 223.86 8.2
-26.0 0.02145 0.024081 0.04 229.44 319.55
-27.0 0.021456 0.017157 0.05 233.82 322.87
-28.0 0.021464 0.010449 0.06 238.05 229.66
-29.0 0.021447 0.022715 0.07 242.84 179.73
-30.0 0.021477 0.016246 0.08 247.1 231.32
-31.0 0.021447 0.032731 0.09 251.1 254.6
-32.0 0.021456 0.022713 0.09 255.11 256.46
-33.0 0.021465 0.022186 0.1 259.66 189.87
-34.0 0.021438 0.035136 0.11 263.49 180.72
-35.0 0.021472 0.016608 0.12 267.24 183.52
-36.0 0.021438 0.008183 0.13 271.61 288.88
-37.0 0.02145 0.002115 0.13 275.23 101.14
-38.0 0.021467 0.020681 0.14 278.97 160.93
-39.0 0.021431 0.034563 0.14 282.95 164.63
-40.0 0.021472 0.018678 0.15 286.59 168.4
-41.0 0.021448 0.00136 0.15 290.31 331.16
-42.0 0.021453 0.01046 0.16 293.66 71.63
-43.0 0.02148 0.019671 0.16 297.3 137.09
-44.0 0.021434 0.032694 0.16 300.76 152.43
-45.0 0.021467 0.016307 0.17 304.29 146.51
-46.0 0.021449 0.007287 0.17 307.6 31.44
-47.0 0.021444 0.016009 0.17 310.66 46.07
-48.0 0.021464 0.013736 0.17 313.93 132.59
-49.0 0.021434 0.015104 0.17 316.92 174.01
-50.0 0.021466 0.013525 0.17 319.56 92.22
-51.0 0.021453 0.032099 0.17 322.37 59.93
-52.0 0.021449 0.02641 0.16 324.93 74.53
-53.0 0.021455 0.00587 0.16 327.22 56.64
-54.0 0.021425 0.014424 0.16 329.52 333.67
-55.0 0.021438 0.001606 0.16 331.67 230.08
-56.0 0.021434 0.002377 0.15 333.71 127.7
-57.0 0.021427 0.006367 0.15 335.32 164.91
-58.0 0.021415 0.005799 0.15 337.01 205.05
-59.0 0.021427 0.006427 0.14 338.34 184.55
-60.0 0.021424 0.006639 0.14 339.26 173.37
-61.0 0.021413 0.005066 0.14 340.26 151.95
-62.0 0.021427 0.005851 0.13 340.65 180.54
-63.0 0.021423 0.001872 0.13 340.99 118.81
-64.0 0.021418 0.002308 0.13 341.19 124.63
-65.0 0.02143 0.001686 0.13 341.03 278.35
-66.0 0.021415 0.000907 0.13 341.0 37.43
-67.0 0.021414 0.001773 0.12 340.85 294.64
-68.0 0.021424 0.004198 0.12 340.73 245.71
-69.0 0.02142 0.003602 0.12 340.53 348.65
-70.0 0.021413 0.005224 0.12 340.43 339.91
-71.0 0.021423 0.006055 0.13 340.48 336.38
-72.0 0.021416 0.008058 0.13 340.69 5.85
-73.0 0.021412 0.007715 0.13 341.15 341.69
-74.0 0.021419 0.00791 0.13 341.82 335.16
-75.0 0.02139 0.007434 0.13 342.69 2.8
-76.0 0.021406 0.010716 0.13 343.55 339.02
-77.0 0.021403 0.008171 0.13 344.85 323.69
-78.0 0.021415 0.007774 0.14 346.52 306.15
-79.0 0.021399 0.007096 0.14 348.03 343.01
-80.0 0.021411 0.007341 0.14 349.69 322.96
-81.0 0.021414 0.00916 0.14 351.65 314.79
-82.0 0.0214 0.005819 0.14 354.0 291.84
-83.0 0.021408 0.005091 0.14 356.38 269.52
-84.0 0.021401 0.002444 0.14 358.29 4.46
-85.0 0.021402 0.004759 0.13 0.78 307.85
-86.0 0.021404 0.002884 0.13 3.35 257.35
-87.0 0.021398 0.002975 0.13 5.46 3.98
-88.0 0.021409 0.002828 0.12 8.01 266.51
-89.0 0.021424 0.004058 0.12 9.86 317.02
-90.0 0.021435 0.018384 0.11 12.34 294.57
-91.0 0.02143 0.016496 0.11 14.23 281.87
-92.0 0.021434 0.018414 0.1 16.41 273.22
-93.0 0.021442 0.016024 0.1 17.82 266.47
-94.0 0.021424 0.026361 0.09 19.57 273.51
-95.0 0.02142 0.028466 0.08 19.71 251.68
-96.0 0.021436 0.030985 0.08 20.46 247.67
-97.0 0.021413 0.031185 0.07 19.66 249.65
-98.0 0.021418 0.029393 0.06 18.07 251.89
-99.0 0.021422 0.028925 0.06 14.7 251.56
-100.0 0.021414 0.028053 0.05 8.9 247.76
-101.0 0.021425 0.03 0.04 0.91 247.07
-102.0 0.02141 0.029954 0.04 352.5 254.7
-103.0 0.021436 0.033302 0.04 340.58 246.24
-104.0 0.021404 0.037913 0.04 328.83 251.25
-105.0 0.021396 0.039712 0.05 323.27 255.03
-106.0 0.021384 0.037841 0.06 319.99 263.76
-107.0 0.02141 0.039026 0.07 318.88 267.23
-108.0 0.021361 0.04062 0.07 318.33 262.86
-109.0 0.021402 0.045425 0.08 317.43 266.32
-110.0 0.021389 0.043106 0.09 319.44 264.16
-111.0 0.021363 0.038658 0.1 321.29 267.55
-112.0 0.021423 0.037962 0.11 323.5 270.11
-113.0 0.021367 0.035417 0.11 325.97 264.87
-114.0 0.021394 0.034473 0.12 327.96 271.46
-115.0 0.021396 0.037207 0.13 330.68 281.19
-116.0 0.021376 0.028015 0.13 333.72 296.11
-117.0 0.021379 0.029586 0.14 336.73 299.93
-118.0 0.021402 0.032508 0.14 339.4 296.28
-119.0 0.021428 0.036699 0.14 342.23 294.61
-120.0 0.021398 0.027932 0.15 345.38 290.21
-121.0 0.021442 0.026861 0.15 348.91 267.21
-122.0 0.021426 0.024707 0.15 352.32 243.84
-123.0 0.021432 0.022103 0.15 355.44 232.08
-124.0 0.021454 0.019141 0.15 358.64 219.95
-125.0 0.021428 0.018346 0.15 1.76 194.65
-126.0 0.021418 0.022208 0.14 4.79 184.98
-127.0 0.021409 0.015644 0.14 8.17 189.18
-128.0 0.02141 0.016694 0.14 11.02 155.04
-129.0 0.02141 0.012733 0.13 14.09 155.11
-130.0 0.021397 0.014075 0.13 17.01 119.13
-131.0 0.021404 0.01167 0.12 19.86 118.91
-132.0 0.021403 0.011134 0.12 23.16 86.59
-133.0 0.021407 0.012658 0.11 25.48 89.31
-134.0 0.021406 0.010891 0.1 28.52 52.29
-135.0 0.021398 0.011278 0.1 29.13 51.51
-136.0 0.021404 0.009016 0.09 31.11 15.18
-137.0 0.021404 0.008577 0.08 32.74 32.51
-138.0 0.0214 0.009127 0.08 33.25 7.44
-139.0 0.021394 0.005463 0.07 35.51 346.38
-140.0 0.021393 0.010195 0.06 32.2 342.06
-141.0 0.021393 0.006426 0.06 32.64 284.47
-142.0 0.021414 0.007567 0.05 30.51 327.84
-143.0 0.021395 0.010388 0.04 25.42 278.96
-144.0 0.0214 0.007327 0.04 16.55 253.04
-145.0 0.021388 0.008246 0.04 10.52 297.78
-146.0 0.0214 0.009506 0.04 2.58 263.75
-147.0 0.0214 0.007811 0.04 348.64 246.87
-148.0 0.021399 0.010894 0.04 343.52 238.79
-149.0 0.021406 0.009684 0.04 338.19 238.56
-150.0 0.021396 0.013873 0.05 334.35 237.01
-151.0 0.021409 0.013945 0.05 331.38 220.41
-152.0 0.021391 0.017015 0.05 331.46 211.85
-153.0 0.0214 0.014347 0.06 330.64 193.56
-154.0 0.0214 0.018516 0.06 329.79 209.95
-155.0 0.021413 0.019191 0.06 331.0 186.39
-156.0 0.021387 0.020268 0.07 332.36 174.34
-157.0 0.021407 0.01803 0.07 333.05 162.79
-158.0 0.021395 0.026214 0.07 334.71 163.92
-159.0 0.021409 0.025461 0.07 335.41 162.11
-160.0 0.021412 0.029302 0.07 336.08 143.13
-161.0 0.0214 0.030507 0.07 336.6 141.04
-162.0 0.021428 0.029209 0.07 337.17 127.95
-163.0 0.021399 0.033451 0.07 337.14 115.45
-164.0 0.021402 0.032893 0.07 336.82 115.24
-165.0 0.021424 0.035803 0.07 336.23 105.31
-166.0 0.021394 0.03822 0.07 335.19 86.32
-167.0 0.021407 0.041686 0.07 333.42 78.97
-168.0 0.021425 0.040686 0.07 331.92 79.1
-169.0 0.02143 0.040236 0.07 329.4 68.43
-170.0 0.021418 0.038897 0.07 327.11 54.15
-171.0 0.021446 0.03536 0.07 324.37 42.71
-172.0 0.021465 0.033284 0.08 322.28 39.84
-173.0 0.021482 0.028515 0.08 320.62 51.05
-174.0 0.021428 0.038702 0.08 318.89 49.11
-175.0 0.021494 0.026658 0.09 318.11 60.37
-176.0 0.02142 0.039745 0.09 318.07 64.72
-177.0 0.021488 0.025799 0.1 317.86 78.07
-178.0 0.021424 0.040862 0.1 318.16 85.78
-179.0 0.021491 0.025989 0.11 319.0 97.3
-180.0 0.021418 0.041054 0.12 319.75 110.2
-181.0 0.021408 0.040683 0.12 320.89 95.5
-182.0 0.021414 0.038658 0.13 322.98 89.35
-183.0 0.021442 0.034407 0.14 324.57 53.5
-184.0 0.021417 0.035228 0.14 326.56 43.95
-185.0 0.021428 0.031664 0.15 328.43 22.87
-186.0 0.021481 0.023787 0.16 331.25 21.51
-187.0 0.021458 0.029439 0.16 333.94 29.77
-188.0 0.021464 0.027879 0.17 336.55 38.17
-189.0 0.021444 0.031957 0.17 339.38 55.27
-190.0 0.021468 0.030723 0.18 342.23 68.69
-191.0 0.021444 0.037724 0.18 345.05 84.79
-192.0 0.021476 0.034446 0.18 348.15 96.66
-193.0 0.021438 0.044652 0.19 351.05 107.59
-194.0 0.02148 0.036178 0.19 354.1 113.39
-195.0 0.02143 0.046574 0.19 357.07 120.46
-196.0 0.021453 0.037403 0.19 0.68 106.79
-197.0 0.021392 0.044278 0.19 4.29 80.2
-198.0 0.021394 0.04289 0.19 8.79 59.7
-199.0 0.021491 0.025435 0.19 12.11 35.31
-200.0 0.021447 0.035223 0.19 15.19 18.37
-201.0 0.021423 0.037476 0.18 18.48 11.56
-202.0 0.021409 0.034648 0.18 21.91 2.74
-203.0 0.021435 0.033984 0.17 25.0 357.24
-204.0 0.021481 0.027042 0.17 28.18 1.05
-205.0 0.021424 0.043952 0.17 30.5 344.89
-206.0 0.021497 0.029277 0.16 33.42 353.18
-207.0 0.021423 0.047746 0.16 35.96 347.31
-208.0 0.021408 0.043938 0.15 39.12 321.17
-209.0 0.0214 0.041231 0.14 41.68 317.84
-210.0 0.021437 0.038194 0.13 44.17 312.81
-211.0 0.021512 0.018987 0.13 46.13 307.8
-212.0 0.021456 0.025677 0.12 48.53 255.2
-213.0 0.021442 0.02954 0.11 50.18 252.95
-214.0 0.021471 0.031157 0.1 51.67 269.69
-215.0 0.021429 0.036424 0.1 52.44 276.45
-216.0 0.021481 0.033339 0.09 53.08 289.36
-217.0 0.021442 0.046187 0.09 52.91 292.53
-218.0 0.021487 0.038247 0.08 52.65 306.98
-219.0 0.021434 0.045184 0.08 51.2 318.49
-220.0 0.021472 0.03739 0.07 49.82 333.85
-221.0 0.021435 0.044247 0.07 48.03 348.27
-222.0 0.021486 0.031545 0.07 45.41 1.59
-223.0 0.021444 0.034907 0.06 43.66 21.98
-224.0 0.021475 0.023764 0.06 41.02 45.05
-225.0 0.021438 0.027166 0.06 38.94 77.92
-226.0 0.02147 0.021225 0.06 37.28 107.87
-227.0 0.021444 0.031112 0.06 35.98 136.18
-228.0 0.021497 0.023074 0.06 35.16 159.77
-229.0 0.021414 0.03734 0.06 34.13 165.07
-230.0 0.021494 0.025587 0.06 33.85 172.95
-231.0 0.021395 0.041227 0.06 33.6 170.84
-232.0 0.021419 0.038637 0.07 34.26 143.88
-233.0 0.0214 0.044525 0.07 34.77 134.13
-234.0 0.021384 0.031682 0.06 36.27 115.95
-235.0 0.021365 0.03614 0.06 37.57 110.56
-236.0 0.021416 0.037739 0.06 38.07 110.36
-237.0 0.021347 0.030541 0.06 40.9 94.37
-238.0 0.021388 0.038883 0.06 41.52 94.37
-239.0 0.02141 0.041619 0.06 43.14 90.84
-240.0 0.021481 0.018483 0.06 44.99 84.85
-241.0 0.021462 0.026691 0.05 46.08 78.0
-242.0 0.021426 0.034702 0.05 47.42 64.79
-243.0 0.021471 0.012397 0.05 48.46 28.38
-244.0 0.021515 0.00719 0.04 48.46 123.41
-245.0 0.021462 0.009126 0.04 47.73 258.58
-246.0 0.021456 0.012603 0.04 46.54 275.76
-247.0 0.021474 0.012959 0.03 43.57 340.68
-248.0 0.02145 0.021294 0.03 39.06 1.02
-249.0 0.021469 0.026237 0.02 32.15 25.45
-250.0 0.021457 0.031223 0.02 21.54 37.75
-251.0 0.021469 0.036339 0.02 9.37 60.43
-252.0 0.021437 0.038852 0.02 357.79 60.5
-253.0 0.021484 0.032983 0.03 347.91 67.86
-254.0 0.021476 0.036459 0.03 343.51 68.02
-255.0 0.021407 0.035282 0.04 343.55 41.65
-256.0 0.021437 0.030954 0.04 341.45 39.84
-257.0 0.021458 0.03037 0.05 343.0 36.47
-258.0 0.021466 0.031446 0.05 344.52 38.19
-259.0 0.021445 0.034893 0.06 347.08 26.77
-260.0 0.021417 0.031013 0.06 350.09 346.77
-261.0 0.021408 0.022656 0.07 353.66 318.37
-262.0 0.021402 0.020556 0.07 357.13 320.23
-263.0 0.021422 0.012423 0.07 1.0 308.61
-264.0 0.021405 0.015593 0.08 4.57 280.91
-265.0 0.021408 0.014347 0.08 8.17 275.39
-266.0 0.021428 0.006992 0.08 12.37 274.14
-267.0 0.021427 0.002954 0.08 16.78 187.12
-268.0 0.021418 0.00755 0.09 21.76 147.06
-269.0 0.021416 0.010386 0.09 25.84 132.17
-270.0 0.02142 0.010662 0.09 30.92 105.72
-271.0 0.021424 0.010133 0.09 35.67 96.46
-272.0 0.021427 0.014637 0.09 40.46 100.13
-273.0 0.021445 0.010312 0.09 45.93 69.93
-274.0 0.021425 0.02179 0.09 52.79 33.99
-275.0 0.021486 0.005668 0.09 58.24 13.75
-276.0 0.021438 0.01516 0.09 63.58 111.4
-277.0 0.021479 0.011657 0.08 69.14 154.12
-278.0 0.021449 0.025483 0.08 75.43 166.0
-279.0 0.021467 0.028751 0.08 81.31 181.86
-280.0 0.021475 0.030911 0.08 87.61 201.7
-281.0 0.021446 0.043156 0.07 94.13 205.67
-282.0 0.02148 0.032195 0.07 101.95 214.98
-283.0 0.021439 0.036777 0.07 108.69 231.89
-284.0 0.021487 0.021681 0.06 116.09 222.23
-285.0 0.021457 0.018868 0.06 124.52 255.12
-286.0 0.021475 0.012504 0.06 132.52 284.1
-287.0 0.02147 0.014109 0.06 140.63 343.98
-288.0 0.021476 0.019378 0.05 149.32 7.9
-289.0 0.021495 0.022333 0.05 159.54 36.34
-290.0 0.021455 0.035327 0.05 170.09 15.47
-291.0 0.021472 0.015466 0.05 180.95 12.0
-292.0 0.021455 0.011877 0.05 190.31 326.9
-293.0 0.02145 0.01053 0.05 199.74 317.06
-294.0 0.021437 0.008931 0.06 208.79 277.49
-295.0 0.021477 0.016452 0.06 216.13 350.31
-296.0 0.021461 0.033604 0.06 223.46 352.64
-297.0 0.021458 0.035068 0.06 230.96 355.36
-298.0 0.021472 0.01665 0.06 236.67 319.93
-299.0 0.021447 0.022034 0.06 241.99 259.25
-300.0 0.021466 0.017011 0.06 247.92 265.75
-301.0 0.021452 0.027098 0.06 253.5 245.89
-302.0 0.021479 0.028019 0.06 258.54 275.08
-303.0 0.021455 0.021131 0.06 263.01 299.25
-304.0 0.021461 0.027428 0.07 266.94 263.25
-305.0 0.021457 0.020052 0.07 271.12 257.26
-306.0 0.021448 0.027354 0.07 274.48 256.09
-307.0 0.021445 0.032388 0.07 277.18 225.36
-308.0 0.021449 0.030276 0.07 279.79 215.21
-309.0 0.021453 0.024993 0.07 282.26 207.92
-310.0 0.021451 0.026012 0.07 284.1 206.19
-311.0 0.021453 0.031635 0.07 285.82 187.61
-312.0 0.021442 0.025099 0.07 287.06 169.96
-313.0 0.021464 0.025071 0.07 288.43 184.54
-314.0 0.021457 0.01814 0.07 288.83 151.43
-315.0 0.021466 0.032733 0.07 289.36 157.16
-316.0 0.021476 0.039853 0.07 289.54 179.77
-317.0 0.021461 0.042486 0.07 290.56 197.34
-318.0 0.021473 0.02779 0.07 290.56 193.48
-319.0 0.021473 0.025278 0.08 291.27 150.01
-320.0 0.021448 0.040471 0.08 292.85 132.13
-321.0 0.021463 0.03145 0.08 293.89 138.94
-322.0 0.021456 0.034971 0.09 294.54 114.31
-323.0 0.021445 0.028941 0.09 295.75 99.63
-324.0 0.021448 0.025685 0.09 297.04 93.81
-325.0 0.021464 0.032003 0.1 298.88 103.94
-326.0 0.021445 0.028309 0.1 301.05 89.53
-327.0 0.021453 0.021141 0.1 303.15 74.9
-328.0 0.021475 0.029159 0.11 305.69 84.18
-329.0 0.02146 0.013799 0.11 307.92 111.88
-330.0 0.021466 0.013881 0.12 310.88 60.07
-331.0 0.021456 0.022655 0.12 314.08 98.03
-332.0 0.021448 0.017414 0.12 316.97 72.68
-333.0 0.021451 0.018718 0.13 320.58 82.91
-334.0 0.021467 0.029422 0.13 323.99 70.14
-335.0 0.021452 0.025975 0.13 327.45 91.86
-336.0 0.021478 0.022514 0.13 331.37 39.61
-337.0 0.021449 0.032073 0.13 335.25 4.4
-338.0 0.021466 0.043397 0.13 338.96 14.55
-339.0 0.021449 0.052936 0.13 342.98 22.59
-340.0 0.021467 0.045167 0.13 347.07 27.63
-341.0 0.02146 0.029107 0.13 350.91 35.03
-342.0 0.021448 0.015429 0.13 354.94 15.96
-343.0 0.021465 0.023462 0.13 359.41 322.54
-344.0 0.021455 0.039539 0.12 4.1 309.53
-345.0 0.021447 0.04914 0.12 8.96 314.88
-346.0 0.021463 0.050231 0.12 13.83 325.02
-347.0 0.021468 0.044177 0.11 19.07 335.06
-348.0 0.021469 0.030309 0.11 23.88 338.94
-349.0 0.021477 0.020118 0.1 28.83 291.75
-350.0 0.021461 0.023161 0.1 33.48 238.77
-351.0 0.02147 0.035815 0.09 39.19 247.36
-352.0 0.021462 0.04417 0.09 44.63 259.68
-353.0 0.021458 0.038015 0.08 50.49 270.43
-354.0 0.021465 0.022201 0.08 57.64 273.07
-355.0 0.021449 0.007333 0.07 65.45 290.46
-356.0 0.021462 0.011936 0.06 72.06 176.05
-357.0 0.021451 0.029424 0.06 78.99 164.93
-358.0 0.021461 0.035958 0.05 87.78 171.12
-359.0 0.021463 0.036785 0.05 97.52 185.35
-360.0 0.021446 0.039056 0.04 109.27 194.24
-361.0 0.021466 0.021719 0.04 122.2 179.15
-362.0 0.021444 0.004715 0.04 135.16 175.69
-363.0 0.021473 0.019279 0.04 147.46 107.37
-364.0 0.021444 0.038731 0.04 162.45 78.81
-365.0 0.021449 0.042287 0.04 177.23 70.75
-366.0 0.021476 0.022651 0.04 190.56 56.34
-367.0 0.021449 0.010883 0.04 205.72 90.67
-368.0 0.021446 0.00856 0.04 215.59 65.49
-369.0 0.021439 0.005575 0.04 225.24 54.74
-370.0 0.021454 0.006111 0.05 232.85 4.71
-371.0 0.021431 0.01849 0.05 240.98 34.41
-372.0 0.021433 0.01486 0.05 247.02 15.54
-373.0 0.021444 0.017301 0.06 252.52 346.61
-374.0 0.021437 0.022365 0.06 258.15 4.27
-375.0 0.021451 0.022918 0.06 262.46 337.22
-376.0 0.021443 0.02548 0.06 266.72 327.21
-377.0 0.021447 0.021856 0.07 270.65 336.37
-378.0 0.021447 0.030596 0.07 273.81 333.2
-379.0 0.021433 0.027268 0.07 276.67 325.7
-380.0 0.021441 0.032561 0.07 279.24 296.77
-381.0 0.021465 0.023903 0.07 282.07 283.63
-382.0 0.021449 0.037729 0.07 284.18 248.77
-383.0 0.021454 0.034601 0.07 284.79 261.61
-384.0 0.021454 0.02816 0.07 285.99 221.97
-385.0 0.021438 0.032186 0.07 286.52 225.89
-386.0 0.021423 0.027164 0.07 286.65 197.18
-387.0 0.021455 0.02273 0.07 286.65 221.72
-388.0 0.021427 0.013563 0.07 286.27 190.35
-389.0 0.021424 0.009069 0.07 285.57 219.61
-390.0 0.021433 0.011324 0.07 284.77 220.77
-391.0 0.021431 0.008905 0.07 283.86 203.24
-392.0 0.021425 0.008563 0.07 283.09 226.2
-393.0 0.021421 0.010546 0.07 282.51 222.2
-394.0 0.021421 0.009959 0.08 281.76 215.58
-395.0 0.021424 0.0135 0.08 281.61 204.08
-396.0 0.021431 0.013068 0.08 281.91 192.91
-397.0 0.021435 0.010476 0.09 282.31 190.5
-398.0 0.021433 0.015607 0.09 283.4 168.45
-399.0 0.021439 0.01687 0.1 284.47 157.32
-400.0 0.021431 0.018929 0.1 285.95 146.71
-401.0 0.02144 0.020684 0.1 287.69 137.34
-402.0 0.021455 0.017815 0.11 289.79 124.49
-403.0 0.021476 0.023104 0.11 292.94 59.61
-404.0 0.021458 0.020248 0.11 294.98 353.79
-405.0 0.021434 0.02453 0.12 296.98 342.51
-406.0 0.021429 0.023544 0.12 299.57 323.09
-407.0 0.021425 0.023102 0.12 302.34 304.64
-408.0 0.021424 0.016621 0.12 305.17 269.87
-409.0 0.021466 0.005804 0.12 307.51 310.71
-410.0 0.021433 0.008022 0.12 310.19 185.6
-411.0 0.021448 0.005407 0.12 312.95 184.29
-412.0 0.021435 0.017385 0.12 316.41 50.02
-413.0 0.021422 0.018417 0.12 319.06 59.13
-414.0 0.021429 0.018359 0.12 321.79 38.59
-415.0 0.021432 0.016506 0.11 324.38 28.17
-416.0 0.021409 0.021288 0.11 327.05 18.18
-417.0 0.02143 0.02245 0.11 329.25 358.72
-418.0 0.021498 0.006834 0.1 331.65 2.88
-419.0 0.021433 0.01946 0.1 333.74 50.94
-420.0 0.021432 0.020269 0.09 335.21 52.93
-421.0 0.021452 0.016357 0.08 336.34 40.29
-422.0 0.021432 0.020561 0.08 336.81 18.43
-423.0 0.02142 0.026889 0.07 336.46 8.34
-424.0 0.021434 0.023436 0.06 335.54 2.69
-425.0 0.021436 0.027201 0.06 333.0 354.48
-426.0 0.02142 0.027493 0.05 329.34 1.87
-427.0 0.021421 0.029733 0.05 323.03 357.69
-428.0 0.021423 0.031639 0.05 314.6 9.33
-429.0 0.02142 0.030606 0.04 305.12 9.76
-430.0 0.021427 0.029199 0.05 296.57 21.66
-431.0 0.021417 0.024953 0.05 287.75 20.97
-432.0 0.021435 0.025469 0.05 281.82 26.5
-433.0 0.021449 0.018548 0.06 277.2 26.42
-434.0 0.021418 0.019141 0.07 274.7 8.66
-435.0 0.021441 0.01213 0.08 273.3 7.02
-436.0 0.021439 0.012524 0.09 273.1 330.17
-437.0 0.021421 0.012469 0.1 273.35 331.86
-438.0 0.021452 0.011459 0.11 274.23 278.2
-439.0 0.021439 0.016509 0.11 275.85 264.51
-440.0 0.021435 0.020796 0.12 277.77 268.85
-441.0 0.021427 0.028243 0.13 280.1 245.07
-442.0 0.021429 0.02829 0.14 282.47 237.11
-443.0 0.021442 0.027112 0.15 284.94 221.57
-444.0 0.021436 0.027923 0.15 287.55 212.65
-445.0 0.021427 0.029847 0.16 290.23 207.3
-446.0 0.021433 0.026552 0.16 292.95 199.79
-447.0 0.021428 0.02181 0.17 295.61 186.42
-448.0 0.02142 0.024879 0.17 298.51 174.99
-449.0 0.021435 0.022987 0.18 301.09 162.92
-450.0 0.021427 0.0209 0.18 303.81 134.15
-451.0 0.021419 0.025312 0.18 306.31 128.7
-452.0 0.021417 0.022387 0.19 309.01 109.48
-453.0 0.021396 0.022661 0.19 311.91 99.51
-454.0 0.021404 0.024752 0.19 314.63 77.7
-455.0 0.021417 0.025845 0.19 317.04 68.99
-456.0 0.021396 0.025518 0.19 319.33 69.5
-457.0 0.021401 0.027939 0.19 321.66 62.23
-458.0 0.021398 0.031005 0.18 323.87 51.44
-459.0 0.021411 0.031654 0.18 326.02 39.82
-460.0 0.021407 0.032419 0.18 327.8 30.22
-461.0 0.021396 0.031171 0.18 329.23 22.88
-462.0 0.021404 0.031094 0.18 330.52 18.38
-463.0 0.021396 0.028475 0.17 331.91 11.5
-464.0 0.021395 0.030236 0.17 332.99 359.59
-465.0 0.021394 0.026634 0.17 334.04 348.69
-466.0 0.021397 0.025777 0.17 334.9 339.67
-467.0 0.021404 0.028984 0.16 335.34 338.52
-468.0 0.021403 0.026917 0.16 335.99 326.69
-469.0 0.02143 0.025864 0.16 336.56 319.48
-470.0 0.021422 0.029654 0.16 337.02 301.52
-471.0 0.02142 0.025478 0.16 337.31 303.88
-472.0 0.021415 0.030555 0.16 337.7 294.94
-473.0 0.021417 0.026583 0.16 338.05 294.53
-474.0 0.021403 0.026031 0.16 338.49 286.43
-475.0 0.021407 0.030149 0.16 339.02 278.17
-476.0 0.021415 0.029876 0.16 339.69 275.08
-477.0 0.021404 0.026557 0.16 340.52 277.59
-478.0 0.021405 0.027341 0.16 341.49 266.33
-479.0 0.021401 0.024849 0.16 342.66 256.75
-480.0 0.021426 0.021736 0.17 343.93 264.53
-481.0 0.021404 0.020441 0.17 345.48 243.83
-482.0 0.021425 0.01726 0.17 347.02 246.95
-483.0 0.021414 0.021284 0.17 348.85 236.29
-484.0 0.021431 0.01484 0.17 350.7 226.61
-485.0 0.021409 0.014031 0.17 352.62 222.61
-486.0 0.021409 0.010844 0.17 354.77 185.1
-487.0 0.021413 0.009829 0.17 357.09 187.46
-488.0 0.0214 0.012818 0.17 359.24 176.73
-489.0 0.021404 0.014236 0.16 1.44 146.64
-490.0 0.021422 0.012848 0.16 4.0 138.38
-491.0 0.021411 0.016365 0.16 6.57 141.49
-492.0 0.021413 0.016679 0.15 8.79 125.01
-493.0 0.021406 0.013931 0.15 11.49 123.28
-494.0 0.021421 0.019216 0.14 14.29 114.2
-495.0 0.021417 0.014325 0.14 16.53 119.13
-496.0 0.02142 0.01572 0.13 19.37 114.13
-497.0 0.021416 0.011295 0.12 21.42 101.59
-498.0 0.021427 0.014075 0.12 23.89 103.4
-499.0 0.02142 0.011637 0.11 26.1 74.15
-500.0 0.02142 0.012976 0.1 27.32 61.85
-501.0 0.021421 0.011579 0.09 28.83 43.27
-502.0 0.021412 0.015368 0.08 29.84 22.22
-503.0 0.021424 0.011848 0.07 30.53 20.79
-504.0 0.021413 0.015668 0.07 30.16 13.57
-505.0 0.021437 0.024235 0.06 27.84 346.92
-506.0 0.021439 0.022586 0.05 23.55 349.64
-507.0 0.021439 0.026296 0.04 16.35 345.93
-508.0 0.021484 0.024423 0.04 6.17 328.47
-509.0 0.021492 0.016714 0.04 352.68 310.87
-510.0 0.02146 0.032754 0.04 339.58 350.74
-511.0 0.021435 0.033344 0.04 328.02 0.57
-512.0 0.021447 0.034956 0.05 320.33 359.08
-513.0 0.02143 0.04242 0.05 316.26 354.5
-514.0 0.021492 0.030573 0.06 313.36 329.42
-515.0 0.021466 0.026737 0.07 311.94 355.35
-516.0 0.021452 0.02522 0.08 311.55 1.69
-517.0 0.021433 0.035018 0.08 312.86 356.31
-518.0 0.021448 0.042774 0.09 314.04 330.75
-519.0 0.021474 0.033244 0.1 315.71 314.17
-520.0 0.021475 0.033821 0.1 318.53 272.11
-521.0 0.021435 0.035722 0.11 321.82 232.09
-522.0 0.021427 0.033398 0.12 324.12 221.24
-523.0 0.021459 0.025419 0.12 326.56 226.93
-524.0 0.021438 0.023086 0.12 328.84 216.02
-525.0 0.02142 0.01423 0.13 331.67 201.3
-526.0 0.021426 0.011684 0.13 334.38 189.28
-527.0 0.021448 0.011706 0.13 337.03 209.24
-528.0 0.021435 0.006641 0.13 339.74 208.73
-529.0 0.02143 0.006881 0.13 342.12 190.63
-530.0 0.021444 0.007294 0.13 344.6 225.92
-531.0 0.021428 0.006726 0.13 347.52 299.04
-532.0 0.021437 0.005707 0.13 349.7 274.41
-533.0 0.021449 0.009457 0.13 351.93 261.44
-534.0 0.021413 0.017489 0.13 354.19 302.03
-535.0 0.021418 0.017452 0.12 355.95 297.5
-536.0 0.02143 0.022623 0.12 358.05 274.59
-537.0 0.021406 0.02759 0.12 359.55 273.86
-538.0 0.021422 0.028348 0.11 1.16 258.71
-539.0 0.021397 0.032354 0.11 1.96 252.42
-540.0 0.021401 0.033385 0.1 2.28 238.39
-541.0 0.021415 0.036769 0.1 2.38 242.1
-542.0 0.021435 0.036939 0.09 2.35 227.96
-543.0 0.021402 0.039086 0.09 1.71 231.51
-544.0 0.021405 0.035111 0.09 0.67 223.01
-545.0 0.021417 0.043046 0.08 358.27 219.21
-546.0 0.021406 0.042542 0.08 356.58 217.8
-547.0 0.02142 0.045765 0.08 353.65 213.72
-548.0 0.021422 0.051004 0.08 351.3 205.29
-549.0 0.02142 0.04674 0.08 349.35 196.32
-550.0 0.021422 0.046917 0.08 346.73 190.59
-551.0 0.021411 0.051168 0.08 344.43 174.3
-552.0 0.021471 0.036306 0.08 344.23 160.22
-553.0 0.021466 0.016718 0.09 343.74 125.69
-554.0 0.021434 0.013616 0.09 343.11 95.01
-555.0 0.021422 0.015135 0.09 342.76 77.35
-556.0 0.021416 0.013495 0.09 342.88 62.17
-557.0 0.021423 0.006289 0.1 343.0 33.15
-558.0 0.021462 0.008989 0.1 344.13 151.34
-559.0 0.021421 0.013854 0.1 345.74 208.0
-560.0 0.021411 0.019909 0.1 346.76 194.31
-561.0 0.021419 0.019808 0.1 347.81 191.78
-562.0 0.021449 0.030971 0.1 349.16 163.15
-563.0 0.021457 0.023771 0.11 350.77 150.36
-564.0 0.021439 0.044038 0.1 351.63 135.76
-565.0 0.02146 0.03276 0.1 353.43 120.33
-566.0 0.021451 0.036302 0.1 355.79 75.2
-567.0 0.021431 0.040326 0.1 357.69 64.46
-568.0 0.021428 0.03738 0.1 358.89 51.09
-569.0 0.02141 0.039501 0.1 0.09 47.86
-570.0 0.021421 0.040971 0.09 1.03 34.18
-571.0 0.021439 0.036451 0.09 1.84 24.29
-572.0 0.021451 0.03572 0.09 2.03 21.04
-573.0 0.021444 0.033252 0.08 1.93 6.43
-574.0 0.021439 0.038588 0.08 1.18 359.44
-575.0 0.021415 0.036123 0.07 359.87 351.59
-576.0 0.021447 0.022557 0.07 358.0 334.4
-577.0 0.021439 0.022428 0.07 354.93 327.51
-578.0 0.021412 0.024475 0.07 351.35 309.82
-579.0 0.021429 0.024615 0.07 347.39 321.87
-580.0 0.021429 0.023058 0.07 342.34 307.48
-581.0 0.021464 0.006957 0.07 337.35 12.41
-582.0 0.021433 0.000597 0.07 332.49 344.7
-583.0 0.021413 0.003823 0.07 329.07 141.44
-584.0 0.021439 0.006994 0.08 326.31 73.55
-585.0 0.021428 0.010616 0.08 324.49 85.57
-586.0 0.021425 0.015728 0.09 323.36 80.06
-587.0 0.021414 0.016649 0.1 323.4 75.9
-588.0 0.021413 0.018152 0.1 323.66 69.16
-589.0 0.021432 0.017657 0.11 324.32 48.44
-590.0 0.021442 0.021413 0.12 325.58 37.57
-591.0 0.021439 0.029007 0.13 327.1 31.33
-592.0 0.021445 0.02874 0.13 328.99 15.78
-593.0 0.021423 0.035056 0.14 331.0 8.13
-594.0 0.021438 0.035012 0.15 333.52 353.57
-595.0 0.021417 0.040937 0.15 335.96 339.99
-596.0 0.021479 0.037275 0.16 338.6 302.31
-597.0 0.021494 0.027818 0.16 341.38 299.61
-598.0 0.021456 0.049972 0.17 344.34 283.34
-599.0 0.021459 0.048575 0.17 347.48 275.89
-600.0 0.021417 0.056811 0.17 350.57 257.24
-601.0 0.021402 0.05461 0.18 353.88 236.87
-602.0 0.021416 0.058722 0.18 357.74 221.74
-603.0 0.021427 0.052956 0.18 0.84 205.81
-604.0 0.021405 0.049401 0.18 3.76 191.81
-605.0 0.021469 0.04051 0.18 7.05 186.78
-606.0 0.021485 0.03764 0.18 10.25 194.79
-607.0 0.021431 0.051258 0.18 13.18 166.67
-608.0 0.02145 0.041271 0.17 16.33 157.08
-609.0 0.021425 0.040641 0.17 19.68 143.52
-610.0 0.021408 0.038081 0.17 22.87 130.77
-611.0 0.021405 0.035154 0.16 26.23 112.32
-612.0 0.021432 0.031084 0.16 29.16 104.33
-613.0 0.021418 0.027683 0.15 32.1 84.43
-614.0 0.021408 0.030762 0.14 34.96 79.13
-615.0 0.021399 0.026887 0.14 37.05 75.93
-616.0 0.021424 0.020754 0.13 39.5 79.76
-617.0 0.02142 0.015702 0.13 41.62 70.87
-618.0 0.021424 0.014048 0.12 43.44 76.33
-619.0 0.021442 0.014853 0.11 45.0 77.1
-620.0 0.021418 0.009996 0.11 46.76 169.07
-621.0 0.02142 0.01467 0.1 47.93 161.83
-622.0 0.021429 0.020818 0.09 48.21 156.14
-623.0 0.021434 0.022348 0.09 48.46 134.88
-624.0 0.021421 0.021558 0.08 48.18 141.42
-625.0 0.021423 0.038958 0.07 47.1 133.41
-626.0 0.021403 0.038362 0.07 45.43 127.09
-627.0 0.021414 0.043631 0.07 43.98 123.21
-628.0 0.02141 0.048539 0.06 41.39 115.66
-629.0 0.021414 0.052753 0.06 38.81 108.17
-630.0 0.021384 0.048821 0.06 36.21 106.67
-631.0 0.021375 0.043506 0.06 33.81 99.51
-632.0 0.021383 0.045295 0.06 31.58 97.68
-633.0 0.021393 0.051342 0.06 29.82 94.81
-634.0 0.021393 0.054494 0.06 28.43 92.09
-635.0 0.021372 0.047253 0.06 28.09 84.07
-636.0 0.021408 0.05294 0.06 27.59 83.6
-637.0 0.021359 0.051061 0.06 27.33 89.78
-638.0 0.021362 0.052941 0.06 27.61 85.97
-639.0 0.021401 0.058113 0.06 28.6 81.51
-640.0 0.02135 0.049506 0.07 29.46 86.25
-641.0 0.021389 0.056783 0.06 30.48 90.28
-642.0 0.021401 0.062339 0.06 31.36 93.89
-643.0 0.021402 0.060332 0.06 34.77 69.03
-644.0 0.021414 0.06501 0.06 37.47 67.69
-645.0 0.021363 0.052095 0.06 38.95 58.32
-646.0 0.021432 0.060233 0.06 42.47 53.12
-647.0 0.021452 0.056207 0.05 44.67 38.18
-648.0 0.021433 0.057169 0.05 46.25 23.86
-649.0 0.021348 0.050153 0.04 49.71 25.54
-650.0 0.021375 0.05568 0.04 51.35 12.73
-651.0 0.021416 0.053115 0.03 51.23 4.17
-652.0 0.021403 0.055872 0.03 51.03 350.72
-653.0 0.0214 0.056726 0.02 48.76 354.88
-654.0 0.021403 0.048363 0.02 43.56 353.95
-655.0 0.021424 0.054397 0.01 28.75 355.16
-656.0 0.021412 0.051363 0.01 1.82 22.97
-657.0 0.021398 0.046982 0.01 334.94 34.82
-658.0 0.021417 0.05055 0.02 316.58 52.99
-659.0 0.021395 0.043621 0.02 312.91 40.14
-660.0 0.021398 0.047604 0.03 309.44 42.64
-661.0 0.021422 0.039039 0.03 310.06 35.32
-662.0 0.021397 0.039827 0.04 311.63 14.9
-663.0 0.0214 0.038857 0.05 313.81 9.25
-664.0 0.021398 0.035229 0.05 315.68 347.1
-665.0 0.021398 0.032489 0.06 319.3 335.32
-666.0 0.021407 0.028704 0.06 322.5 333.87
-667.0 0.021418 0.025188 0.07 325.49 305.41
-668.0 0.021444 0.016964 0.07 329.49 305.8
-669.0 0.02142 0.018724 0.07 333.98 264.26
-670.0 0.021487 0.010019 0.08 337.61 332.56
-671.0 0.021464 0.020456 0.08 341.9 300.04
-672.0 0.02142 0.02616 0.08 346.3 273.38
-673.0 0.021408 0.018981 0.08 350.96 249.31
-674.0 0.021399 0.01885 0.08 355.33 234.81
-675.0 0.021396 0.021614 0.08 359.64 228.62
-676.0 0.021405 0.022606 0.08 4.19 224.85
-677.0 0.02139 0.017974 0.08 8.31 216.94
-678.0 0.021421 0.016047 0.08 13.46 223.89
-679.0 0.021415 0.01135 0.08 18.37 216.77
-680.0 0.021394 0.007061 0.08 23.83 186.58
-681.0 0.021393 0.009608 0.07 29.15 169.36
-682.0 0.021409 0.009238 0.07 34.23 189.21
-683.0 0.021401 0.005438 0.07 40.17 156.16
-684.0 0.021403 0.004448 0.06 46.42 147.44
-685.0 0.021408 0.005476 0.06 52.32 193.73
-686.0 0.021406 0.002864 0.05 59.41 221.47
-687.0 0.021415 0.00503 0.05 67.9 223.7
-688.0 0.021403 0.008748 0.04 76.47 210.73
-689.0 0.021407 0.014539 0.04 88.23 193.87
-690.0 0.021397 0.012899 0.03 101.31 176.26
-691.0 0.021394 0.014566 0.03 117.78 145.67
-692.0 0.021401 0.02133 0.02 138.82 102.71
-693.0 0.021442 0.02488 0.02 159.58 54.66
-694.0 0.02139 0.025251 0.03 177.57 47.54
-695.0 0.021368 0.026653 0.03 194.42 25.8
-696.0 0.021403 0.029832 0.04 210.66 6.88
-697.0 0.021389 0.030581 0.04 223.57 12.79
-698.0 0.021378 0.037045 0.04 234.46 12.72
-699.0 0.021379 0.043711 0.05 243.68 19.59
-700.0 0.021393 0.045466 0.06 249.51 359.81
-701.0 0.021461 0.032162 0.06 254.96 351.57
-702.0 0.021416 0.034659 0.07 260.0 7.92
-703.0 0.021465 0.027004 0.07 264.28 4.18
-704.0 0.021444 0.0189 0.08 269.15 27.23
-705.0 0.021448 0.010292 0.08 273.88 46.36
-706.0 0.02145 0.010037 0.08 278.01 128.63
-707.0 0.021437 0.01619 0.09 282.07 147.49
-708.0 0.021456 0.021316 0.09 285.91 181.77
-709.0 0.021403 0.031902 0.09 290.03 174.95
-710.0 0.021476 0.019303 0.09 292.92 197.25
-711.0 0.021413 0.032568 0.1 296.06 162.66
-712.0 0.021439 0.028842 0.1 299.06 166.47
-713.0 0.021479 0.018366 0.1 301.25 188.66
-714.0 0.021425 0.021183 0.1 303.09 128.88
-715.0 0.021422 0.025434 0.1 305.57 132.89
-716.0 0.021476 0.019263 0.1 307.69 162.37
-717.0 0.021401 0.028775 0.1 309.33 117.46
-718.0 0.021462 0.022177 0.1 312.14 129.99
-719.0 0.02143 0.033439 0.1 313.66 128.82
-720.0 0.021424 0.033581 0.1 315.48 130.42
-721.0 0.021472 0.016796 0.1 316.38 146.4
-722.0 0.021429 0.024361 0.1 316.21 110.29
-723.0 0.021393 0.025792 0.1 315.91 102.56
-724.0 0.021388 0.027861 0.1 316.94 90.0
-725.0 0.021382 0.024342 0.1 316.82 73.12
-726.0 0.021376 0.019722 0.1 317.2 52.33
-727.0 0.021393 0.015923 0.1 317.07 40.4
-728.0 0.0214 0.010608 0.11 317.53 13.04
-729.0 0.021381 0.008967 0.11 317.63 9.22
-730.0 0.021361 0.009279 0.11 318.09 358.65
-731.0 0.021394 0.009787 0.12 318.64 352.06
-732.0 0.021414 0.008808 0.12 319.2 334.93
-733.0 0.021431 0.011777 0.13 320.47 322.15
-734.0 0.021466 0.008757 0.13 322.12 23.68
-735.0 0.021397 0.01978 0.13 324.31 358.47
-736.0 0.021473 0.01336 0.14 326.45 57.22
-737.0 0.021402 0.026188 0.14 328.52 19.04
-738.0 0.021447 0.017844 0.14 330.21 31.76
-739.0 0.021447 0.024121 0.14 332.67 40.05
-740.0 0.0214 0.031211 0.15 335.09 19.07
-741.0 0.021475 0.021228 0.15 337.82 45.85
-742.0 0.021396 0.036718 0.15 340.67 18.52
-743.0 0.021449 0.029153 0.15 343.84 28.1
-744.0 0.021449 0.034925 0.16 346.86 33.7
-745.0 0.021397 0.043408 0.15 350.18 23.57
-746.0 0.02138 0.037836 0.16 353.5 2.16
-747.0 0.021368 0.029304 0.15 357.45 0.08
-748.0 0.02137 0.029525 0.15 2.48 1.86
-749.0 0.02141 0.015943 0.15 6.19 356.79
-750.0 0.021419 0.020087 0.15 9.68 0.36
-751.0 0.021398 0.012484 0.15 13.74 318.36
-752.0 0.021438 0.014956 0.15 17.9 32.3
-753.0 0.021405 0.032555 0.14 21.25 56.89
-754.0 0.02143 0.029674 0.14 26.25 32.21
-755.0 0.02143 0.045655 0.14 29.96 355.0
-756.0 0.021388 0.039766 0.13 35.95 356.78
-757.0 0.021407 0.047644 0.13 40.93 3.27
-758.0 0.021411 0.040344 0.12 45.53 322.98
-759.0 0.021389 0.042762 0.12 50.31 331.57
-760.0 0.021406 0.044355 0.11 54.42 332.63
-761.0 0.021403 0.046763 0.11 60.16 305.62
-762.0 0.021439 0.035429 0.1 65.4 314.94
-763.0 0.021424 0.015565 0.09 71.57 329.43
-764.0 0.021421 0.017869 0.08 78.75 289.67
-765.0 0.021409 0.030433 0.08 84.3 327.15
-766.0 0.021409 0.026792 0.07 92.38 305.41
-767.0 0.021383 0.025414 0.06 103.26 303.4
-768.0 0.021376 0.031179 0.06 111.33 305.04
-769.0 0.021386 0.038495 0.05 116.98 304.73
-770.0 0.021377 0.032233 0.05 129.94 287.85
-771.0 0.021361 0.035503 0.05 141.28 280.07
-772.0 0.021388 0.04088 0.04 150.87 276.11
-773.0 0.021393 0.037163 0.04 169.53 239.92
-774.0 0.021426 0.042247 0.04 186.14 219.42
-775.0 0.02141 0.055595 0.05 200.43 186.43
-776.0 0.021472 0.044583 0.05 214.33 154.04
-777.0 0.021483 0.037274 0.05 226.55 145.05
-778.0 0.021426 0.058384 0.05 235.18 119.81
-779.0 0.021394 0.058362 0.06 244.02 104.37
-780.0 0.021401 0.057476 0.06 252.04 92.27
-781.0 0.021396 0.055217 0.07 259.43 78.51
-782.0 0.021465 0.041649 0.07 264.1 72.03
-783.0 0.021457 0.045014 0.07 269.27 72.9
-784.0 0.021402 0.056408 0.08 274.34 65.6
-785.0 0.021374 0.050822 0.08 279.16 46.04
-786.0 0.02138 0.037168 0.08 282.65 30.57
-787.0 0.021356 0.041132 0.09 286.3 21.12
-788.0 0.021407 0.048814 0.09 289.14 7.52
-789.0 0.021459 0.029011 0.09 293.3 346.83
-790.0 0.021478 0.018382 0.09 296.62 11.93
-791.0 0.02146 0.017238 0.09 299.43 324.77
-792.0 0.021423 0.007291 0.09 302.08 116.48
-793.0 0.021431 0.004589 0.09 303.79 127.09
-794.0 0.021416 0.025641 0.09 305.49 72.74
-795.0 0.021429 0.023336 0.09 307.0 58.25
-796.0 0.021423 0.026859 0.09 307.44 47.73
-797.0 0.021434 0.028506 0.09 308.03 46.08
-798.0 0.021418 0.029606 0.09 308.93 40.48
-799.0 0.02141 0.040706 0.09 308.95 29.25
-800.0 0.021482 0.02336 0.09 308.88 6.53
-801.0 0.021432 0.032321 0.09 308.93 34.17
-802.0 0.021435 0.029446 0.09 308.8 27.55
-803.0 0.021417 0.033198 0.1 308.75 27.54
-804.0 0.021443 0.034103 0.1 308.88 20.04
-805.0 0.021394 0.044565 0.1 308.85 3.55
-806.0 0.021393 0.045101 0.11 309.28 357.75
-807.0 0.021393 0.042948 0.11 309.63 345.53
-808.0 0.021386 0.040974 0.11 310.5 331.42
-809.0 0.021387 0.03906 0.12 310.75 326.13
-810.0 0.021379 0.039694 0.12 313.11 320.56
-811.0 0.02139 0.030837 0.12 315.8 311.66
-812.0 0.021361 0.030222 0.12 318.32 302.16
-813.0 0.021384 0.030809 0.13 320.61 306.8
-814.0 0.021397 0.02796 0.14 323.35 303.88
-815.0 0.021388 0.025832 0.14 326.56 298.18
-816.0 0.02138 0.02627 0.14 330.02 290.77
-817.0 0.021372 0.025841 0.15 333.41 296.35
-818.0 0.021387 0.023422 0.15 336.98 299.34
-819.0 0.021383 0.017856 0.15 340.33 288.41
-820.0 0.021384 0.015599 0.14 343.15 272.96
-821.0 0.021385 0.013042 0.14 345.32 264.69
-822.0 0.021379 0.011205 0.14 347.6 258.71
-823.0 0.021388 0.007929 0.13 350.08 237.15
-824.0 0.021385 0.006622 0.13 353.17 212.87
-825.0 0.02138 0.005938 0.12 355.59 192.45
-826.0 0.021379 0.007175 0.12 358.35 182.25
-827.0 0.021377 0.007097 0.11 0.67 174.07
-828.0 0.021387 0.003466 0.1 2.31 131.68
-829.0 0.021393 0.005421 0.1 4.95 7.51
-830.0 0.021403 0.004411 0.09 6.12 303.31
-831.0 0.021388 0.003856 0.09 7.72 16.07
-832.0 0.021388 0.004951 0.08 10.26 42.3
-833.0 0.021384 0.005639 0.07 12.61 343.13
-834.0 0.021398 0.008288 0.07 14.82 314.74
-835.0 0.021397 0.011944 0.05 15.57 306.58
-836.0 0.021403 0.013422 0.04 11.0 319.07
-837.0 0.021406 0.020859 0.04 6.2 322.67
-838.0 0.021432 0.021358 0.03 356.07 279.46
-839.0 0.021379 0.029475 0.03 341.33 302.85
-840.0 0.021368 0.024429 0.03 320.52 325.04
-841.0 0.021383 0.032167 0.03 310.3 326.51
-842.0 0.021404 0.0243 0.04 300.44 308.06
-843.0 0.02141 0.032489 0.05 298.04 330.16
-844.0 0.021417 0.015034 0.06 293.83 296.9
-845.0 0.02141 0.029908 0.07 291.31 296.28
-846.0 0.021428 0.009128 0.08 292.79 326.1
-847.0 0.021391 0.006475 0.09 293.42 148.2
-848.0 0.021419 0.01173 0.1 295.66 40.76
-849.0 0.021406 0.015495 0.11 297.06 96.72
-850.0 0.02144 0.014475 0.12 300.55 352.09
-851.0 0.021399 0.032012 0.12 303.41 335.45
-852.0 0.021427 0.019455 0.13 305.72 328.18
-853.0 0.021421 0.01544 0.14 308.43 248.07
-854.0 0.021417 0.02062 0.14 311.47 259.14
-855.0 0.021441 0.011147 0.15 314.48 334.85
-856.0 0.021397 0.023921 0.15 317.14 3.26
-857.0 0.021394 0.024686 0.16 320.6 328.59
-858.0 0.021403 0.01528 0.16 323.41 318.96
-859.0 0.021393 0.012573 0.16 326.08 314.63
-860.0 0.02138 0.013276 0.16 329.72 317.01
-861.0 0.021384 0.016562 0.16 333.61 306.42
-862.0 0.02139 0.012376 0.17 337.2 283.82
-863.0 0.021406 0.013033 0.17 339.35 272.03
-864.0 0.021402 0.007016 0.17 342.49 278.74
-865.0 0.021401 0.010544 0.17 345.59 263.81
-866.0 0.021383 0.017196 0.17 348.06 223.34
-867.0 0.021412 0.010615 0.16 350.46 172.04
-868.0 0.021409 0.015588 0.16 353.27 206.05
-869.0 0.02142 0.009522 0.16 355.16 96.89
-870.0 0.021412 0.011624 0.16 357.32 118.04
-871.0 0.021415 0.011354 0.15 359.17 0.49
-872.0 0.02141 0.02138 0.15 0.52 31.86
-873.0 0.021431 0.001992 0.15 2.01 38.7
-874.0 0.0214 0.015313 0.14 3.28 228.87
-875.0 0.021415 0.005152 0.14 3.78 287.06
-876.0 0.02142 0.016608 0.14 4.31 80.22
-877.0 0.021403 0.011789 0.13 4.63 144.68
-878.0 0.021399 0.014827 0.13 5.3 56.24
-879.0 0.02139 0.006715 0.13 5.94 81.46
-880.0 0.021406 0.014151 0.13 6.64 121.23
-881.0 0.021402 0.014444 0.13 6.74 46.8
-882.0 0.021413 0.009324 0.13 6.88 98.61
-883.0 0.021398 0.012669 0.13 7.02 345.04
-884.0 0.021402 0.004118 0.13 7.59 311.76
-885.0 0.021404 0.01055 0.13 8.47 337.29
-886.0 0.021398 0.018018 0.13 9.29 274.23
-887.0 0.021403 0.009765 0.13 10.12 241.59
-888.0 0.021414 0.009175 0.13 11.63 270.61
-889.0 0.021393 0.017158 0.13 12.86 230.54
-890.0 0.021406 0.009416 0.13 14.45 171.49
-891.0 0.021406 0.008133 0.13 16.76 216.83
-892.0 0.021383 0.015269 0.13 18.46 166.86
-893.0 0.021399 0.009968 0.13 20.81 114.45
-894.0 0.021401 0.010134 0.13 22.84 130.07
-895.0 0.021381 0.010201 0.13 24.44 140.92
-896.0 0.021377 0.008412 0.13 26.24 139.05
-897.0 0.021364 0.011628 0.13 29.36 110.35
-898.0 0.021364 0.009827 0.12 31.53 118.36
-899.0 0.021367 0.011031 0.12 35.41 133.73
-900.0 0.021371 0.00832 0.11 38.39 135.98
-901.0 0.021365 0.0084 0.11 42.38 114.15
-902.0 0.021368 0.013638 0.11 44.55 119.95
-903.0 0.02137 0.006239 0.1 49.01 100.62
-904.0 0.021365 0.010562 0.1 51.29 104.55
-905.0 0.021383 0.011319 0.09 52.98 117.53
-906.0 0.021376 0.004215 0.09 57.64 115.73
-907.0 0.021377 0.0054 0.08 62.92 59.47
-908.0 0.021376 0.007525 0.07 69.37 63.02
-909.0 0.021381 0.00919 0.06 76.79 47.44
-910.0 0.021394 0.011621 0.05 85.62 43.46
-911.0 0.021384 0.008402 0.04 88.09 0.08
-912.0 0.021403 0.002931 0.03 93.7 191.35
-913.0 0.021405 0.002936 0.02 102.32 54.98
-914.0 0.021387 0.006233 0.02 106.31 224.87
-915.0 0.021393 0.013678 0.01 134.63 118.13
-916.0 0.021393 0.009611 0.01 208.54 40.27
-917.0 0.021394 0.011781 0.02 272.39 342.85
-918.0 0.021384 0.017346 0.02 278.7 333.2
-919.0 0.021394 0.020381 0.03 287.21 283.2
-920.0 0.021391 0.014925 0.04 289.76 264.64
-921.0 0.021395 0.014743 0.05 296.9 265.58
-922.0 0.021383 0.01497 0.06 305.63 247.28
-923.0 0.021384 0.016245 0.06 311.66 225.76
-924.0 0.021378 0.019271 0.07 316.75 210.44
-925.0 0.021391 0.021512 0.07 320.62 199.45
-926.0 0.021385 0.020834 0.08 322.35 190.13
-927.0 0.021398 0.016893 0.08 326.37 173.66
-928.0 0.021403 0.015116 0.09 331.81 181.5
-929.0 0.021388 0.022271 0.09 336.0 156.66
-930.0 0.021381 0.017386 0.1 339.49 126.64
-931.0 0.021399 0.011486 0.1 344.54 119.56
-932.0 0.021406 0.012841 0.1 347.52 131.86
-933.0 0.021396 0.018733 0.1 351.23 106.27
-934.0 0.021406 0.007152 0.11 355.27 46.04
-935.0 0.021405 0.008078 0.11 359.28 83.95
-936.0 0.021393 0.01189 0.11 3.06 17.72
-937.0 0.0214 0.004757 0.11 6.55 281.79
-938.0 0.021404 0.00291 0.11 9.92 353.31
-939.0 0.02139 0.008733 0.1 13.08 302.21
-940.0 0.021387 0.007774 0.1 16.84 220.7
-941.0 0.021394 0.006799 0.1 19.49 181.37
-942.0 0.021386 0.004807 0.1 22.94 196.8
-943.0 0.021386 0.00541 0.09 27.22 158.15
-944.0 0.021383 0.008056 0.09 31.34 142.3
-945.0 0.021382 0.012892 0.09 35.31 134.18
-946.0 0.021394 0.012892 0.08 37.15 115.4
-947.0 0.021399 0.011129 0.08 39.89 80.43
-948.0 0.021395 0.005219 0.07 40.88 83.65
-949.0 0.021395 0.010809 0.07 41.03 92.57
-950.0 0.021389 0.013533 0.06 42.36 67.5
-951.0 0.021381 0.012871 0.06 43.18 53.24
-952.0 0.021384 0.01424 0.05 44.45 28.97
-953.0 0.021376 0.011509 0.05 41.19 44.55
-954.0 0.021381 0.004659 0.05 39.21 48.78
-955.0 0.021394 0.004358 0.05 40.32 337.56
-956.0 0.021383 0.004804 0.04 36.02 23.02
-957.0 0.021376 0.004682 0.04 30.3 34.56
-958.0 0.021372 0.009319 0.03 27.84 68.54
-959.0 0.021362 0.013458 0.03 28.78 95.17
-960.0 0.021388 0.015554 0.03 30.66 101.5
-961.0 0.021383 0.012262 0.03 30.32 102.32
-962.0 0.021379 0.008091 0.03 23.07 58.25
-963.0 0.021378 0.010694 0.03 19.3 36.54
-964.0 0.021365 0.010252 0.02 20.18 33.55
-965.0 0.021376 0.00787 0.03 20.88 46.87
-966.0 0.021379 0.012445 0.02 18.22 12.5
-967.0 0.021359 0.020082 0.02 22.23 8.7
-968.0 0.021381 0.025621 0.02 28.33 357.36
-969.0 0.021373 0.024855 0.02 27.52 347.88
-970.0 0.021394 0.026327 0.02 28.16 323.34
-971.0 0.021382 0.024278 0.01 36.56 315.68
-972.0 0.021388 0.021581 0.01 49.93 298.95
-973.0 0.021376 0.020279 0.0 73.19 289.09
-974.0 0.021368 0.019341 0.0 142.13 241.32
-975.0 0.021376 0.01846 0.01 194.73 217.65
-976.0 0.02138 0.016881 0.01 209.84 227.18
-977.0 0.021391 0.017108 0.02 218.87 231.49
-978.0 0.021367 0.011225 0.02 224.59 226.8
-979.0 0.02137 0.017154 0.03 231.36 219.68
-980.0 0.021385 0.013295 0.03 235.28 200.98
-981.0 0.021389 0.010044 0.04 237.52 164.6
-982.0 0.021405 0.013889 0.05 240.17 129.95
-983.0 0.02138 0.010239 0.06 246.91 135.61
-984.0 0.021377 0.012863 0.07 251.94 142.37
-985.0 0.021378 0.019552 0.08 255.27 149.79
-986.0 0.021394 0.018895 0.08 259.03 133.96
-987.0 0.021397 0.020712 0.09 261.81 129.07
-988.0 0.02138 0.018943 0.1 265.83 121.63
-989.0 0.021378 0.023435 0.11 268.76 120.07
-990.0 0.021391 0.028775 0.12 271.58 118.11
-991.0 0.021403 0.029064 0.12 274.35 112.31
-992.0 0.021382 0.02657 0.14 280.15 99.23
-993.0 0.021372 0.021716 0.14 287.09 90.46
-994.0 0.021378 0.019957 0.16 291.79 73.47
-995.0 0.021384 0.020427 0.17 295.0 83.65
-996.0 0.021381 0.018121 0.17 297.56 77.21
-997.0 0.021392 0.02286 0.18 300.15 77.97
-998.0 0.021379 0.021109 0.19 305.48 77.05
-999.0 0.021384 0.016805 0.2 312.15 67.4
-1000.0 0.021374 0.013313 0.2 319.02 39.64
