0.0 0.0451 0.016541 0.16 1.72 52.37
1.0 0.045107 0.018154 0.16 1.06 53.91
2.0 0.045139 0.022185 0.16 0.37 57.58
3.0 0.045107 0.021192 0.16 359.64 82.65
4.0 0.045068 0.018166 0.16 358.97 81.96
5.0 0.045012 0.007537 0.16 358.33 149.44
6.0 0.045097 0.014233 0.16 357.71 31.64
7.0 0.045054 0.009771 0.16 357.05 28.08
8.0 0.045006 0.005936 0.16 356.4 143.01
9.0 0.045118 0.011184 0.16 355.73 344.48
10.0 0.045037 0.002049 0.16 355.03 1.34
11.0 0.045071 0.008846 0.16 354.54 224.69
12.0 0.045113 0.015056 0.16 353.91 219.0
13.0 0.045 0.00848 0.16 353.21 136.75
14.0 0.045107 0.019542 0.16 352.7 196.89
15.0 0.045039 0.017332 0.16 352.1 177.58
16.0 0.045057 0.022028 0.16 351.38 150.78
17.0 0.045076 0.022954 0.16 350.77 136.93
18.0 0.045049 0.018176 0.16 350.19 108.21
19.0 0.045099 0.018466 0.16 349.53 89.85
20.0 0.045035 0.007394 0.16 348.97 75.71
21.0 0.045131 0.013864 0.16 348.34 24.01
22.0 0.045 0.007085 0.16 347.56 135.4
23.0 0.045069 0.008182 0.16 347.0 0.12
24.0 0.045035 0.006397 0.16 346.3 334.68
25.0 0.045056 0.010513 0.16 345.61 259.0
26.0 0.045085 0.015292 0.16 345.0 252.45
27.0 0.045016 0.010292 0.16 344.36 200.49
28.0 0.045149 0.023458 0.16 343.71 220.83
29.0 0.045003 0.014823 0.16 343.17 194.74
30.0 0.045121 0.025345 0.16 342.44 176.75
31.0 0.045022 0.017552 0.16 341.69 176.27
32.0 0.045017 0.012049 0.16 341.15 144.71
33.0 0.045139 0.021844 0.16 340.42 131.79
34.0 0.045166 0.024883 0.16 339.69 146.53
35.0 0.045 0.012715 0.16 339.03 170.42
36.0 0.045069 0.015577 0.16 338.38 117.07
37.0 0.045115 0.017787 0.16 337.68 122.44
38.0 0.045124 0.019304 0.16 337.05 118.09
39.0 0.04513 0.01756 0.15 336.49 121.84
40.0 0.045122 0.01972 0.15 335.84 129.96
41.0 0.045132 0.022617 0.15 335.19 137.24
42.0 0.045135 0.024036 0.15 334.55 148.48
43.0 0.045155 0.027703 0.15 333.93 173.78
44.0 0.04502 0.017496 0.15 333.27 183.82
45.0 0.045066 0.004699 0.15 332.63 253.92
46.0 0.045112 0.007368 0.15 332.03 271.67
47.0 0.045124 0.006978 0.15 331.51 300.77
48.0 0.045135 0.00575 0.15 331.05 1.96
49.0 0.045031 0.009613 0.15 330.43 173.82
50.0 0.045153 0.021328 0.14 329.81 161.69
51.0 0.045034 0.013716 0.14 329.18 212.52
52.0 0.045159 0.020504 0.14 328.65 261.87
53.0 0.045114 0.010941 0.14 328.37 277.54
54.0 0.045048 0.013027 0.14 327.86 260.52
55.0 0.045037 0.018676 0.14 327.55 211.35
56.0 0.045122 0.026794 0.14 327.26 205.76
57.0 0.045116 0.022086 0.14 326.77 242.38
58.0 0.045058 0.018249 0.13 326.52 225.94
59.0 0.045043 0.019005 0.13 326.31 186.69
60.0 0.045124 0.021795 0.13 325.99 170.85
61.0 0.045139 0.026537 0.13 325.85 189.77
62.0 0.045152 0.02638 0.13 325.67 193.65
63.0 0.045127 0.025043 0.13 325.6 201.76
64.0 0.045127 0.022845 0.13 325.57 211.02
65.0 0.045106 0.020861 0.13 325.54 214.14
66.0 0.045144 0.021192 0.12 325.48 226.17
67.0 0.045143 0.024013 0.12 325.49 228.73
68.0 0.045136 0.02443 0.12 325.47 230.49
69.0 0.04513 0.02298 0.12 325.46 228.08
70.0 0.045146 0.020801 0.12 325.58 233.47
71.0 0.045154 0.0241 0.12 325.71 239.09
72.0 0.04512 0.020734 0.12 325.9 244.17
73.0 0.045122 0.02319 0.12 326.03 251.57
74.0 0.045147 0.022415 0.12 326.32 279.43
75.0 0.045153 0.019063 0.12 326.56 289.83
76.0 0.045148 0.017297 0.12 326.74 296.65
77.0 0.045158 0.015337 0.12 326.98 307.53
78.0 0.045114 0.010154 0.12 327.15 308.86
79.0 0.045081 0.008586 0.12 327.4 290.09
80.0 0.045082 0.01065 0.12 327.47 304.18
81.0 0.045165 0.002346 0.12 327.75 9.94
82.0 0.045149 0.001617 0.12 327.92 55.44
83.0 0.04513 0.006646 0.12 328.17 191.02
84.0 0.045064 0.007444 0.12 328.19 269.24
85.0 0.045112 0.010639 0.12 328.14 225.33
86.0 0.045159 0.01329 0.12 328.2 233.8
87.0 0.045127 0.014002 0.12 328.3 238.11
88.0 0.045099 0.012338 0.12 328.28 240.02
89.0 0.045138 0.011731 0.12 328.29 287.73
90.0 0.045119 0.006615 0.12 328.17 297.46
91.0 0.045106 0.005014 0.12 327.99 274.16
92.0 0.045086 0.008002 0.12 327.86 265.17
93.0 0.045145 0.002968 0.12 327.77 34.92
94.0 0.045136 0.005423 0.13 327.61 143.19
95.0 0.045125 0.006264 0.13 327.32 160.19
96.0 0.045097 0.008777 0.13 326.98 190.7
97.0 0.04509 0.006352 0.13 326.68 172.82
98.0 0.045136 0.019481 0.13 326.18 209.7
99.0 0.045086 0.013613 0.13 325.9 219.31
100.0 0.045139 0.021345 0.13 325.41 222.47
101.0 0.045063 0.010641 0.13 324.81 255.34
102.0 0.045131 0.017595 0.13 324.43 273.11
103.0 0.045091 0.004929 0.13 324.05 229.33
104.0 0.045082 0.007665 0.13 323.35 277.01
105.0 0.045086 0.018402 0.14 322.49 227.91
106.0 0.045085 0.013106 0.14 321.92 213.65
107.0 0.045106 0.020785 0.14 321.51 269.54
108.0 0.045097 0.019407 0.14 320.82 255.32
109.0 0.045134 0.018497 0.14 320.02 292.64
110.0 0.045082 0.01509 0.14 319.4 270.2
111.0 0.045105 0.014976 0.14 318.57 288.03
112.0 0.045099 0.01217 0.14 317.76 285.74
113.0 0.045107 0.012591 0.14 316.88 308.21
114.0 0.045112 0.015221 0.14 316.09 303.48
115.0 0.045137 0.015503 0.14 315.26 297.85
116.0 0.045087 0.016417 0.14 314.36 330.66
117.0 0.045121 0.020927 0.14 313.47 309.75
118.0 0.045139 0.022756 0.14 312.58 326.31
119.0 0.045089 0.018697 0.14 311.67 340.86
120.0 0.045084 0.016014 0.14 310.85 331.07
121.0 0.045114 0.021328 0.14 309.88 359.76
122.0 0.045109 0.013523 0.14 308.87 8.64
123.0 0.045108 0.013492 0.14 307.89 357.27
124.0 0.045101 0.014775 0.14 307.0 1.02
125.0 0.045128 0.013776 0.14 305.96 35.37
126.0 0.045053 0.009788 0.14 304.92 341.9
127.0 0.045125 0.003553 0.14 303.89 56.82
128.0 0.045086 0.012925 0.14 302.89 349.05
129.0 0.045119 0.011831 0.14 301.9 299.74
130.0 0.045076 0.011037 0.14 300.8 8.18
131.0 0.045127 0.019338 0.14 299.76 345.39
132.0 0.045126 0.016774 0.14 298.69 11.67
133.0 0.045124 0.018224 0.14 297.58 15.6
134.0 0.045131 0.016129 0.14 296.48 19.19
135.0 0.045097 0.012159 0.14 295.29 20.63
136.0 0.045098 0.013088 0.14 294.21 356.51
137.0 0.0451 0.013723 0.14 293.04 12.69
138.0 0.045139 0.010833 0.14 291.97 10.34
139.0 0.045123 0.011212 0.14 290.79 11.54
140.0 0.04514 0.013937 0.13 289.57 3.12
141.0 0.045123 0.014287 0.13 288.38 24.72
142.0 0.045127 0.014353 0.13 287.29 24.13
143.0 0.045122 0.014684 0.13 286.17 20.41
144.0 0.045118 0.015978 0.13 285.0 25.61
145.0 0.045127 0.014641 0.13 283.75 19.83
146.0 0.045149 0.014721 0.13 282.54 25.62
147.0 0.045095 0.017162 0.13 281.34 48.73
148.0 0.045083 0.011171 0.13 280.3 36.57
149.0 0.045088 0.018969 0.12 279.01 84.88
150.0 0.045093 0.014749 0.12 277.83 64.52
151.0 0.045114 0.018197 0.12 276.52 100.78
152.0 0.045076 0.010167 0.12 275.51 74.21
153.0 0.045114 0.013595 0.12 274.28 119.96
154.0 0.045141 0.004607 0.12 272.96 119.64
155.0 0.045116 0.002694 0.12 271.7 121.35
156.0 0.045113 0.006906 0.11 270.43 75.16
157.0 0.045111 0.005313 0.11 269.26 77.56
158.0 0.045117 0.007827 0.11 268.06 115.32
159.0 0.045115 0.001022 0.11 266.75 290.11
160.0 0.045126 0.007763 0.11 265.42 74.87
161.0 0.045103 0.005582 0.11 264.25 138.49
162.0 0.04512 0.005558 0.1 263.03 57.09
163.0 0.045112 0.008402 0.1 261.74 87.32
164.0 0.045109 0.00768 0.1 260.41 106.6
165.0 0.04511 0.003662 0.1 259.05 113.33
166.0 0.045136 0.003422 0.1 257.72 88.32
167.0 0.045123 0.004466 0.1 256.47 86.57
168.0 0.045129 0.004938 0.09 255.11 78.96
169.0 0.045134 0.005709 0.09 253.77 89.89
170.0 0.045096 0.006638 0.09 252.41 126.31
171.0 0.045103 0.003772 0.09 250.87 266.17
172.0 0.045103 0.003841 0.09 249.5 40.35
173.0 0.045136 0.000541 0.09 248.08 110.58
174.0 0.045123 0.000605 0.08 246.67 72.21
175.0 0.045149 0.002702 0.08 245.18 323.75
176.0 0.045107 0.005892 0.08 243.56 336.06
177.0 0.045124 0.011131 0.08 241.9 19.9
178.0 0.045083 0.006492 0.08 240.47 62.74
179.0 0.045127 0.010355 0.08 238.97 38.54
180.0 0.045125 0.011289 0.07 237.31 53.13
181.0 0.045152 0.013513 0.07 235.53 62.74
182.0 0.045122 0.014035 0.07 233.74 81.11
183.0 0.045123 0.010414 0.07 231.98 99.98
184.0 0.04511 0.008475 0.07 230.36 92.12
185.0 0.045135 0.00866 0.06 228.45 106.03
186.0 0.045127 0.00829 0.06 226.65 106.0
187.0 0.045146 0.007831 0.06 224.67 113.02
188.0 0.045118 0.008053 0.06 222.53 116.01
189.0 0.045107 0.011152 0.06 220.27 93.19
190.0 0.045115 0.01344 0.06 218.24 128.1
191.0 0.045113 0.006546 0.06 216.26 127.74
192.0 0.045122 0.008724 0.05 213.88 100.32
193.0 0.045131 0.007819 0.05 211.48 112.18
194.0 0.045134 0.011026 0.05 208.82 112.3
195.0 0.045105 0.010355 0.05 206.25 118.1
196.0 0.045106 0.009038 0.05 203.84 142.11
197.0 0.045077 0.007682 0.05 201.19 160.12
198.0 0.045131 0.009227 0.05 198.3 180.39
199.0 0.045071 0.007462 0.05 195.21 168.74
200.0 0.045153 0.012425 0.04 192.19 216.96
201.0 0.045138 0.012318 0.04 188.97 243.31
202.0 0.045127 0.010422 0.04 185.91 244.08
203.0 0.045134 0.008761 0.04 182.5 265.13
204.0 0.045133 0.004076 0.04 179.14 285.61
205.0 0.045137 0.006783 0.04 175.47 323.12
206.0 0.045147 0.007641 0.04 171.89 318.78
207.0 0.045125 0.008191 0.04 168.16 315.77
208.0 0.045096 0.008032 0.04 164.36 326.23
209.0 0.04512 0.007735 0.04 160.57 347.66
210.0 0.045133 0.002872 0.04 157.13 288.91
211.0 0.045146 0.003605 0.04 153.28 300.08
212.0 0.045111 0.009979 0.04 149.37 310.91
213.0 0.045084 0.008702 0.04 145.5 352.96
214.0 0.045084 0.004733 0.04 142.03 349.28
215.0 0.045103 0.015093 0.04 138.37 8.45
216.0 0.045087 0.00673 0.04 134.89 11.45
217.0 0.045091 0.014714 0.04 131.32 39.45
218.0 0.045116 0.007657 0.04 127.72 43.4
219.0 0.045115 0.015405 0.04 124.5 39.71
220.0 0.045097 0.004255 0.04 121.18 64.15
221.0 0.045104 0.013877 0.04 117.93 79.27
222.0 0.045111 0.007433 0.04 114.9 32.73
223.0 0.045101 0.010144 0.04 112.18 105.78
224.0 0.045095 0.013209 0.04 109.34 62.65
225.0 0.045115 0.004228 0.05 106.32 143.58
226.0 0.045095 0.009075 0.05 103.49 94.04
227.0 0.045118 0.006052 0.05 100.9 122.67
228.0 0.045107 0.005416 0.05 98.4 82.94
229.0 0.04512 0.005501 0.05 95.66 105.76
230.0 0.04513 0.006772 0.05 93.22 121.48
231.0 0.045124 0.001602 0.05 90.78 231.22
232.0 0.045148 0.001908 0.05 88.64 200.32
233.0 0.045131 0.00134 0.05 86.5 150.57
234.0 0.045139 0.003524 0.05 84.17 204.87
235.0 0.04511 0.003486 0.06 82.21 195.59
236.0 0.045115 0.000197 0.06 79.98 109.5
237.0 0.045113 0.002477 0.06 78.07 89.09
238.0 0.045118 0.003404 0.06 75.98 32.42
239.0 0.045145 0.005058 0.06 74.22 16.61
240.0 0.045115 0.007239 0.06 72.28 13.45
241.0 0.045142 0.008142 0.06 70.54 11.33
242.0 0.045104 0.006217 0.06 68.84 8.99
243.0 0.045131 0.004013 0.06 67.0 12.31
244.0 0.045097 0.003914 0.06 65.41 40.92
245.0 0.045125 0.005061 0.07 63.85 85.71
246.0 0.045126 0.008304 0.07 62.3 94.7
247.0 0.045113 0.010788 0.07 60.73 96.57
248.0 0.04514 0.011048 0.07 59.21 89.72
249.0 0.045131 0.01228 0.07 57.73 91.31
250.0 0.045131 0.012729 0.07 56.38 96.77
251.0 0.045123 0.011288 0.07 55.23 96.34
252.0 0.045142 0.00977 0.07 53.87 120.8
253.0 0.045123 0.009719 0.07 52.62 132.42
254.0 0.04513 0.011763 0.07 51.28 140.74
255.0 0.045146 0.01371 0.07 50.05 149.34
256.0 0.045116 0.014665 0.07 48.84 154.18
257.0 0.045141 0.014653 0.07 47.83 152.93
258.0 0.04512 0.013187 0.07 46.82 154.85
259.0 0.045143 0.01354 0.07 45.79 154.72
260.0 0.045127 0.011847 0.07 44.73 165.45
261.0 0.045164 0.01203 0.07 43.72 183.43
262.0 0.045121 0.010522 0.07 42.78 193.62
263.0 0.04514 0.011224 0.07 41.97 200.73
264.0 0.045125 0.011972 0.07 41.24 200.83
265.0 0.04514 0.013317 0.07 40.43 214.42
266.0 0.045115 0.010696 0.07 39.66 212.16
267.0 0.045127 0.009591 0.07 38.97 215.05
268.0 0.045113 0.010136 0.07 38.32 205.23
269.0 0.045127 0.007327 0.07 37.79 208.68
270.0 0.045134 0.007942 0.07 37.26 239.97
271.0 0.045129 0.00331 0.07 36.77 270.48
272.0 0.045127 0.004898 0.07 36.26 268.73
273.0 0.045126 0.005726 0.07 35.86 266.63
274.0 0.045121 0.006767 0.07 35.45 288.75
275.0 0.045113 0.007593 0.07 35.24 273.7
276.0 0.045113 0.005911 0.07 34.97 252.36
277.0 0.045072 0.007259 0.07 34.72 241.4
278.0 0.045115 0.00366 0.07 34.38 231.81
279.0 0.045087 0.005758 0.07 34.25 222.42
280.0 0.045109 0.004554 0.07 34.16 222.16
281.0 0.045102 0.006264 0.07 34.26 213.03
282.0 0.045113 0.008906 0.07 34.23 202.22
283.0 0.045097 0.013004 0.07 34.14 220.35
284.0 0.045078 0.002413 0.07 34.34 288.43
285.0 0.045091 0.013362 0.07 34.45 283.73
286.0 0.045063 0.006104 0.07 34.37 233.35
287.0 0.045126 0.006148 0.07 34.58 35.39
288.0 0.045053 0.005315 0.07 34.93 246.55
289.0 0.045133 0.008216 0.07 35.11 156.76
290.0 0.045108 0.010474 0.07 35.37 207.49
291.0 0.04511 0.011702 0.08 35.58 215.51
292.0 0.045091 0.00627 0.08 35.77 221.69
293.0 0.045141 0.007824 0.08 36.17 196.43
294.0 0.045127 0.011115 0.08 36.48 202.42
295.0 0.04513 0.009243 0.08 36.79 203.71
296.0 0.04513 0.015949 0.08 37.04 205.2
297.0 0.045088 0.017104 0.08 37.36 229.01
298.0 0.045101 0.015051 0.08 37.74 211.56
299.0 0.045093 0.021971 0.08 37.96 242.72
300.0 0.045094 0.016066 0.08 38.2 232.04
301.0 0.045092 0.023716 0.08 38.52 244.67
302.0 0.045088 0.014438 0.08 38.72 236.27
303.0 0.045095 0.020443 0.08 38.94 268.53
304.0 0.04508 0.016269 0.09 39.05 243.22
305.0 0.045085 0.016247 0.09 39.18 268.92
306.0 0.045103 0.021421 0.09 39.49 239.69
307.0 0.045072 0.012773 0.09 39.57 258.18
308.0 0.045081 0.022148 0.09 39.53 262.39
309.0 0.04509 0.015735 0.09 39.65 241.95
310.0 0.045075 0.017005 0.09 39.78 280.47
311.0 0.045092 0.021735 0.09 39.69 255.21
312.0 0.045071 0.013195 0.1 39.65 269.25
313.0 0.045109 0.023079 0.1 39.65 277.34
314.0 0.045082 0.014013 0.1 39.65 255.77
315.0 0.045084 0.016616 0.1 39.42 280.7
316.0 0.04511 0.01411 0.1 39.3 254.02
317.0 0.045091 0.018449 0.1 39.31 296.0
318.0 0.045094 0.020398 0.11 39.09 266.36
319.0 0.045088 0.011304 0.11 38.68 290.22
320.0 0.045111 0.022203 0.11 38.5 288.42
321.0 0.04508 0.014767 0.11 38.31 266.58
322.0 0.045104 0.016232 0.11 37.89 311.4
323.0 0.045091 0.015731 0.12 37.58 283.35
324.0 0.045091 0.016108 0.12 37.29 313.81
325.0 0.045085 0.018935 0.12 36.88 282.08
326.0 0.045072 0.009401 0.12 36.43 308.74
327.0 0.045096 0.018311 0.12 35.98 302.07
328.0 0.04507 0.010421 0.12 35.58 303.94
329.0 0.045091 0.019556 0.13 35.18 308.56
330.0 0.04507 0.011588 0.13 34.65 281.81
331.0 0.045083 0.015875 0.13 34.09 323.12
332.0 0.045089 0.013212 0.13 33.66 293.59
333.0 0.045104 0.016427 0.13 33.07 311.47
334.0 0.045124 0.015619 0.14 32.46 315.88
335.0 0.045121 0.01132 0.14 31.81 323.62
336.0 0.045125 0.01044 0.14 31.24 306.65
337.0 0.045107 0.010717 0.14 30.67 291.36
338.0 0.045115 0.016136 0.15 30.01 311.0
339.0 0.04511 0.012487 0.15 29.24 273.97
340.0 0.045112 0.018647 0.15 28.57 298.4
341.0 0.045106 0.014528 0.15 27.89 303.38
342.0 0.045113 0.01418 0.15 27.16 296.16
343.0 0.045099 0.020803 0.15 26.41 291.26
344.0 0.045077 0.017884 0.16 25.53 324.03
345.0 0.045104 0.021936 0.16 24.85 306.79
346.0 0.045099 0.021878 0.16 24.11 332.12
347.0 0.045093 0.017769 0.16 23.28 310.1
348.0 0.045102 0.018562 0.16 22.49 338.39
349.0 0.045144 0.014962 0.17 21.69 343.3
350.0 0.045107 0.014706 0.17 20.92 324.17
351.0 0.045093 0.022535 0.17 20.12 333.29
352.0 0.045101 0.015814 0.17 19.24 330.51
353.0 0.045136 0.018227 0.17 18.36 323.68
354.0 0.045114 0.024033 0.17 17.62 339.62
355.0 0.045105 0.018153 0.18 16.75 346.8
356.0 0.045109 0.0232 0.18 15.85 337.75
357.0 0.045097 0.024561 0.18 14.98 352.22
358.0 0.045097 0.021833 0.18 14.12 3.59
359.0 0.04508 0.0227 0.18 13.26 348.6
360.0 0.045106 0.024002 0.18 12.42 17.02
361.0 0.045096 0.019293 0.18 11.47 9.55
362.0 0.045115 0.019788 0.18 10.58 8.24
363.0 0.045092 0.022442 0.18 9.76 12.33
364.0 0.045135 0.02238 0.19 8.87 18.12
365.0 0.045119 0.022402 0.19 7.9 24.15
366.0 0.045124 0.02252 0.19 6.99 33.2
367.0 0.045122 0.019337 0.19 6.12 39.53
368.0 0.045114 0.016631 0.19 5.25 43.43
369.0 0.045095 0.018727 0.19 4.43 28.5
370.0 0.045118 0.0138 0.19 3.46 63.84
371.0 0.045103 0.013121 0.19 2.59 27.06
372.0 0.045078 0.015084 0.19 1.72 37.17
373.0 0.04512 0.014087 0.19 0.85 45.82
374.0 0.045099 0.0078 0.19 359.99 32.52
375.0 0.045095 0.018019 0.19 359.05 37.59
376.0 0.045105 0.011331 0.19 358.22 21.11
377.0 0.045114 0.021773 0.19 357.44 42.96
378.0 0.045109 0.016218 0.19 356.58 39.2
379.0 0.045115 0.018987 0.19 355.74 35.82
380.0 0.045112 0.02214 0.19 354.89 42.12
381.0 0.045115 0.019834 0.19 354.11 62.6
382.0 0.045143 0.017141 0.19 353.28 66.04
383.0 0.045086 0.013376 0.19 352.44 42.59
384.0 0.045109 0.018257 0.19 351.63 63.89
385.0 0.045121 0.00992 0.19 350.85 42.26
386.0 0.045135 0.011551 0.19 350.05 38.18
387.0 0.045103 0.018854 0.19 349.27 46.01
388.0 0.045116 0.012103 0.19 348.46 42.46
389.0 0.045143 0.019065 0.19 347.67 32.51
390.0 0.045115 0.022034 0.19 346.93 45.82
391.0 0.045094 0.018253 0.19 346.21 59.64
392.0 0.045111 0.025815 0.19 345.42 48.79
393.0 0.045124 0.02682 0.19 344.65 65.93
394.0 0.045093 0.023679 0.19 343.93 73.36
395.0 0.045104 0.023435 0.19 343.21 66.57
396.0 0.045118 0.028514 0.19 342.46 85.69
397.0 0.045107 0.021384 0.19 341.68 94.61
398.0 0.045105 0.021097 0.19 340.96 93.36
399.0 0.045106 0.025568 0.19 340.25 92.43
400.0 0.045139 0.018227 0.19 339.6 115.05
401.0 0.045109 0.0151 0.19 338.87 101.71
402.0 0.045107 0.01809 0.19 338.15 99.84
403.0 0.045095 0.01745 0.19 337.5 120.86
404.0 0.045103 0.015813 0.19 336.83 83.74
405.0 0.045093 0.01713 0.19 336.18 93.63
406.0 0.045095 0.014808 0.19 335.48 107.09
407.0 0.04511 0.01392 0.19 334.82 83.92
408.0 0.045095 0.021748 0.19 334.2 103.11
409.0 0.045103 0.017517 0.19 333.58 103.71
410.0 0.045061 0.015993 0.19 332.87 98.84
411.0 0.045123 0.024673 0.18 332.2 112.0
412.0 0.045115 0.020836 0.18 331.58 125.21
413.0 0.045115 0.018134 0.18 330.94 119.14
414.0 0.0451 0.02163 0.18 330.31 119.36
415.0 0.04513 0.01844 0.18 329.63 147.47
416.0 0.045103 0.014196 0.18 328.97 132.88
417.0 0.045093 0.017184 0.18 328.35 133.01
418.0 0.045109 0.017321 0.18 327.76 151.77
419.0 0.0451 0.009379 0.18 327.04 120.35
420.0 0.045106 0.014301 0.18 326.4 127.62
421.0 0.045107 0.011994 0.18 325.79 138.01
422.0 0.045116 0.008463 0.18 325.13 119.65
423.0 0.045078 0.019068 0.18 324.5 120.79
424.0 0.045115 0.015507 0.18 323.82 127.44
425.0 0.045124 0.016104 0.18 323.17 115.31
426.0 0.045123 0.020369 0.18 322.5 115.76
427.0 0.04511 0.021306 0.18 321.89 143.59
428.0 0.045105 0.018959 0.18 321.19 132.91
429.0 0.045123 0.024083 0.17 320.5 139.58
430.0 0.045119 0.023984 0.17 319.85 153.16
431.0 0.045096 0.016349 0.17 319.22 153.97
432.0 0.045093 0.021509 0.17 318.53 155.39
433.0 0.045139 0.020108 0.17 317.83 171.46
434.0 0.045102 0.016058 0.17 317.13 175.91
435.0 0.045087 0.018925 0.17 316.47 151.17
436.0 0.045099 0.015407 0.17 315.8 171.31
437.0 0.045135 0.011443 0.17 315.08 162.41
438.0 0.045121 0.013055 0.17 314.36 151.63
439.0 0.045096 0.021731 0.17 313.61 156.16
440.0 0.04507 0.01565 0.16 313.03 174.47
441.0 0.045104 0.026564 0.16 312.3 191.1
442.0 0.045066 0.017568 0.16 311.59 173.98
443.0 0.045087 0.01003 0.16 310.91 216.68
444.0 0.045074 0.018121 0.16 310.23 197.9
445.0 0.045117 0.013129 0.16 309.58 155.63
446.0 0.045102 0.016262 0.16 308.85 168.06
447.0 0.045086 0.015062 0.16 308.21 181.71
448.0 0.045087 0.012952 0.15 307.55 172.47
449.0 0.045115 0.024214 0.15 306.92 194.85
450.0 0.045102 0.021597 0.15 306.22 202.0
451.0 0.045096 0.018114 0.15 305.52 204.93
452.0 0.045105 0.023434 0.15 305.0 203.37
453.0 0.0451 0.013296 0.15 304.25 238.0
454.0 0.045076 0.01739 0.15 303.59 228.29
455.0 0.045132 0.003386 0.14 303.11 232.56
456.0 0.045078 0.007927 0.14 302.5 204.05
457.0 0.045107 0.007801 0.14 301.95 199.86
458.0 0.045098 0.004842 0.14 301.46 220.75
459.0 0.045079 0.020856 0.14 300.93 208.33
460.0 0.045102 0.016336 0.14 300.44 189.52
461.0 0.045053 0.014152 0.13 299.8 243.27
462.0 0.045116 0.021139 0.13 299.3 241.62
463.0 0.045094 0.008007 0.13 299.03 268.58
464.0 0.045101 0.011743 0.13 298.59 248.97
465.0 0.045133 0.008047 0.13 298.29 276.67
466.0 0.045142 0.003472 0.12 297.85 285.61
467.0 0.04509 0.011183 0.12 297.46 192.4
468.0 0.04507 0.007264 0.12 297.22 216.88
469.0 0.045138 0.014804 0.12 297.1 188.67
470.0 0.045121 0.017534 0.12 296.87 193.91
471.0 0.045105 0.018592 0.12 296.71 220.36
472.0 0.045071 0.013145 0.11 296.55 221.73
473.0 0.045118 0.020444 0.11 296.39 221.74
474.0 0.045075 0.008319 0.11 296.55 238.73
475.0 0.04509 0.01417 0.11 296.43 248.95
476.0 0.045106 0.012561 0.11 296.28 185.16
477.0 0.045076 0.007594 0.11 296.29 231.5
478.0 0.045113 0.020854 0.11 296.37 232.19
479.0 0.04509 0.017168 0.1 296.31 206.81
480.0 0.045087 0.008916 0.1 296.72 259.98
481.0 0.045079 0.015846 0.1 296.92 249.55
482.0 0.045091 0.015878 0.1 296.94 201.82
483.0 0.045072 0.007822 0.1 297.08 239.11
484.0 0.045054 0.019548 0.1 297.16 258.13
485.0 0.04509 0.020344 0.1 297.25 230.12
486.0 0.045073 0.007412 0.1 297.37 239.8
487.0 0.045075 0.014884 0.1 297.58 281.54
488.0 0.045063 0.020001 0.1 297.93 243.09
489.0 0.045083 0.012702 0.1 297.97 218.99
490.0 0.045064 0.011953 0.1 298.44 284.85
491.0 0.045083 0.020645 0.1 298.54 269.59
492.0 0.045077 0.013914 0.1 298.69 237.98
493.0 0.045113 0.005748 0.1 298.74 284.87
494.0 0.045069 0.017293 0.1 298.82 278.25
495.0 0.045116 0.02009 0.1 298.94 246.54
496.0 0.045052 0.011074 0.1 298.95 266.07
497.0 0.045143 0.019241 0.1 299.28 308.94
498.0 0.045072 0.014153 0.1 299.52 277.21
499.0 0.045137 0.002495 0.1 299.44 342.87
500.0 0.045077 0.011521 0.1 299.24 289.13
501.0 0.045132 0.013397 0.1 299.22 233.46
502.0 0.045064 0.010353 0.1 299.23 288.93
503.0 0.045127 0.021063 0.1 299.08 283.94
504.0 0.045067 0.012221 0.1 298.68 298.24
505.0 0.045133 0.018901 0.1 298.39 316.24
506.0 0.045105 0.008473 0.1 298.25 336.09
507.0 0.04511 0.012825 0.1 297.72 330.92
508.0 0.045155 0.005544 0.1 297.3 29.79
509.0 0.045102 0.008195 0.1 296.69 295.18
510.0 0.045139 0.000437 0.1 296.17 262.26
511.0 0.045115 0.013544 0.1 295.69 286.01
512.0 0.045112 0.00766 0.1 294.91 294.62
513.0 0.045131 0.017759 0.1 294.24 299.33
514.0 0.045105 0.010932 0.1 293.43 335.17
515.0 0.045113 0.01611 0.1 292.58 328.17
516.0 0.045149 0.01737 0.1 291.77 358.59
517.0 0.045098 0.009678 0.1 290.91 13.08
518.0 0.045119 0.011615 0.1 289.88 0.62
519.0 0.045127 0.010218 0.1 288.96 12.68
520.0 0.045136 0.009016 0.1 287.95 15.77
521.0 0.045168 0.006946 0.1 286.81 57.04
522.0 0.045155 0.009355 0.1 285.71 62.61
523.0 0.045141 0.009797 0.1 284.52 98.49
524.0 0.045139 0.011921 0.1 283.0 127.14
525.0 0.045164 0.012973 0.1 281.75 131.06
526.0 0.04515 0.013045 0.1 280.41 140.8
527.0 0.04515 0.014684 0.1 279.03 166.03
528.0 0.045141 0.016449 0.1 277.59 205.03
529.0 0.045144 0.015118 0.1 276.2 230.02
530.0 0.045154 0.017452 0.1 274.76 235.53
531.0 0.045119 0.014001 0.1 273.31 238.68
532.0 0.045116 0.016778 0.1 271.91 255.94
533.0 0.045122 0.018515 0.1 270.46 258.01
534.0 0.045171 0.021329 0.1 269.03 262.52
535.0 0.045143 0.022918 0.1 267.3 269.92
536.0 0.045148 0.022275 0.1 265.78 274.75
537.0 0.045085 0.019348 0.1 264.16 286.98
538.0 0.045119 0.01989 0.1 262.29 304.92
539.0 0.045142 0.023321 0.09 260.63 306.74
540.0 0.045149 0.023265 0.09 259.04 309.68
541.0 0.045141 0.020577 0.09 257.45 315.06
542.0 0.045118 0.018501 0.09 255.86 332.84
543.0 0.045145 0.022776 0.09 254.04 338.09
544.0 0.04515 0.023334 0.09 252.51 339.68
545.0 0.045129 0.019758 0.09 250.68 345.51
546.0 0.04511 0.017548 0.08 248.92 3.54
547.0 0.045161 0.020652 0.08 247.06 11.72
548.0 0.045159 0.020778 0.08 245.32 15.41
549.0 0.045137 0.017797 0.08 243.4 23.26
550.0 0.045141 0.014145 0.08 241.42 42.76
551.0 0.045152 0.017169 0.07 239.69 46.76
552.0 0.04518 0.015771 0.07 237.87 48.38
553.0 0.045129 0.013028 0.07 236.0 49.22
554.0 0.045154 0.009695 0.07 233.91 70.44
555.0 0.045153 0.012942 0.07 231.93 80.5
556.0 0.045157 0.0133 0.07 229.92 76.8
557.0 0.045121 0.010321 0.06 227.88 82.77
558.0 0.045136 0.006275 0.06 225.96 102.61
559.0 0.045165 0.009091 0.06 223.92 122.23
560.0 0.045145 0.008911 0.06 221.83 119.47
561.0 0.045139 0.006317 0.06 219.64 114.43
562.0 0.045128 0.001221 0.05 217.44 136.46
563.0 0.045157 0.004648 0.05 215.12 189.02
564.0 0.045132 0.005147 0.05 212.91 172.82
565.0 0.045119 0.001833 0.05 210.58 144.65
566.0 0.045118 0.002256 0.05 208.08 6.3
567.0 0.045156 0.00434 0.05 205.97 303.7
568.0 0.045133 0.002465 0.04 203.42 281.74
569.0 0.045108 0.001111 0.04 201.2 3.84
570.0 0.045142 0.00503 0.04 198.67 42.05
571.0 0.045144 0.006117 0.04 196.13 33.63
572.0 0.045144 0.005539 0.04 193.34 41.7
573.0 0.045123 0.004587 0.04 190.68 31.48
574.0 0.045146 0.003786 0.04 187.89 52.69
575.0 0.045123 0.003157 0.04 185.33 109.6
576.0 0.045152 0.003256 0.03 182.54 121.6
577.0 0.045147 0.004542 0.03 179.7 111.67
578.0 0.045154 0.004965 0.03 176.88 101.6
579.0 0.045143 0.0059 0.03 173.97 90.97
580.0 0.045168 0.004524 0.03 170.95 76.21
581.0 0.045145 0.003568 0.03 167.77 72.28
582.0 0.045156 0.001745 0.03 164.69 50.82
583.0 0.045155 0.001102 0.03 161.79 147.98
584.0 0.04514 0.001679 0.03 158.75 186.03
585.0 0.045157 0.002487 0.03 155.77 183.1
586.0 0.045154 0.002623 0.03 153.01 154.09
587.0 0.045153 0.004385 0.03 150.0 136.92
588.0 0.045158 0.004406 0.03 147.17 103.59
589.0 0.045153 0.002098 0.03 144.25 83.74
590.0 0.045155 0.00166 0.03 141.33 173.77
591.0 0.045165 0.002625 0.03 138.64 178.45
592.0 0.045148 0.00357 0.03 135.96 147.92
593.0 0.045167 0.003051 0.03 133.41 68.53
594.0 0.045137 0.003082 0.03 130.96 50.61
595.0 0.04515 0.005097 0.03 128.49 61.45
596.0 0.045113 0.009408 0.03 126.14 94.85
597.0 0.045131 0.007183 0.03 124.27 127.99
598.0 0.045126 0.005956 0.04 121.89 109.04
599.0 0.045166 0.009334 0.04 119.77 102.68
600.0 0.045142 0.01271 0.04 117.58 133.26
601.0 0.045162 0.013582 0.04 115.56 143.0
602.0 0.045144 0.012661 0.04 113.7 167.04
603.0 0.045142 0.010445 0.04 111.75 174.95
604.0 0.045104 0.007631 0.04 110.02 155.83
605.0 0.045142 0.013472 0.04 108.21 174.1
606.0 0.045125 0.009035 0.05 106.29 210.7
607.0 0.045123 0.00515 0.05 104.38 190.34
608.0 0.045116 0.008968 0.05 102.76 184.7
609.0 0.045134 0.006879 0.05 101.0 229.65
610.0 0.045122 0.006241 0.05 99.47 136.92
611.0 0.045111 0.008737 0.05 97.91 198.49
612.0 0.045106 0.004107 0.06 96.29 149.18
613.0 0.045119 0.012756 0.06 94.69 163.81
614.0 0.045095 0.009112 0.06 93.2 201.25
615.0 0.045139 0.008488 0.06 91.66 176.13
616.0 0.045123 0.008702 0.06 90.05 184.84
617.0 0.045123 0.011073 0.06 88.42 184.61
618.0 0.045121 0.014621 0.07 86.91 204.73
619.0 0.045127 0.013551 0.07 85.31 223.47
620.0 0.045126 0.011205 0.07 83.96 230.13
621.0 0.045106 0.009037 0.07 82.41 228.19
622.0 0.045126 0.010246 0.07 80.83 221.04
623.0 0.045125 0.012439 0.08 79.39 225.71
624.0 0.045139 0.013909 0.08 77.77 237.05
625.0 0.045116 0.012374 0.08 76.21 258.5
626.0 0.045139 0.008606 0.08 74.74 263.91
627.0 0.045144 0.009105 0.08 73.26 264.23
628.0 0.045156 0.010934 0.09 71.85 266.03
629.0 0.045155 0.011777 0.09 70.29 261.67
630.0 0.045143 0.010795 0.09 68.8 254.18
631.0 0.045159 0.009397 0.09 67.34 245.55
632.0 0.045145 0.008947 0.09 65.84 240.41
633.0 0.045136 0.010741 0.09 64.23 254.46
634.0 0.04513 0.009088 0.1 62.77 267.48
635.0 0.045138 0.007067 0.1 61.3 264.81
636.0 0.04514 0.006992 0.1 59.75 256.79
637.0 0.045107 0.008452 0.1 58.43 237.98
638.0 0.045146 0.014126 0.1 56.88 252.37
639.0 0.045121 0.014725 0.1 55.42 265.4
640.0 0.045154 0.014796 0.11 53.91 275.94
641.0 0.045105 0.014368 0.11 52.37 284.45
642.0 0.045128 0.012315 0.11 50.81 294.36
643.0 0.04512 0.011691 0.11 49.57 280.79
644.0 0.045127 0.013761 0.11 48.11 286.0
645.0 0.045131 0.014093 0.11 46.64 291.64
646.0 0.045122 0.014698 0.11 45.2 300.43
647.0 0.045143 0.014457 0.11 43.75 306.07
648.0 0.04511 0.014383 0.12 42.41 312.88
649.0 0.045144 0.012706 0.12 40.93 314.11
650.0 0.045131 0.011905 0.12 39.58 314.62
651.0 0.045135 0.009622 0.12 38.27 312.36
652.0 0.045141 0.009245 0.12 36.92 312.41
653.0 0.045146 0.007624 0.12 35.59 307.42
654.0 0.045164 0.005657 0.12 34.27 304.5
655.0 0.045135 0.007402 0.12 32.97 302.71
656.0 0.045134 0.011373 0.12 31.74 313.87
657.0 0.045123 0.01109 0.12 30.51 330.84
658.0 0.04515 0.01093 0.12 29.36 321.68
659.0 0.045157 0.011195 0.12 28.25 322.63
660.0 0.04514 0.013019 0.12 27.09 328.88
661.0 0.045167 0.012363 0.12 25.93 335.0
662.0 0.045134 0.013306 0.12 24.83 344.23
663.0 0.045153 0.013612 0.12 23.74 351.62
664.0 0.045149 0.012774 0.12 22.73 356.76
665.0 0.045133 0.011309 0.12 21.73 0.57
666.0 0.045128 0.008659 0.12 20.72 8.75
667.0 0.045095 0.008321 0.12 19.78 27.46
668.0 0.045102 0.007934 0.12 18.98 26.0
669.0 0.045118 0.011678 0.12 18.07 42.28
670.0 0.045146 0.010978 0.12 17.18 83.48
671.0 0.045114 0.005358 0.11 16.45 117.48
672.0 0.045126 0.005487 0.11 15.74 121.58
673.0 0.045117 0.00331 0.11 15.16 156.59
674.0 0.045095 0.00274 0.11 14.47 86.84
675.0 0.045119 0.006017 0.11 13.96 182.03
676.0 0.045149 0.006627 0.11 13.4 225.79
677.0 0.045137 0.006955 0.11 12.96 257.07
678.0 0.045123 0.0074 0.11 12.47 303.62
679.0 0.045108 0.0028 0.11 12.27 320.96
680.0 0.04515 0.008443 0.11 11.94 303.9
681.0 0.04514 0.007578 0.11 11.68 315.18
682.0 0.045151 0.011628 0.1 11.54 331.24
683.0 0.045137 0.012753 0.1 11.52 14.99
684.0 0.045103 0.008313 0.1 11.33 28.62
685.0 0.04512 0.009877 0.1 11.46 19.24
686.0 0.045143 0.01217 0.1 11.41 29.13
687.0 0.045139 0.014874 0.1 11.48 46.89
688.0 0.045135 0.012512 0.1 11.58 87.43
689.0 0.045098 0.008833 0.1 11.78 77.05
690.0 0.045106 0.010365 0.1 12.03 88.66
691.0 0.045113 0.012334 0.1 12.41 92.52
692.0 0.045146 0.014363 0.1 12.74 117.18
693.0 0.045123 0.007667 0.1 13.06 146.72
694.0 0.045103 0.006611 0.1 13.34 145.24
695.0 0.045117 0.008291 0.1 13.74 130.43
696.0 0.045121 0.011903 0.1 14.02 150.35
697.0 0.045149 0.006201 0.1 14.56 191.5
698.0 0.045128 0.005061 0.1 14.94 202.76
699.0 0.045116 0.005641 0.1 15.34 134.57
700.0 0.045094 0.007046 0.1 15.64 180.34
701.0 0.045146 0.005695 0.1 16.04 208.11
702.0 0.045134 0.002561 0.1 16.36 239.05
703.0 0.045106 0.006058 0.1 16.76 115.7
704.0 0.045108 0.00561 0.1 17.08 125.83
705.0 0.04509 0.007908 0.1 17.45 151.13
706.0 0.045098 0.004969 0.11 17.51 149.75
707.0 0.045112 0.013738 0.11 17.82 139.37
708.0 0.045093 0.011666 0.11 17.94 182.15
709.0 0.045102 0.01214 0.11 18.25 164.74
710.0 0.045147 0.016661 0.11 18.18 177.87
711.0 0.045119 0.014629 0.11 18.2 180.56
712.0 0.045146 0.016087 0.11 18.16 195.5
713.0 0.045124 0.015049 0.12 18.08 199.88
714.0 0.045145 0.015065 0.12 18.13 223.43
715.0 0.04515 0.011239 0.12 18.01 240.43
716.0 0.045152 0.011433 0.12 17.74 251.96
717.0 0.045161 0.009673 0.12 17.44 251.17
718.0 0.045131 0.008334 0.13 17.05 250.17
719.0 0.045134 0.009321 0.13 16.65 254.27
720.0 0.045117 0.007124 0.13 16.29 256.11
721.0 0.045142 0.006113 0.13 15.85 245.08
722.0 0.045104 0.006544 0.13 15.39 248.72
723.0 0.045131 0.004253 0.13 14.91 243.46
724.0 0.045116 0.004194 0.14 14.32 261.79
725.0 0.045125 0.003187 0.14 13.73 251.59
726.0 0.04512 0.001212 0.14 13.13 155.25
727.0 0.045125 0.002754 0.14 12.42 91.75
728.0 0.04515 0.004051 0.14 11.76 82.7
729.0 0.045143 0.005696 0.14 11.15 88.21
730.0 0.045158 0.007439 0.15 10.46 105.47
731.0 0.045134 0.006715 0.15 9.81 107.5
732.0 0.045134 0.004582 0.15 9.05 129.54
733.0 0.045111 0.006919 0.15 8.21 154.71
734.0 0.045129 0.008728 0.15 7.44 170.9
735.0 0.045116 0.008996 0.15 6.64 179.84
736.0 0.04515 0.011427 0.15 5.85 180.64
737.0 0.045147 0.014583 0.15 5.13 176.09
738.0 0.045142 0.015025 0.15 4.36 179.39
739.0 0.045146 0.01495 0.16 3.56 180.64
740.0 0.045156 0.014982 0.16 2.76 188.46
741.0 0.045132 0.017311 0.16 1.92 197.55
742.0 0.045107 0.015552 0.16 1.06 204.97
743.0 0.045119 0.016894 0.16 0.3 217.57
744.0 0.0451 0.016807 0.16 359.49 227.59
745.0 0.04512 0.015958 0.16 358.69 235.36
746.0 0.045106 0.017571 0.16 357.95 245.62
747.0 0.045153 0.019637 0.16 357.15 256.63
748.0 0.045141 0.017548 0.16 356.35 260.4
749.0 0.045134 0.019357 0.16 355.59 263.29
750.0 0.045145 0.020605 0.16 354.82 268.36
751.0 0.045124 0.019001 0.16 354.1 272.97
752.0 0.045133 0.021169 0.16 353.38 278.33
753.0 0.045122 0.019544 0.16 352.61 282.56
754.0 0.045121 0.01912 0.16 351.9 292.88
755.0 0.045092 0.017335 0.16 351.19 293.38
756.0 0.045115 0.017203 0.16 350.47 298.21
757.0 0.045116 0.01855 0.16 349.78 295.65
758.0 0.045148 0.01917 0.16 349.14 333.25
759.0 0.045124 0.0117 0.16 348.53 339.72
760.0 0.045118 0.01076 0.16 347.86 348.06
761.0 0.045111 0.011455 0.16 347.19 334.54
762.0 0.045128 0.010185 0.16 346.5 17.95
763.0 0.04515 0.004912 0.16 345.89 57.27
764.0 0.045103 0.000332 0.16 345.33 144.13
765.0 0.045068 0.003931 0.16 344.71 342.04
766.0 0.045122 0.005586 0.16 344.14 192.32
767.0 0.04514 0.008311 0.16 343.49 216.03
768.0 0.045125 0.012561 0.16 342.91 262.14
769.0 0.045079 0.009653 0.16 342.37 280.11
770.0 0.045094 0.010793 0.16 341.83 268.89
771.0 0.045118 0.014465 0.16 341.24 269.45
772.0 0.04513 0.018306 0.16 340.68 316.93
773.0 0.045102 0.014107 0.16 340.14 325.78
774.0 0.045126 0.014823 0.16 339.58 329.34
775.0 0.045086 0.01301 0.16 339.14 322.78
776.0 0.04513 0.017223 0.16 338.57 348.73
777.0 0.045062 0.005203 0.16 338.05 297.39
778.0 0.045116 0.00328 0.16 337.54 74.74
779.0 0.045129 0.0065 0.16 337.07 211.34
780.0 0.045061 0.008733 0.16 336.58 303.88
781.0 0.045125 0.014485 0.16 336.05 268.57
782.0 0.045065 0.012067 0.16 335.43 328.76
783.0 0.045129 0.018385 0.16 334.95 317.92
784.0 0.045136 0.018319 0.16 334.49 352.38
785.0 0.045088 0.007805 0.16 334.01 342.86
786.0 0.045127 0.011427 0.16 333.4 22.4
787.0 0.04513 0.001946 0.16 332.86 146.36
788.0 0.04508 0.003284 0.16 332.29 298.9
789.0 0.045114 0.004095 0.16 331.72 280.65
790.0 0.045107 0.00549 0.16 331.16 269.15
791.0 0.045106 0.004854 0.16 330.5 271.82
792.0 0.045144 0.012732 0.16 329.87 259.8
793.0 0.045142 0.016868 0.16 329.25 291.28
794.0 0.04513 0.016936 0.16 328.61 310.53
795.0 0.045096 0.013643 0.16 327.92 324.45
796.0 0.04511 0.013793 0.16 327.3 315.49
797.0 0.045113 0.015232 0.16 326.55 326.3
798.0 0.045141 0.014012 0.16 325.81 340.08
799.0 0.045118 0.012966 0.16 325.09 351.45
800.0 0.045128 0.011598 0.16 324.3 352.5
801.0 0.045115 0.010736 0.16 323.49 351.1
802.0 0.045122 0.013615 0.16 322.78 355.97
803.0 0.045136 0.008926 0.16 321.95 27.07
804.0 0.045153 0.005758 0.16 321.12 28.28
805.0 0.045146 0.002429 0.16 320.23 319.38
806.0 0.045122 0.01015 0.16 319.35 330.4
807.0 0.045112 0.006501 0.16 318.45 348.06
808.0 0.045134 0.01223 0.16 317.57 308.77
809.0 0.045089 0.015457 0.16 316.65 346.71
810.0 0.045095 0.012005 0.16 315.84 329.83
811.0 0.045119 0.020063 0.16 314.79 356.19
812.0 0.045093 0.010893 0.16 313.81 9.42
813.0 0.04511 0.018716 0.16 312.98 9.51
814.0 0.045111 0.007539 0.16 311.96 29.14
815.0 0.045092 0.013466 0.16 311.08 19.52
816.0 0.045141 0.003769 0.16 309.99 48.03
817.0 0.045087 0.011693 0.16 308.94 355.3
818.0 0.045108 0.006025 0.16 308.02 6.04
819.0 0.045105 0.017374 0.16 306.97 357.73
820.0 0.0451 0.010143 0.16 306.03 12.13
821.0 0.045124 0.0201 0.16 304.89 15.92
822.0 0.045115 0.011567 0.16 303.78 38.99
823.0 0.045112 0.019713 0.15 302.87 36.49
824.0 0.045108 0.007315 0.15 301.8 47.71
825.0 0.045092 0.014622 0.15 300.75 54.4
826.0 0.045111 0.007432 0.15 299.71 357.69
827.0 0.045081 0.009615 0.15 298.71 56.07
828.0 0.045125 0.015872 0.15 297.52 8.74
829.0 0.045082 0.009274 0.15 296.53 40.9
830.0 0.045137 0.020119 0.14 295.47 40.7
831.0 0.045103 0.012223 0.14 294.28 57.66
832.0 0.045116 0.018314 0.14 293.33 51.81
833.0 0.045108 0.016719 0.14 292.28 75.03
834.0 0.045149 0.014198 0.14 291.16 83.25
835.0 0.045118 0.012001 0.14 290.05 87.75
836.0 0.045101 0.01128 0.13 288.89 47.29
837.0 0.045102 0.012019 0.13 287.91 79.06
838.0 0.045137 0.006142 0.13 286.88 76.07
839.0 0.045114 0.006709 0.13 285.82 59.79
840.0 0.04511 0.017164 0.13 284.76 57.31
841.0 0.045093 0.012705 0.12 283.65 72.34
842.0 0.045127 0.014942 0.12 282.73 51.17
843.0 0.045128 0.021602 0.12 281.69 76.74
844.0 0.045118 0.017464 0.12 280.63 86.27
845.0 0.04512 0.017431 0.11 279.65 89.87
846.0 0.045141 0.017614 0.11 278.65 85.49
847.0 0.045114 0.017618 0.11 277.59 90.08
848.0 0.045132 0.016854 0.11 276.68 96.18
849.0 0.045113 0.016533 0.1 275.8 100.96
850.0 0.045136 0.01662 0.1 274.88 106.81
851.0 0.045128 0.015799 0.1 274.11 122.6
852.0 0.045154 0.016249 0.1 273.34 129.41
853.0 0.045125 0.016207 0.09 272.56 136.44
854.0 0.045155 0.016232 0.09 271.79 142.02
855.0 0.045124 0.016883 0.09 271.02 144.81
856.0 0.045144 0.014757 0.09 270.39 151.91
857.0 0.04511 0.010257 0.08 269.59 139.15
858.0 0.045139 0.013578 0.08 269.32 140.33
859.0 0.045124 0.013441 0.08 268.72 161.22
860.0 0.045146 0.007383 0.07 268.41 166.53
861.0 0.045145 0.00611 0.07 268.03 153.85
862.0 0.045155 0.006647 0.07 267.77 167.71
863.0 0.045144 0.008512 0.07 267.53 154.22
864.0 0.045137 0.01033 0.06 267.39 148.56
865.0 0.045147 0.010818 0.06 267.51 138.89
866.0 0.045139 0.007124 0.06 267.67 159.26
867.0 0.04518 0.009125 0.06 268.07 171.13
868.0 0.045131 0.008032 0.06 268.56 181.33
869.0 0.045123 0.006009 0.05 269.2 165.77
870.0 0.045141 0.003271 0.05 269.83 210.03
871.0 0.045167 0.001525 0.05 270.84 153.05
872.0 0.045146 0.001505 0.05 271.84 129.05
873.0 0.045152 0.002098 0.05 272.97 121.09
874.0 0.045126 0.00821 0.04 274.57 109.3
875.0 0.045139 0.009759 0.04 276.11 124.38
876.0 0.045144 0.010728 0.04 277.89 122.89
877.0 0.045128 0.011439 0.04 279.93 129.99
878.0 0.045113 0.010918 0.04 282.08 154.35
879.0 0.04513 0.008867 0.04 283.63 138.46
880.0 0.045122 0.010606 0.04 285.87 138.53
881.0 0.0451 0.010644 0.04 287.92 149.68
882.0 0.045093 0.01194 0.04 290.39 145.16
883.0 0.045141 0.016688 0.04 292.32 181.3
884.0 0.045133 0.012328 0.04 294.04 203.02
885.0 0.045128 0.009605 0.04 296.07 204.33
886.0 0.045145 0.010309 0.04 297.68 217.92
887.0 0.045117 0.008962 0.04 299.34 229.15
888.0 0.045073 0.006976 0.04 300.37 201.05
889.0 0.045128 0.008913 0.04 301.93 272.37
890.0 0.045137 0.006927 0.04 302.82 325.08
891.0 0.045151 0.006482 0.04 303.46 344.54
892.0 0.045135 0.005746 0.04 303.8 34.62
893.0 0.045096 0.000794 0.04 304.56 33.18
894.0 0.045114 0.005641 0.04 304.81 37.41
895.0 0.045127 0.007214 0.04 305.12 65.35
896.0 0.045104 0.006925 0.04 305.24 73.4
897.0 0.045119 0.009015 0.04 304.91 97.92
898.0 0.045127 0.009007 0.04 304.3 163.55
899.0 0.045075 0.003158 0.04 304.18 95.95
900.0 0.045121 0.009349 0.04 303.81 190.73
901.0 0.045085 0.003868 0.04 302.96 16.95
902.0 0.045096 0.005948 0.05 302.58 274.69
903.0 0.045073 0.008185 0.05 302.0 86.57
904.0 0.045082 0.007475 0.05 301.43 28.05
905.0 0.045091 0.00819 0.05 300.52 122.64
906.0 0.045088 0.00955 0.05 299.74 68.27
907.0 0.045094 0.006125 0.05 298.23 197.3
908.0 0.045086 0.00622 0.05 297.17 141.67
909.0 0.045126 0.00686 0.05 296.35 201.21
910.0 0.045101 0.003289 0.05 294.88 6.83
911.0 0.045105 0.004567 0.05 293.88 184.33
912.0 0.0451 0.006795 0.04 292.31 37.29
913.0 0.045095 0.004294 0.04 291.08 134.12
914.0 0.045123 0.008058 0.04 290.0 66.72
915.0 0.045105 0.010078 0.04 288.32 149.25
916.0 0.045105 0.007835 0.04 287.06 117.09
917.0 0.045146 0.013774 0.04 285.22 154.83
918.0 0.045079 0.004355 0.04 283.8 163.3
919.0 0.045136 0.014086 0.04 282.33 189.24
920.0 0.045089 0.004914 0.04 280.48 216.03
921.0 0.045102 0.004229 0.04 278.6 212.56
922.0 0.045112 0.005345 0.04 276.81 204.5
923.0 0.045134 0.005844 0.04 274.73 213.34
924.0 0.0451 0.008265 0.04 272.65 226.35
925.0 0.045097 0.006678 0.03 270.94 257.77
926.0 0.045105 0.010575 0.03 268.82 192.06
927.0 0.045099 0.009213 0.03 266.71 239.89
928.0 0.045093 0.009685 0.03 264.04 197.86
929.0 0.045096 0.01263 0.03 261.48 249.46
930.0 0.045113 0.008229 0.03 258.65 239.91
931.0 0.045105 0.007948 0.03 256.08 246.6
932.0 0.045125 0.011252 0.03 253.14 242.05
933.0 0.04515 0.014406 0.02 249.5 258.31
934.0 0.045118 0.015971 0.02 245.7 276.44
935.0 0.045095 0.014087 0.02 241.17 310.87
936.0 0.04508 0.013747 0.02 237.15 294.97
937.0 0.045119 0.017532 0.02 233.06 331.23
938.0 0.045125 0.013831 0.02 227.88 356.02
939.0 0.045123 0.01159 0.02 222.28 7.97
940.0 0.045087 0.012112 0.02 215.6 344.32
941.0 0.045135 0.008744 0.02 208.04 58.63
942.0 0.045114 0.00196 0.01 199.81 23.02
943.0 0.04513 0.001832 0.01 191.85 24.91
944.0 0.045081 0.008393 0.01 182.95 23.86
945.0 0.045115 0.001383 0.01 174.02 3.91
946.0 0.04512 0.01117 0.01 163.96 13.47
947.0 0.045117 0.011424 0.01 155.14 50.49
948.0 0.045093 0.007161 0.01 146.99 58.1
949.0 0.045134 0.014314 0.02 140.72 57.23
950.0 0.045123 0.016093 0.02 133.68 86.96
951.0 0.045138 0.014472 0.02 127.49 107.88
952.0 0.045092 0.008978 0.02 122.04 118.99
953.0 0.045114 0.011804 0.02 117.06 116.63
954.0 0.045134 0.01176 0.02 112.5 129.63
955.0 0.045152 0.013472 0.02 109.07 148.42
956.0 0.045119 0.010022 0.02 105.79 176.16
957.0 0.045124 0.005098 0.03 102.91 156.56
958.0 0.045082 0.010356 0.03 100.22 149.82
959.0 0.045124 0.005931 0.03 97.25 204.54
960.0 0.045119 0.00372 0.03 94.59 118.07
961.0 0.045132 0.007539 0.03 92.52 135.23
962.0 0.045124 0.008075 0.03 90.39 155.95
963.0 0.045145 0.007957 0.03 88.55 138.42
964.0 0.045134 0.008754 0.04 86.79 134.35
965.0 0.045126 0.011413 0.04 84.97 146.4
966.0 0.045093 0.01322 0.04 83.29 172.61
967.0 0.04511 0.008498 0.04 81.74 170.71
968.0 0.045109 0.01956 0.04 80.06 191.15
969.0 0.045093 0.011864 0.04 78.86 198.87
970.0 0.045126 0.019868 0.04 77.76 214.32
971.0 0.045132 0.016055 0.05 76.49 240.29
972.0 0.045093 0.012179 0.05 75.37 225.21
973.0 0.045126 0.017124 0.05 74.13 237.09
974.0 0.045121 0.009501 0.05 73.05 258.24
975.0 0.045075 0.009824 0.05 72.22 214.6
976.0 0.045103 0.010793 0.05 71.32 241.12
977.0 0.045135 0.008081 0.05 70.42 183.23
978.0 0.045118 0.0158 0.05 69.51 210.53
979.0 0.045111 0.011774 0.06 68.66 211.13
980.0 0.045127 0.012834 0.06 67.9 205.44
981.0 0.04511 0.01424 0.06 67.29 211.45
982.0 0.045126 0.015779 0.06 66.63 225.07
983.0 0.045103 0.014794 0.06 66.11 224.9
984.0 0.045134 0.018885 0.06 65.54 232.78
985.0 0.045141 0.020764 0.06 64.95 239.15
986.0 0.045155 0.020192 0.06 64.34 246.82
987.0 0.04511 0.019545 0.07 63.86 252.02
988.0 0.045134 0.019247 0.07 63.43 266.32
989.0 0.045129 0.012996 0.07 63.17 293.29
990.0 0.045108 0.008918 0.07 62.76 266.2
991.0 0.045103 0.010429 0.07 62.37 280.58
992.0 0.045103 0.009839 0.07 62.07 276.81
993.0 0.045136 0.000656 0.07 61.58 237.94
994.0 0.04513 0.008747 0.07 61.21 203.17
995.0 0.045076 0.009851 0.08 60.96 225.19
996.0 0.045108 0.006762 0.08 60.54 218.74
997.0 0.045117 0.019051 0.08 60.28 214.0
998.0 0.045129 0.020261 0.08 59.87 228.1
999.0 0.045086 0.018816 0.08 59.38 240.72
1000.0 0.045116 0.017757 0.08 58.97 233.23
