0.0 0.063 0.019041 0.14 224.21 355.35
1.0 0.063029 0.019293 0.14 223.08 358.66
2.0 0.063036 0.019585 0.14 221.87 358.89
3.0 0.06307 0.01976 0.14 220.6 3.33
4.0 0.063041 0.019874 0.14 219.33 3.41
5.0 0.06301 0.019096 0.13 218.26 7.83
6.0 0.063006 0.019681 0.13 216.92 6.86
7.0 0.063003 0.019437 0.13 215.6 10.31
8.0 0.063045 0.020006 0.13 214.61 13.59
9.0 0.063044 0.019872 0.13 213.12 16.1
10.0 0.06308 0.018688 0.13 211.75 15.9
11.0 0.063069 0.02006 0.13 210.86 21.76
12.0 0.063016 0.020283 0.13 209.49 20.39
13.0 0.063026 0.019787 0.13 207.92 23.89
14.0 0.063029 0.019678 0.13 206.85 24.95
15.0 0.063043 0.020147 0.13 205.52 26.24
16.0 0.063048 0.019359 0.12 204.04 29.85
17.0 0.063062 0.019966 0.12 202.77 30.17
18.0 0.063041 0.01834 0.12 201.32 31.04
19.0 0.063015 0.018946 0.12 199.87 36.21
20.0 0.063017 0.019527 0.12 198.8 39.01
21.0 0.063029 0.019475 0.12 197.34 39.48
22.0 0.063029 0.018142 0.12 195.66 45.64
23.0 0.063036 0.018802 0.12 194.57 44.54
24.0 0.063056 0.019346 0.12 193.09 48.22
25.0 0.063054 0.019349 0.12 191.63 50.05
26.0 0.063031 0.018942 0.12 190.23 53.74
27.0 0.063009 0.018137 0.12 188.69 53.18
28.0 0.063047 0.019204 0.11 187.27 54.02
29.0 0.063043 0.018381 0.11 186.08 54.56
30.0 0.063025 0.018166 0.11 184.32 60.76
31.0 0.063064 0.017096 0.11 182.68 64.58
32.0 0.063045 0.018229 0.11 181.68 64.25
33.0 0.063033 0.017249 0.11 179.97 68.06
34.0 0.063049 0.018259 0.11 178.34 72.22
35.0 0.063034 0.018423 0.11 176.91 72.89
36.0 0.063043 0.017984 0.11 175.29 75.0
37.0 0.063016 0.01716 0.11 173.64 79.95
38.0 0.063062 0.018101 0.11 172.1 80.16
39.0 0.063052 0.017444 0.11 170.78 81.03
40.0 0.063048 0.017238 0.11 169.22 85.77
41.0 0.063041 0.016365 0.11 167.63 87.72
42.0 0.063036 0.016462 0.11 165.98 94.12
43.0 0.063028 0.017719 0.11 164.33 94.35
44.0 0.063045 0.017611 0.11 162.81 97.06
45.0 0.063026 0.017321 0.11 161.38 98.84
46.0 0.063017 0.016715 0.11 159.77 102.96
47.0 0.063057 0.017652 0.11 158.22 102.84
48.0 0.063068 0.016881 0.11 156.89 102.9
49.0 0.063043 0.016887 0.11 155.55 106.19
50.0 0.063064 0.016023 0.11 153.85 110.64
51.0 0.063059 0.017407 0.11 152.24 113.3
52.0 0.063008 0.016805 0.11 150.92 112.98
53.0 0.063023 0.017113 0.11 149.42 116.62
54.0 0.063022 0.016882 0.11 147.82 117.92
55.0 0.063038 0.017004 0.11 146.55 119.31
56.0 0.063045 0.01633 0.11 145.04 121.39
57.0 0.063079 0.017322 0.11 143.39 121.94
58.0 0.063053 0.016469 0.11 141.9 123.49
59.0 0.063034 0.016388 0.11 140.75 128.14
60.0 0.063047 0.015624 0.11 139.2 131.9
61.0 0.063046 0.016235 0.11 137.7 133.08
62.0 0.063017 0.015718 0.11 136.3 132.03
63.0 0.063044 0.015522 0.11 134.92 137.92
64.0 0.063061 0.015741 0.11 133.66 139.76
65.0 0.063037 0.014681 0.11 132.24 142.59
66.0 0.063086 0.015673 0.11 130.83 142.48
67.0 0.063073 0.015014 0.11 129.4 142.38
68.0 0.063045 0.014471 0.11 127.96 148.23
69.0 0.06303 0.014465 0.11 126.57 147.96
70.0 0.063003 0.014016 0.11 125.32 150.22
71.0 0.06302 0.014148 0.11 124.09 154.27
72.0 0.063037 0.013794 0.12 122.83 155.94
73.0 0.063066 0.014048 0.12 121.44 159.66
74.0 0.06305 0.014044 0.12 120.0 157.12
75.0 0.063047 0.013337 0.12 118.66 159.11
76.0 0.06303 0.013609 0.12 117.42 163.14
77.0 0.063026 0.013056 0.12 116.21 163.04
78.0 0.063041 0.012719 0.12 115.1 165.77
79.0 0.063021 0.013402 0.12 113.86 166.07
80.0 0.063051 0.012645 0.12 112.55 170.82
81.0 0.063066 0.013336 0.12 111.26 172.35
82.0 0.063033 0.01272 0.12 110.08 170.06
83.0 0.063048 0.013051 0.12 108.97 175.12
84.0 0.06306 0.013303 0.12 107.9 175.02
85.0 0.063047 0.012945 0.13 106.61 178.32
86.0 0.063058 0.012686 0.13 105.39 174.92
87.0 0.06305 0.011653 0.13 104.24 178.27
88.0 0.063007 0.012661 0.13 103.13 183.37
89.0 0.063034 0.011812 0.13 102.08 183.7
90.0 0.063052 0.012071 0.13 100.97 187.76
91.0 0.06303 0.012167 0.13 99.78 185.54
92.0 0.063053 0.012337 0.13 98.61 191.21
93.0 0.063062 0.012628 0.13 97.67 190.53
94.0 0.063029 0.011571 0.13 96.66 193.95
95.0 0.063068 0.012569 0.13 95.6 192.99
96.0 0.063069 0.01205 0.14 94.48 192.29
97.0 0.063054 0.012027 0.14 93.35 197.56
98.0 0.063057 0.01089 0.14 92.34 200.91
99.0 0.063048 0.011536 0.14 91.43 207.74
100.0 0.063006 0.011945 0.14 90.37 202.73
101.0 0.06305 0.011223 0.14 89.17 209.72
102.0 0.063086 0.012003 0.14 88.2 211.44
103.0 0.063049 0.011265 0.14 87.33 212.89
104.0 0.063063 0.011788 0.14 86.32 210.1
105.0 0.063027 0.010482 0.15 85.14 214.01
106.0 0.063021 0.010972 0.15 84.18 216.79
107.0 0.063033 0.010815 0.15 83.36 217.58
108.0 0.063062 0.010229 0.15 82.32 215.97
109.0 0.063047 0.009812 0.15 81.24 221.94
110.0 0.063045 0.010527 0.15 80.3 223.32
111.0 0.06307 0.009971 0.15 79.39 226.83
112.0 0.063059 0.010361 0.15 78.46 227.14
113.0 0.063043 0.009843 0.16 77.42 224.12
114.0 0.063051 0.010191 0.16 76.39 227.57
115.0 0.063031 0.009951 0.16 75.56 226.53
116.0 0.063009 0.009614 0.16 74.7 231.83
117.0 0.063055 0.009413 0.16 73.71 225.26
118.0 0.06308 0.008605 0.16 72.67 230.9
119.0 0.06305 0.009732 0.16 71.72 232.83
120.0 0.063064 0.00903 0.16 70.85 235.5
121.0 0.063052 0.009671 0.16 70.01 237.0
122.0 0.063024 0.009082 0.17 68.99 233.08
123.0 0.063051 0.010087 0.17 68.01 236.54
124.0 0.063038 0.009841 0.17 67.17 233.59
125.0 0.063027 0.009422 0.17 66.36 238.93
126.0 0.063061 0.009354 0.17 65.44 233.36
127.0 0.063058 0.008717 0.17 64.46 239.11
128.0 0.063031 0.009806 0.17 63.62 239.46
129.0 0.063054 0.009167 0.17 62.81 243.19
130.0 0.063059 0.009609 0.18 61.87 245.01
131.0 0.063022 0.009142 0.18 60.92 243.69
132.0 0.063024 0.009635 0.18 60.11 242.24
133.0 0.063033 0.009204 0.18 59.34 243.39
134.0 0.063056 0.009855 0.18 58.45 245.88
135.0 0.063072 0.009362 0.18 57.5 241.0
136.0 0.06305 0.009256 0.18 56.56 246.52
137.0 0.063027 0.009664 0.18 55.78 245.94
138.0 0.063016 0.009595 0.18 54.97 250.1
139.0 0.063042 0.009562 0.19 54.13 250.65
140.0 0.063052 0.009112 0.19 53.18 252.36
141.0 0.063058 0.010009 0.19 52.25 254.04
142.0 0.063043 0.009604 0.19 51.45 251.76
143.0 0.063031 0.009429 0.19 50.66 256.65
144.0 0.063036 0.009576 0.19 49.85 252.76
145.0 0.063049 0.00911 0.19 48.99 253.85
146.0 0.063031 0.009655 0.19 48.06 256.63
147.0 0.063055 0.008804 0.19 47.17 256.35
148.0 0.063058 0.009204 0.2 46.46 259.22
149.0 0.06306 0.009188 0.2 45.64 258.36
150.0 0.063041 0.010123 0.2 44.74 260.91
151.0 0.063021 0.009564 0.2 43.84 259.33
152.0 0.063044 0.01009 0.2 43.1 265.36
153.0 0.063063 0.010499 0.2 42.34 261.34
154.0 0.06306 0.010485 0.2 41.45 264.02
155.0 0.06305 0.010274 0.2 40.56 263.8
156.0 0.063023 0.009781 0.2 39.72 269.89
157.0 0.063033 0.01036 0.2 38.95 269.37
158.0 0.063049 0.009819 0.21 38.25 269.23
159.0 0.06305 0.010111 0.21 37.41 273.34
160.0 0.063056 0.009793 0.21 36.51 274.66
161.0 0.063043 0.010174 0.21 35.7 277.54
162.0 0.06301 0.010176 0.21 34.97 272.5
163.0 0.063031 0.010378 0.21 34.22 277.62
164.0 0.063061 0.010936 0.21 33.42 275.8
165.0 0.063061 0.010004 0.21 32.56 276.96
166.0 0.063048 0.010343 0.21 31.73 280.65
167.0 0.06302 0.010609 0.21 30.98 281.22
168.0 0.063022 0.010645 0.21 30.22 285.31
169.0 0.063063 0.010492 0.21 29.52 286.22
170.0 0.063065 0.010059 0.22 28.7 287.96
171.0 0.063063 0.011088 0.22 27.83 289.42
172.0 0.063032 0.010555 0.22 27.03 288.27
173.0 0.063012 0.010478 0.22 26.31 292.29
174.0 0.063043 0.010381 0.22 25.56 288.57
175.0 0.063081 0.009794 0.22 24.82 289.01
176.0 0.06306 0.010318 0.22 23.99 292.65
177.0 0.063042 0.010067 0.22 23.14 297.19
178.0 0.063036 0.010678 0.22 22.4 298.07
179.0 0.063023 0.010209 0.22 21.69 296.25
180.0 0.063046 0.010751 0.22 20.94 301.53
181.0 0.063069 0.011105 0.22 20.16 301.04
182.0 0.063055 0.010571 0.22 19.32 303.19
183.0 0.063046 0.010709 0.22 18.53 300.73
184.0 0.063037 0.01004 0.22 17.85 301.42
185.0 0.063021 0.010635 0.22 17.12 305.9
186.0 0.063068 0.009699 0.22 16.38 301.49
187.0 0.063085 0.00924 0.22 15.64 307.23
188.0 0.06305 0.010366 0.23 14.85 306.95
189.0 0.063039 0.010196 0.23 14.05 310.17
190.0 0.063031 0.010791 0.23 13.35 310.69
191.0 0.063037 0.01034 0.23 12.66 309.22
192.0 0.063093 0.011599 0.23 11.94 312.73
193.0 0.063075 0.011148 0.23 11.18 309.29
194.0 0.063031 0.010305 0.23 10.38 314.93
195.0 0.06303 0.010751 0.23 9.62 313.03
196.0 0.063025 0.010348 0.23 8.97 314.69
197.0 0.06304 0.010699 0.23 8.26 317.07
198.0 0.063078 0.009635 0.23 7.55 318.87
199.0 0.063056 0.010397 0.23 6.8 322.67
200.0 0.063018 0.010884 0.23 6.03 318.04
201.0 0.063026 0.010903 0.23 5.3 323.06
202.0 0.063042 0.011403 0.23 4.66 322.37
203.0 0.063052 0.010783 0.23 3.97 322.06
204.0 0.063064 0.011223 0.23 3.25 324.44
205.0 0.063035 0.011231 0.23 2.53 326.81
206.0 0.063022 0.01106 0.23 1.77 331.76
207.0 0.06304 0.011367 0.23 1.02 332.49
208.0 0.063043 0.010862 0.23 0.32 331.68
209.0 0.063063 0.011226 0.23 359.64 337.41
210.0 0.06306 0.011376 0.23 359.03 337.28
211.0 0.063011 0.010647 0.23 358.29 339.93
212.0 0.063019 0.011357 0.23 357.52 339.04
213.0 0.063031 0.01117 0.23 356.79 339.76
214.0 0.063054 0.011498 0.23 356.14 341.03
215.0 0.063065 0.010569 0.23 355.49 345.33
216.0 0.063047 0.011652 0.23 354.75 347.84
217.0 0.063027 0.011072 0.23 354.03 346.17
218.0 0.063043 0.011223 0.23 353.38 351.73
219.0 0.063052 0.011197 0.23 352.74 356.56
220.0 0.063028 0.011856 0.23 352.01 355.76
221.0 0.063032 0.011237 0.23 351.28 354.79
222.0 0.063088 0.012076 0.23 350.65 357.47
223.0 0.063073 0.011718 0.23 350.06 357.17
224.0 0.063037 0.011717 0.23 349.31 3.57
225.0 0.063058 0.010697 0.23 348.58 1.56
226.0 0.063049 0.010683 0.23 348.01 9.67
227.0 0.063008 0.011774 0.23 347.34 6.54
228.0 0.063027 0.011343 0.23 346.61 10.93
229.0 0.063053 0.01158 0.23 345.91 12.1
230.0 0.063039 0.010814 0.23 345.25 13.43
231.0 0.063076 0.012101 0.22 344.64 14.54
232.0 0.063076 0.011672 0.22 344.04 12.52
233.0 0.063032 0.011423 0.22 343.33 19.34
234.0 0.063046 0.011142 0.22 342.62 15.71
235.0 0.06306 0.010441 0.22 341.95 19.26
236.0 0.063037 0.011319 0.22 341.31 21.68
237.0 0.063045 0.010789 0.22 340.69 26.0
238.0 0.063039 0.011626 0.22 340.08 27.57
239.0 0.063019 0.01127 0.22 339.4 23.88
240.0 0.063049 0.011724 0.22 338.69 29.41
241.0 0.063063 0.011976 0.22 338.03 27.81
242.0 0.063049 0.011036 0.22 337.4 30.19
243.0 0.063062 0.011695 0.22 336.78 30.5
244.0 0.063053 0.011458 0.22 336.19 31.09
245.0 0.063045 0.011619 0.22 335.52 35.92
246.0 0.063055 0.0111 0.22 334.83 34.85
247.0 0.063034 0.010934 0.22 334.17 39.01
248.0 0.063022 0.01174 0.22 333.53 39.83
249.0 0.063009 0.011305 0.22 332.94 41.89
250.0 0.063027 0.011956 0.22 332.34 46.11
251.0 0.063062 0.012267 0.22 331.7 42.52
252.0 0.063067 0.011596 0.21 331.02 44.15
253.0 0.063052 0.011761 0.21 330.36 47.75
254.0 0.063051 0.011052 0.21 329.71 51.74
255.0 0.063055 0.011759 0.21 329.13 55.63
256.0 0.063031 0.01208 0.21 328.55 52.44
257.0 0.063045 0.012123 0.21 327.9 57.89
258.0 0.063032 0.012133 0.21 327.25 57.09
259.0 0.063009 0.011049 0.21 326.57 60.5
260.0 0.063076 0.012655 0.21 325.91 63.09
261.0 0.063094 0.012467 0.21 325.34 60.24
262.0 0.063051 0.012052 0.21 324.74 66.22
263.0 0.063044 0.011889 0.21 324.14 64.3
264.0 0.063045 0.011045 0.21 323.49 68.38
265.0 0.063031 0.01189 0.21 322.81 72.07
266.0 0.063034 0.011434 0.21 322.15 75.43
267.0 0.063035 0.011958 0.2 321.57 77.31
268.0 0.063032 0.011793 0.2 321.0 74.43
269.0 0.063074 0.012278 0.2 320.38 78.99
270.0 0.063065 0.012041 0.2 319.75 78.54
271.0 0.063039 0.011265 0.2 319.07 82.87
272.0 0.063056 0.01196 0.2 318.41 82.13
273.0 0.063036 0.011506 0.2 317.86 82.54
274.0 0.063025 0.011693 0.2 317.28 86.94
275.0 0.063033 0.011072 0.2 316.66 85.95
276.0 0.063053 0.010936 0.2 315.99 92.64
277.0 0.063062 0.011932 0.2 315.32 92.56
278.0 0.06305 0.011456 0.2 314.69 94.73
279.0 0.063043 0.011711 0.2 314.17 94.87
280.0 0.063031 0.010925 0.19 313.54 94.36
281.0 0.063036 0.011406 0.19 312.86 98.91
282.0 0.063047 0.011299 0.19 312.19 98.43
283.0 0.063053 0.010946 0.19 311.56 102.6
284.0 0.063058 0.010385 0.19 311.02 100.67
285.0 0.063068 0.010301 0.19 310.35 107.72
286.0 0.063051 0.011172 0.19 309.65 106.1
287.0 0.063056 0.011106 0.19 309.07 110.04
288.0 0.063039 0.010951 0.19 308.52 107.61
289.0 0.063015 0.01031 0.19 307.78 112.08
290.0 0.063049 0.011265 0.19 307.09 108.81
291.0 0.063047 0.010502 0.18 306.51 109.61
292.0 0.063047 0.010966 0.18 305.89 113.41
293.0 0.063078 0.009651 0.18 305.21 116.17
294.0 0.063069 0.010403 0.18 304.5 123.56
295.0 0.063021 0.011118 0.18 303.8 118.49
296.0 0.063037 0.010895 0.18 303.14 123.58
297.0 0.063048 0.010852 0.18 302.59 124.06
298.0 0.06303 0.010245 0.18 301.87 127.47
299.0 0.063045 0.011244 0.18 301.11 126.33
300.0 0.06306 0.010508 0.18 300.48 125.72
301.0 0.063056 0.010388 0.18 299.86 131.34
302.0 0.06303 0.010085 0.17 299.16 137.86
303.0 0.063031 0.010789 0.17 298.39 136.4
304.0 0.063036 0.009711 0.17 297.72 136.91
305.0 0.063035 0.010386 0.17 297.1 142.49
306.0 0.063044 0.010088 0.17 296.38 146.83
307.0 0.063082 0.011013 0.17 295.59 147.93
308.0 0.063057 0.009774 0.17 294.93 145.04
309.0 0.063053 0.010235 0.17 294.3 151.56
310.0 0.063055 0.010172 0.17 293.54 149.25
311.0 0.06304 0.009745 0.16 292.74 154.84
312.0 0.06304 0.008726 0.16 292.08 157.12
313.0 0.063057 0.009351 0.16 291.43 164.59
314.0 0.063051 0.009577 0.16 290.61 160.68
315.0 0.063075 0.009587 0.16 289.81 167.77
316.0 0.063073 0.009756 0.16 289.21 167.81
317.0 0.063039 0.009403 0.16 288.48 171.6
318.0 0.063031 0.009285 0.16 287.63 167.62
319.0 0.06303 0.008645 0.16 286.87 174.47
320.0 0.063038 0.009162 0.15 286.23 176.76
321.0 0.063027 0.009122 0.15 285.43 181.75
322.0 0.063051 0.008137 0.15 284.52 177.75
323.0 0.063072 0.007722 0.15 283.8 189.04
324.0 0.063048 0.008981 0.15 283.12 185.75
325.0 0.06304 0.008426 0.15 282.26 189.83
326.0 0.063055 0.008666 0.15 281.38 191.32
327.0 0.063037 0.007832 0.15 280.61 194.69
328.0 0.06304 0.008482 0.14 279.89 192.49
329.0 0.063052 0.007554 0.14 278.99 191.46
330.0 0.063072 0.007571 0.14 278.07 197.86
331.0 0.063076 0.007004 0.14 277.31 206.55
332.0 0.063052 0.007943 0.14 276.57 206.81
333.0 0.06303 0.006998 0.14 275.6 203.89
334.0 0.063051 0.007687 0.14 274.67 212.28
335.0 0.063041 0.007791 0.13 273.89 210.4
336.0 0.063017 0.007338 0.13 273.08 217.5
337.0 0.063052 0.007733 0.13 272.23 211.95
338.0 0.063082 0.006869 0.13 271.23 213.26
339.0 0.063066 0.007143 0.13 270.28 220.39
340.0 0.063041 0.007281 0.13 269.47 228.55
341.0 0.063044 0.007495 0.13 268.65 226.82
342.0 0.063035 0.006727 0.13 267.62 229.36
343.0 0.06304 0.007519 0.12 266.54 235.84
344.0 0.06303 0.007345 0.12 265.62 239.12
345.0 0.063056 0.007843 0.12 264.81 241.69
346.0 0.063057 0.006835 0.12 263.76 240.88
347.0 0.063064 0.007194 0.12 262.61 247.75
348.0 0.063032 0.007331 0.12 261.75 248.22
349.0 0.063029 0.007253 0.11 260.83 253.6
350.0 0.063064 0.006064 0.11 259.8 254.31
351.0 0.063051 0.006537 0.11 258.63 268.48
352.0 0.06303 0.007177 0.11 257.54 262.27
353.0 0.063081 0.007315 0.11 256.58 272.71
354.0 0.063087 0.007361 0.11 255.66 269.35
355.0 0.063026 0.006019 0.11 254.43 277.07
356.0 0.063029 0.007151 0.1 253.2 279.43
357.0 0.063043 0.006546 0.1 252.22 275.31
358.0 0.063041 0.006433 0.1 251.18 284.4
359.0 0.06305 0.005546 0.1 249.98 291.79
360.0 0.063062 0.00658 0.1 248.64 299.33
361.0 0.063062 0.006319 0.1 247.46 295.45
362.0 0.063082 0.006739 0.09 246.33 304.02
363.0 0.063051 0.006463 0.09 245.26 302.37
364.0 0.063013 0.005862 0.09 243.89 313.68
365.0 0.063041 0.006681 0.09 242.47 307.29
366.0 0.063052 0.005652 0.09 241.2 306.86
367.0 0.063047 0.005921 0.09 239.99 317.31
368.0 0.063079 0.004788 0.08 238.75 324.95
369.0 0.063081 0.005736 0.08 237.34 335.55
370.0 0.06304 0.005586 0.08 235.75 326.04
371.0 0.063045 0.005746 0.08 234.36 334.97
372.0 0.063039 0.005757 0.08 233.15 334.17
373.0 0.063022 0.005449 0.08 231.59 344.38
374.0 0.06305 0.00584 0.08 229.87 336.5
375.0 0.063054 0.004906 0.07 228.25 341.47
376.0 0.063043 0.005622 0.07 226.84 349.43
377.0 0.063061 0.005283 0.07 225.27 358.47
378.0 0.063073 0.005609 0.07 223.41 0.36
379.0 0.063048 0.005119 0.07 221.63 3.06
380.0 0.063041 0.005907 0.07 219.95 9.37
381.0 0.063024 0.005772 0.07 218.44 11.5
382.0 0.063028 0.006115 0.06 216.46 18.58
383.0 0.06305 0.005755 0.06 214.27 13.19
384.0 0.063052 0.005479 0.06 212.2 24.46
385.0 0.063042 0.006121 0.06 210.55 26.07
386.0 0.063049 0.006012 0.06 208.56 34.09
387.0 0.063063 0.005904 0.06 206.3 32.63
388.0 0.063036 0.00582 0.06 203.91 41.22
389.0 0.063024 0.00648 0.06 201.76 44.32
390.0 0.063056 0.006911 0.05 199.63 54.63
391.0 0.063074 0.007585 0.05 197.37 52.3
392.0 0.063044 0.006143 0.05 194.57 56.53
393.0 0.063064 0.007096 0.05 191.84 64.96
394.0 0.063066 0.007089 0.05 189.61 66.66
395.0 0.06304 0.007542 0.05 186.99 76.41
396.0 0.063032 0.006652 0.05 184.02 79.19
397.0 0.063023 0.007105 0.05 180.91 92.85
398.0 0.063024 0.00766 0.05 178.07 92.32
399.0 0.063071 0.008107 0.05 175.3 102.61
400.0 0.063082 0.008077 0.05 172.58 101.83
401.0 0.063044 0.007136 0.05 169.29 111.87
402.0 0.06307 0.008077 0.05 166.07 112.87
403.0 0.063071 0.007327 0.05 163.41 113.45
404.0 0.063037 0.007775 0.05 160.64 125.16
405.0 0.063024 0.007209 0.05 157.52 130.56
406.0 0.063031 0.007812 0.05 154.34 139.6
407.0 0.063045 0.008075 0.05 151.26 139.1
408.0 0.063069 0.008568 0.05 148.49 144.93
409.0 0.063062 0.008405 0.05 145.88 146.99
410.0 0.063041 0.008084 0.05 142.81 156.53
411.0 0.063077 0.008969 0.05 139.6 152.99
412.0 0.063053 0.007916 0.05 136.96 157.56
413.0 0.063017 0.00876 0.05 134.31 166.2
414.0 0.063033 0.007961 0.05 131.64 172.55
415.0 0.06307 0.009 0.05 128.73 179.82
416.0 0.063048 0.008953 0.05 126.01 177.03
417.0 0.063063 0.009323 0.05 123.51 184.86
418.0 0.063059 0.00936 0.05 121.49 187.61
419.0 0.063043 0.0095 0.05 118.98 194.72
420.0 0.063045 0.009526 0.06 116.47 192.6
421.0 0.063037 0.00882 0.06 114.27 197.87
422.0 0.063025 0.009662 0.06 112.27 202.32
423.0 0.063059 0.009011 0.06 110.33 209.76
424.0 0.063082 0.009859 0.06 108.11 213.07
425.0 0.063054 0.009563 0.06 106.0 212.78
426.0 0.063055 0.010066 0.06 104.09 218.15
427.0 0.063053 0.010263 0.06 102.62 222.52
428.0 0.063035 0.010621 0.06 100.67 225.93
429.0 0.063016 0.009997 0.07 98.68 225.4
430.0 0.063027 0.01008 0.07 96.87 231.72
431.0 0.06306 0.010343 0.07 95.44 233.55
432.0 0.063055 0.010541 0.07 93.86 240.88
433.0 0.063056 0.010762 0.07 92.17 239.61
434.0 0.063051 0.009913 0.07 90.43 244.89
435.0 0.063057 0.01083 0.07 88.87 250.19
436.0 0.063056 0.011039 0.07 87.52 253.82
437.0 0.063045 0.011535 0.08 86.16 253.36
438.0 0.063013 0.010559 0.08 84.61 253.8
439.0 0.06303 0.011133 0.08 83.02 259.76
440.0 0.063066 0.011208 0.08 81.88 259.71
441.0 0.063046 0.011417 0.08 80.61 264.82
442.0 0.063043 0.010531 0.08 79.13 264.7
443.0 0.063065 0.011004 0.08 77.85 274.07
444.0 0.06304 0.011762 0.09 76.77 271.32
445.0 0.063024 0.011649 0.09 75.47 274.8
446.0 0.06305 0.01175 0.09 74.14 277.27
447.0 0.063047 0.011541 0.09 72.91 281.75
448.0 0.063069 0.012264 0.09 71.84 279.54
449.0 0.063065 0.011454 0.09 70.88 279.55
450.0 0.063045 0.011745 0.09 69.64 285.01
451.0 0.06303 0.011277 0.1 68.41 290.81
452.0 0.063037 0.01225 0.1 67.37 295.19
453.0 0.06302 0.011866 0.1 66.54 290.73
454.0 0.063043 0.012122 0.1 65.41 296.54
455.0 0.063049 0.012323 0.1 64.18 299.3
456.0 0.063056 0.012856 0.1 63.19 302.99
457.0 0.06305 0.012666 0.1 62.28 300.49
458.0 0.063042 0.012281 0.11 61.36 304.32
459.0 0.063034 0.01246 0.11 60.16 308.05
460.0 0.063025 0.012602 0.11 59.16 312.72
461.0 0.063056 0.012034 0.11 58.42 308.65
462.0 0.063053 0.011903 0.11 57.43 317.29
463.0 0.063041 0.013213 0.11 56.33 316.62
464.0 0.063083 0.013353 0.11 55.41 322.72
465.0 0.063085 0.013701 0.12 54.68 321.6
466.0 0.063023 0.012299 0.12 53.78 323.42
467.0 0.063028 0.013316 0.12 52.75 326.69
468.0 0.063046 0.013148 0.12 51.88 325.75
469.0 0.063033 0.01337 0.12 51.12 329.96
470.0 0.063046 0.012417 0.12 50.32 330.64
471.0 0.063048 0.012688 0.12 49.44 337.46
472.0 0.063061 0.013277 0.12 48.52 337.2
473.0 0.063083 0.013787 0.13 47.69 341.61
474.0 0.063051 0.013518 0.13 47.08 339.8
475.0 0.063017 0.013025 0.13 46.2 345.01
476.0 0.063052 0.013991 0.13 45.28 342.15
477.0 0.063036 0.013184 0.13 44.59 343.79
478.0 0.063024 0.013573 0.13 43.86 348.01
479.0 0.06303 0.013819 0.13 42.98 352.15
480.0 0.063061 0.013513 0.13 42.18 348.77
481.0 0.063054 0.012998 0.14 41.57 354.71
482.0 0.063054 0.014218 0.14 40.74 355.97
483.0 0.063057 0.014699 0.14 39.89 358.59
484.0 0.06303 0.01421 0.14 39.29 357.55
485.0 0.063023 0.013977 0.14 38.57 2.98
486.0 0.063041 0.014927 0.14 37.72 0.2
487.0 0.063025 0.014103 0.14 37.04 2.74
488.0 0.063063 0.014485 0.14 36.41 4.22
489.0 0.063055 0.014482 0.15 35.63 9.69
490.0 0.063025 0.015 0.15 34.83 5.87
491.0 0.063043 0.014048 0.15 34.24 12.31
492.0 0.063038 0.015561 0.15 33.57 13.55
493.0 0.063062 0.015602 0.15 32.76 16.99
494.0 0.063072 0.015603 0.15 32.1 16.57
495.0 0.063009 0.014513 0.15 31.49 20.49
496.0 0.06303 0.015823 0.15 30.78 20.76
497.0 0.063062 0.014534 0.15 30.05 19.61
498.0 0.063054 0.014758 0.16 29.4 24.36
499.0 0.063034 0.015064 0.16 28.78 27.47
500.0 0.063058 0.015669 0.16 28.08 28.85
501.0 0.06304 0.015153 0.16 27.37 29.28
502.0 0.063042 0.015459 0.16 26.73 32.59
503.0 0.063056 0.015726 0.16 26.15 35.29
504.0 0.063039 0.016135 0.16 25.44 35.51
505.0 0.06301 0.014988 0.16 24.73 36.28
506.0 0.063068 0.015556 0.16 24.06 39.17
507.0 0.063066 0.015367 0.17 23.5 40.03
508.0 0.063024 0.015664 0.17 22.83 43.43
509.0 0.063046 0.01523 0.17 22.1 41.65
510.0 0.063038 0.015008 0.17 21.43 46.13
511.0 0.063031 0.015665 0.17 20.85 48.06
512.0 0.063072 0.015751 0.17 20.22 53.0
513.0 0.063061 0.016208 0.17 19.55 51.6
514.0 0.063004 0.014659 0.17 18.83 51.55
515.0 0.063039 0.015482 0.17 18.15 55.04
516.0 0.06306 0.015611 0.17 17.61 54.81
517.0 0.06305 0.015611 0.18 17.0 58.64
518.0 0.063057 0.015312 0.18 16.32 56.96
519.0 0.063028 0.014936 0.18 15.63 60.58
520.0 0.063022 0.015585 0.18 14.95 62.79
521.0 0.06307 0.015418 0.18 14.3 66.63
522.0 0.063062 0.015721 0.18 13.7 68.59
523.0 0.063044 0.015915 0.18 13.12 66.0
524.0 0.063036 0.0153 0.18 12.49 67.41
525.0 0.063031 0.015464 0.18 11.79 69.68
526.0 0.063035 0.015018 0.18 11.08 69.84
527.0 0.063073 0.014739 0.19 10.44 71.82
528.0 0.063037 0.015574 0.19 9.84 72.15
529.0 0.063026 0.015812 0.19 9.23 75.73
530.0 0.063055 0.016288 0.19 8.59 76.75
531.0 0.063056 0.015962 0.19 7.88 76.42
532.0 0.06306 0.016546 0.19 7.17 78.76
533.0 0.063069 0.016711 0.19 6.51 78.72
534.0 0.063013 0.015794 0.19 5.85 83.12
535.0 0.063046 0.016803 0.19 5.2 82.61
536.0 0.063068 0.016634 0.19 4.6 82.25
537.0 0.06306 0.016985 0.19 3.93 86.33
538.0 0.063044 0.016948 0.2 3.23 85.18
539.0 0.063035 0.016566 0.2 2.53 88.5
540.0 0.063036 0.017536 0.2 1.79 90.9
541.0 0.063043 0.017627 0.2 1.1 93.03
542.0 0.063053 0.018105 0.2 0.41 97.02
543.0 0.063067 0.01873 0.2 359.75 95.49
544.0 0.063044 0.01819 0.2 359.13 96.71
545.0 0.063034 0.018589 0.2 358.4 99.99
546.0 0.063066 0.017528 0.2 357.69 99.4
547.0 0.063052 0.0173 0.2 356.98 104.35
548.0 0.063041 0.018237 0.2 356.22 106.0
549.0 0.063042 0.018053 0.2 355.48 109.29
550.0 0.063024 0.018784 0.2 354.78 110.53
551.0 0.063041 0.019177 0.2 354.1 110.3
552.0 0.06307 0.019311 0.2 353.43 112.08
553.0 0.063053 0.019078 0.21 352.77 113.76
554.0 0.063046 0.01837 0.21 352.06 114.47
555.0 0.063052 0.017793 0.21 351.35 118.71
556.0 0.063034 0.018789 0.21 350.59 121.02
557.0 0.06306 0.018053 0.21 349.86 123.76
558.0 0.063079 0.018723 0.21 349.16 126.04
559.0 0.063011 0.018727 0.21 348.49 122.39
560.0 0.063038 0.018603 0.21 347.79 127.13
561.0 0.063058 0.01901 0.21 347.17 127.58
562.0 0.063041 0.018063 0.21 346.46 128.72
563.0 0.063075 0.018851 0.21 345.76 130.42
564.0 0.063068 0.018678 0.21 345.03 131.11
565.0 0.063032 0.018418 0.21 344.28 135.98
566.0 0.063035 0.018956 0.21 343.57 136.48
567.0 0.063052 0.018388 0.21 342.9 136.87
568.0 0.06306 0.018726 0.21 342.21 140.23
569.0 0.063045 0.018709 0.21 341.59 140.02
570.0 0.063025 0.017925 0.21 340.88 142.21
571.0 0.063049 0.018896 0.21 340.16 143.38
572.0 0.063052 0.0189 0.21 339.42 144.09
573.0 0.063061 0.018797 0.21 338.68 146.69
574.0 0.063093 0.018507 0.21 337.95 145.2
575.0 0.063057 0.018154 0.21 337.3 147.95
576.0 0.06305 0.018629 0.21 336.62 150.93
577.0 0.063039 0.01832 0.21 335.94 151.74
578.0 0.063013 0.018188 0.21 335.26 153.95
579.0 0.06306 0.019233 0.21 334.55 156.65
580.0 0.06309 0.019679 0.21 333.83 156.75
581.0 0.063044 0.019197 0.21 333.08 159.86
582.0 0.063052 0.019405 0.21 332.36 158.61
583.0 0.063051 0.018523 0.21 331.67 159.76
584.0 0.063027 0.019205 0.21 330.96 163.5
585.0 0.063072 0.017931 0.21 330.28 163.36
586.0 0.063074 0.01803 0.21 329.64 168.27
587.0 0.06304 0.019165 0.21 328.94 167.99
588.0 0.063045 0.018779 0.21 328.22 170.54
589.0 0.063042 0.019318 0.21 327.5 172.16
590.0 0.063033 0.019383 0.21 326.77 171.39
591.0 0.063062 0.019352 0.21 326.05 171.73
592.0 0.063063 0.019456 0.21 325.32 174.66
593.0 0.06306 0.019224 0.21 324.6 174.32
594.0 0.063046 0.018773 0.21 323.9 176.55
595.0 0.06304 0.019348 0.21 323.18 179.87
596.0 0.063024 0.018821 0.21 322.49 180.66
597.0 0.063023 0.019009 0.21 321.86 183.98
598.0 0.063065 0.019824 0.21 321.13 185.03
599.0 0.063065 0.019875 0.21 320.38 186.11
600.0 0.063037 0.019896 0.21 319.61 187.43
601.0 0.06304 0.019392 0.21 318.88 186.96
602.0 0.063046 0.018938 0.21 318.19 189.8
603.0 0.063026 0.019637 0.21 317.5 192.41
604.0 0.063044 0.019054 0.21 316.79 195.36
605.0 0.063075 0.019739 0.21 316.07 197.72
606.0 0.06304 0.019576 0.21 315.27 195.39
607.0 0.063053 0.019902 0.21 314.5 198.96
608.0 0.063059 0.020072 0.21 313.82 199.93
609.0 0.063018 0.019396 0.21 313.12 202.87
610.0 0.063051 0.020477 0.21 312.41 202.3
611.0 0.063079 0.019866 0.21 311.64 201.34
612.0 0.063036 0.020209 0.21 310.84 205.76
613.0 0.063031 0.019567 0.21 310.15 207.78
614.0 0.063054 0.020158 0.21 309.5 211.56
615.0 0.063022 0.020745 0.21 308.74 210.18
616.0 0.063032 0.02074 0.21 307.93 213.23
617.0 0.063062 0.020866 0.21 307.15 214.84
618.0 0.063049 0.020155 0.21 306.39 217.21
619.0 0.063051 0.020858 0.2 305.65 218.74
620.0 0.063047 0.020966 0.2 304.99 219.5
621.0 0.063048 0.021069 0.2 304.22 222.27
622.0 0.06307 0.020619 0.2 303.42 221.17
623.0 0.06305 0.020059 0.2 302.61 224.55
624.0 0.063034 0.020857 0.2 301.8 227.58
625.0 0.063029 0.020498 0.2 301.01 230.56
626.0 0.063046 0.021331 0.2 300.32 233.36
627.0 0.063073 0.021924 0.2 299.58 233.31
628.0 0.063052 0.021577 0.2 298.82 234.74
629.0 0.063028 0.021517 0.2 298.02 236.77
630.0 0.063043 0.021138 0.2 297.21 236.32
631.0 0.063062 0.020433 0.2 296.4 238.7
632.0 0.063031 0.02149 0.2 295.57 241.63
633.0 0.063045 0.020553 0.2 294.74 243.89
634.0 0.063057 0.021493 0.19 293.98 248.09
635.0 0.063031 0.022105 0.19 293.24 246.46
636.0 0.063072 0.022149 0.19 292.45 250.79
637.0 0.063078 0.022615 0.19 291.7 250.83
638.0 0.063011 0.020891 0.19 290.83 251.85
639.0 0.06303 0.02167 0.19 289.95 254.92
640.0 0.063058 0.021758 0.19 289.14 255.51
641.0 0.063055 0.021638 0.19 288.32 259.24
642.0 0.063062 0.022318 0.19 287.58 258.76
643.0 0.063043 0.021784 0.19 286.83 260.31
644.0 0.063032 0.022414 0.19 285.97 263.58
645.0 0.063034 0.022144 0.19 285.11 265.42
646.0 0.063048 0.022011 0.18 284.23 269.88
647.0 0.063069 0.023072 0.18 283.38 270.31
648.0 0.063041 0.02255 0.18 282.62 270.54
649.0 0.063034 0.022753 0.18 281.8 273.66
650.0 0.063073 0.02222 0.18 281.03 271.99
651.0 0.063057 0.021492 0.18 280.24 275.46
652.0 0.06303 0.022449 0.18 279.38 277.94
653.0 0.063053 0.021618 0.18 278.5 281.38
654.0 0.063047 0.022595 0.18 277.62 284.58
655.0 0.063044 0.023065 0.18 276.75 284.46
656.0 0.063058 0.023206 0.17 275.9 287.4
657.0 0.063041 0.023135 0.17 275.17 287.36
658.0 0.063023 0.022335 0.17 274.35 288.47
659.0 0.063065 0.02223 0.17 273.54 290.23
660.0 0.06306 0.022499 0.17 272.66 292.78
661.0 0.063033 0.02251 0.17 271.74 296.28
662.0 0.063051 0.023256 0.17 270.85 298.36
663.0 0.063045 0.023362 0.17 270.01 297.87
664.0 0.063062 0.023397 0.17 269.16 301.18
665.0 0.063075 0.023486 0.16 268.42 302.41
666.0 0.063028 0.022413 0.16 267.56 303.97
667.0 0.063032 0.022986 0.16 266.69 306.39
668.0 0.063047 0.023218 0.16 265.8 307.21
669.0 0.063061 0.023018 0.16 264.89 309.39
670.0 0.063062 0.022556 0.16 264.04 308.83
671.0 0.063021 0.022096 0.16 263.27 311.91
672.0 0.06303 0.022601 0.16 262.43 314.49
673.0 0.063046 0.022074 0.16 261.57 317.1
674.0 0.063059 0.022717 0.16 260.66 319.69
675.0 0.063066 0.023127 0.15 259.73 318.72
676.0 0.063049 0.022734 0.15 258.82 320.87
677.0 0.063026 0.022582 0.15 258.04 322.22
678.0 0.063027 0.021765 0.15 257.2 323.85
679.0 0.063049 0.022052 0.15 256.33 326.22
680.0 0.063036 0.022455 0.15 255.35 327.11
681.0 0.063052 0.02227 0.15 254.39 329.84
682.0 0.063059 0.022446 0.15 253.48 330.6
683.0 0.063007 0.021648 0.15 252.66 331.48
684.0 0.063023 0.022227 0.14 251.77 334.71
685.0 0.063036 0.022532 0.14 250.83 336.13
686.0 0.063023 0.022443 0.14 249.82 339.1
687.0 0.063043 0.022448 0.14 248.84 338.02
688.0 0.063054 0.021264 0.14 247.92 339.66
689.0 0.063034 0.02169 0.14 246.98 343.18
690.0 0.063036 0.021052 0.14 246.01 345.78
691.0 0.063048 0.021561 0.14 245.06 348.5
692.0 0.063019 0.021791 0.14 244.0 347.3
693.0 0.063029 0.021562 0.14 242.9 350.83
694.0 0.063032 0.021646 0.13 241.91 351.72
695.0 0.063004 0.020557 0.13 240.9 353.32
696.0 0.063054 0.021914 0.13 239.92 355.25
697.0 0.063062 0.021768 0.13 238.97 354.77
698.0 0.063032 0.02149 0.13 237.86 359.02
699.0 0.063068 0.021337 0.13 236.74 357.19
700.0 0.063063 0.02027 0.13 235.67 0.66
701.0 0.063015 0.021498 0.13 234.6 3.9
702.0 0.063025 0.020589 0.13 233.56 5.93
703.0 0.063046 0.021307 0.13 232.57 9.68
704.0 0.063036 0.021851 0.13 231.45 8.75
705.0 0.063033 0.021503 0.13 230.25 11.43
706.0 0.063042 0.021601 0.12 229.05 12.79
707.0 0.063058 0.020916 0.12 227.92 14.25
708.0 0.063065 0.021383 0.12 226.87 16.05
709.0 0.063025 0.021229 0.12 225.76 17.5
710.0 0.063023 0.021061 0.12 224.49 20.67
711.0 0.063032 0.020598 0.12 223.21 21.23
712.0 0.063012 0.020473 0.12 221.98 23.85
713.0 0.063026 0.020994 0.12 220.77 26.31
714.0 0.063049 0.020848 0.12 219.64 28.56
715.0 0.063046 0.021197 0.12 218.48 30.41
716.0 0.063048 0.02123 0.12 217.18 30.03
717.0 0.063065 0.020944 0.12 215.84 31.29
718.0 0.063046 0.020855 0.12 214.45 33.91
719.0 0.063018 0.020232 0.12 213.12 36.49
720.0 0.063017 0.020464 0.11 211.9 39.81
721.0 0.063019 0.020982 0.11 210.61 40.42
722.0 0.063038 0.020587 0.11 209.28 44.3
723.0 0.063051 0.021142 0.11 208.0 45.83
724.0 0.063055 0.02087 0.11 206.57 46.32
725.0 0.063083 0.021643 0.11 205.08 49.56
726.0 0.063046 0.021075 0.11 203.64 50.13
727.0 0.063007 0.02019 0.11 202.21 54.24
728.0 0.063046 0.021182 0.11 200.77 55.16
729.0 0.063038 0.020975 0.11 199.52 56.17
730.0 0.06302 0.02109 0.11 198.09 60.38
731.0 0.063033 0.020926 0.11 196.69 60.59
732.0 0.063038 0.020127 0.11 195.14 63.55
733.0 0.063051 0.020769 0.11 193.56 67.63
734.0 0.063044 0.020741 0.11 192.0 69.09
735.0 0.06303 0.020244 0.11 190.47 72.78
736.0 0.063054 0.021225 0.11 189.0 73.22
737.0 0.063052 0.020644 0.11 187.65 73.18
738.0 0.063018 0.020421 0.11 186.13 77.88
739.0 0.063033 0.019907 0.11 184.58 77.37
740.0 0.063038 0.019149 0.11 183.02 81.55
741.0 0.063018 0.020235 0.11 181.35 84.7
742.0 0.063038 0.01936 0.11 179.74 86.98
743.0 0.063053 0.019723 0.11 178.24 89.98
744.0 0.063051 0.020093 0.11 176.74 89.46
745.0 0.063064 0.020026 0.11 175.2 92.62
746.0 0.063045 0.019983 0.11 173.76 93.73
747.0 0.063036 0.019272 0.11 172.18 94.55
748.0 0.063042 0.019376 0.11 170.56 97.29
749.0 0.063024 0.01961 0.11 168.91 98.99
750.0 0.063018 0.019211 0.11 167.28 102.15
751.0 0.063031 0.01945 0.11 165.79 104.12
752.0 0.063019 0.019261 0.11 164.31 103.88
753.0 0.063031 0.019528 0.11 162.81 107.65
754.0 0.06305 0.019784 0.11 161.31 108.67
755.0 0.063049 0.019161 0.11 159.68 111.12
756.0 0.063087 0.020315 0.11 158.06 111.27
757.0 0.063067 0.019627 0.11 156.52 111.61
758.0 0.063017 0.019837 0.11 155.1 116.69
759.0 0.06305 0.019415 0.11 153.69 114.7
760.0 0.063054 0.018693 0.11 152.2 119.12
761.0 0.063006 0.020103 0.11 150.57 121.3
762.0 0.063021 0.019577 0.11 148.95 124.59
763.0 0.063072 0.020376 0.11 147.5 127.49
764.0 0.063047 0.020121 0.11 146.11 125.98
765.0 0.063048 0.02037 0.11 144.64 129.31
766.0 0.063051 0.020561 0.11 143.13 131.23
767.0 0.063042 0.02022 0.11 141.52 134.38
768.0 0.063044 0.020439 0.11 139.95 133.95
769.0 0.06302 0.019878 0.11 138.63 136.35
770.0 0.06302 0.020353 0.12 137.22 139.15
771.0 0.063057 0.019285 0.12 135.76 141.19
772.0 0.063054 0.020021 0.12 134.21 145.22
773.0 0.063043 0.0203 0.12 132.73 144.86
774.0 0.063081 0.020812 0.12 131.28 149.58
775.0 0.063072 0.021245 0.12 130.05 148.6
776.0 0.063029 0.019947 0.12 128.71 150.6
777.0 0.063039 0.020891 0.12 127.23 152.8
778.0 0.063048 0.02046 0.12 125.85 152.89
779.0 0.063041 0.020283 0.12 124.54 156.36
780.0 0.063067 0.019083 0.12 123.34 158.3
781.0 0.063055 0.019663 0.12 122.02 161.96
782.0 0.063031 0.02007 0.13 120.53 161.15
783.0 0.063056 0.020353 0.13 119.22 165.81
784.0 0.063038 0.020688 0.13 118.14 164.82
785.0 0.063014 0.019692 0.13 116.93 167.56
786.0 0.063055 0.020871 0.13 115.55 168.7
787.0 0.063062 0.02054 0.13 114.19 168.28
788.0 0.063037 0.020673 0.13 112.93 171.69
789.0 0.063034 0.01988 0.13 111.74 172.93
790.0 0.063028 0.020055 0.13 110.59 177.06
791.0 0.063021 0.020798 0.13 109.35 177.66
792.0 0.06306 0.02006 0.14 108.02 181.51
793.0 0.063063 0.020608 0.14 106.74 182.74
794.0 0.06303 0.019849 0.14 105.54 182.08
795.0 0.063038 0.020401 0.14 104.37 184.5
796.0 0.063031 0.020334 0.14 103.32 184.91
797.0 0.063029 0.019842 0.14 102.13 187.54
798.0 0.063074 0.020335 0.14 100.95 186.6
799.0 0.063057 0.01997 0.14 99.8 188.47
800.0 0.063031 0.020365 0.14 98.61 192.64
801.0 0.063028 0.020451 0.15 97.43 192.37
802.0 0.06302 0.019946 0.15 96.35 194.19
803.0 0.063037 0.020628 0.15 95.3 197.18
804.0 0.063044 0.020616 0.15 94.34 198.33
805.0 0.063038 0.020669 0.15 93.24 201.36
806.0 0.063045 0.021129 0.15 92.1 200.71
807.0 0.063053 0.020637 0.15 90.96 201.72
808.0 0.063032 0.020663 0.15 89.87 205.06
809.0 0.063022 0.020004 0.16 88.88 207.15
810.0 0.063039 0.020322 0.16 87.93 209.25
811.0 0.063048 0.020303 0.16 86.82 208.65
812.0 0.063063 0.020594 0.16 85.67 212.81
813.0 0.063038 0.021038 0.16 84.63 212.19
814.0 0.063013 0.020072 0.16 83.7 214.27
815.0 0.063037 0.021079 0.16 82.74 214.96
816.0 0.063052 0.021139 0.16 81.71 215.39
817.0 0.063056 0.021354 0.17 80.58 217.31
818.0 0.063043 0.020335 0.17 79.55 218.49
819.0 0.063017 0.020844 0.17 78.69 222.56
820.0 0.063013 0.021281 0.17 77.78 222.16
821.0 0.06305 0.02082 0.17 76.72 225.55
822.0 0.063067 0.021024 0.17 75.62 226.36
823.0 0.063042 0.020677 0.17 74.68 227.84
824.0 0.06303 0.021322 0.17 73.83 228.74
825.0 0.063011 0.021069 0.18 72.94 230.27
826.0 0.063025 0.021511 0.18 71.85 231.33
827.0 0.063044 0.020836 0.18 70.83 231.68
828.0 0.063065 0.021309 0.18 69.95 233.38
829.0 0.063042 0.021337 0.18 69.17 234.51
830.0 0.063029 0.021727 0.18 68.16 237.17
831.0 0.063049 0.020839 0.18 67.12 237.48
832.0 0.06303 0.021198 0.18 66.24 240.89
833.0 0.063029 0.022084 0.18 65.39 241.2
834.0 0.063057 0.022179 0.19 64.5 244.5
835.0 0.063056 0.022701 0.19 63.62 244.37
836.0 0.063043 0.021911 0.19 62.63 244.34
837.0 0.063044 0.022347 0.19 61.67 246.69
838.0 0.063042 0.022217 0.19 60.88 247.48
839.0 0.063031 0.022236 0.19 60.04 250.85
840.0 0.063055 0.022074 0.19 59.18 249.84
841.0 0.063059 0.021476 0.19 58.26 252.34
842.0 0.063053 0.02242 0.19 57.35 254.26
843.0 0.06304 0.022334 0.2 56.51 256.04
844.0 0.063022 0.023027 0.2 55.75 257.28
845.0 0.063023 0.023023 0.2 54.94 256.8
846.0 0.063057 0.02361 0.2 54.07 258.74
847.0 0.063069 0.023705 0.2 53.18 258.84
848.0 0.063051 0.022664 0.2 52.31 260.66
849.0 0.063022 0.023139 0.2 51.47 264.33
850.0 0.063003 0.024032 0.2 50.65 264.56
851.0 0.063049 0.023283 0.2 49.82 268.16
852.0 0.063081 0.024208 0.2 49.09 270.09
853.0 0.063053 0.024269 0.21 48.31 268.7
854.0 0.063055 0.024759 0.21 47.48 271.21
855.0 0.063041 0.0247 0.21 46.68 271.45
856.0 0.063009 0.023709 0.21 45.82 273.74
857.0 0.063051 0.024668 0.21 44.95 275.02
858.0 0.063053 0.024531 0.21 44.2 276.2
859.0 0.063036 0.024803 0.21 43.43 279.25
860.0 0.063049 0.024662 0.21 42.72 278.02
861.0 0.063036 0.024144 0.21 41.97 280.31
862.0 0.063037 0.024947 0.21 41.16 282.85
863.0 0.063042 0.025015 0.21 40.36 284.13
864.0 0.063039 0.024774 0.21 39.55 286.94
865.0 0.063066 0.025796 0.22 38.77 287.78
866.0 0.063059 0.025598 0.22 38.05 287.98
867.0 0.063012 0.025365 0.22 37.29 291.71
868.0 0.063022 0.025572 0.22 36.59 290.75
869.0 0.063025 0.024886 0.22 35.91 292.13
870.0 0.063045 0.025064 0.22 35.17 294.39
871.0 0.063075 0.024027 0.22 34.4 296.9
872.0 0.063042 0.024879 0.22 33.64 299.42
873.0 0.063009 0.025649 0.22 32.88 299.02
874.0 0.063009 0.025426 0.22 32.12 301.31
875.0 0.063036 0.026285 0.22 31.45 302.69
876.0 0.063061 0.026236 0.22 30.77 301.67
877.0 0.063048 0.025471 0.22 30.14 303.5
878.0 0.063022 0.025942 0.22 29.43 305.87
879.0 0.063015 0.025512 0.22 28.69 307.72
880.0 0.063043 0.025742 0.22 27.97 310.47
881.0 0.063045 0.026398 0.23 27.24 310.97
882.0 0.063075 0.026664 0.23 26.54 314.37
883.0 0.063054 0.026676 0.23 25.97 313.34
884.0 0.063011 0.025342 0.23 25.31 315.01
885.0 0.063054 0.026485 0.23 24.61 317.35
886.0 0.063056 0.026369 0.23 23.91 317.74
887.0 0.063022 0.025957 0.23 23.2 321.46
888.0 0.063056 0.026456 0.23 22.5 320.54
889.0 0.063053 0.02522 0.23 21.92 321.7
890.0 0.063037 0.025748 0.23 21.29 325.1
891.0 0.063046 0.025044 0.23 20.62 327.34
892.0 0.063015 0.025889 0.23 19.96 329.5
893.0 0.063015 0.026333 0.23 19.28 329.46
894.0 0.06306 0.026429 0.23 18.6 332.43
895.0 0.063067 0.026898 0.23 17.99 332.4
896.0 0.063039 0.025907 0.23 17.36 332.2
897.0 0.063014 0.025814 0.23 16.75 335.55
898.0 0.06301 0.026243 0.24 16.11 337.4
899.0 0.063026 0.026049 0.24 15.41 339.91
900.0 0.063052 0.02613 0.24 14.73 339.31
901.0 0.063048 0.025074 0.24 14.16 341.39
902.0 0.063035 0.026044 0.24 13.54 343.34
903.0 0.063013 0.025879 0.24 12.86 344.97
904.0 0.063026 0.026564 0.24 12.18 346.0
905.0 0.063017 0.025756 0.24 11.57 345.34
906.0 0.063051 0.026508 0.24 10.96 347.38
907.0 0.063041 0.026465 0.24 10.34 348.86
908.0 0.063031 0.026695 0.24 9.65 351.59
909.0 0.063043 0.026182 0.24 9.0 350.43
910.0 0.063029 0.025264 0.24 8.43 353.83
911.0 0.062999 0.026459 0.24 7.82 355.32
912.0 0.063025 0.026201 0.24 7.14 357.95
913.0 0.063034 0.026844 0.24 6.46 358.9
914.0 0.063032 0.026245 0.24 5.82 358.95
915.0 0.063066 0.026908 0.24 5.19 0.86
916.0 0.063023 0.026341 0.24 4.62 1.75
917.0 0.062985 0.026079 0.24 3.96 5.48
918.0 0.063045 0.027001 0.24 3.27 3.76
919.0 0.06305 0.025786 0.24 2.62 4.8
920.0 0.063033 0.026111 0.24 1.99 7.72
921.0 0.063036 0.025504 0.25 1.37 10.0
922.0 0.063033 0.026359 0.25 0.76 12.47
923.0 0.063011 0.026813 0.25 0.1 11.54
924.0 0.063033 0.026997 0.25 359.4 14.79
925.0 0.06304 0.027252 0.25 358.74 14.83
926.0 0.06302 0.026141 0.25 358.12 16.45
927.0 0.063057 0.027171 0.25 357.51 18.1
928.0 0.063045 0.027223 0.25 356.9 18.84
929.0 0.063039 0.02737 0.25 356.18 20.92
930.0 0.063038 0.026569 0.25 355.49 21.32
931.0 0.063016 0.026318 0.25 354.86 24.73
932.0 0.063004 0.027253 0.25 354.23 26.12
933.0 0.063047 0.026761 0.25 353.59 29.85
934.0 0.06306 0.028057 0.25 352.97 31.3
935.0 0.063021 0.0278 0.25 352.29 29.04
936.0 0.063015 0.027644 0.25 351.58 32.15
937.0 0.063015 0.027584 0.25 350.95 34.53
938.0 0.063038 0.027653 0.25 350.32 36.81
939.0 0.063082 0.028176 0.25 349.7 36.43
940.0 0.063056 0.027449 0.25 349.03 37.59
941.0 0.063014 0.027937 0.25 348.3 40.82
942.0 0.063032 0.026997 0.25 347.61 43.35
943.0 0.063045 0.027863 0.25 347.02 46.66
944.0 0.063035 0.028581 0.25 346.4 45.84
945.0 0.063065 0.028633 0.25 345.69 48.4
946.0 0.063046 0.028001 0.25 344.96 49.12
947.0 0.063003 0.026965 0.25 344.27 52.18
948.0 0.063036 0.028114 0.25 343.62 53.21
949.0 0.063049 0.027844 0.25 343.04 53.19
950.0 0.063042 0.027808 0.25 342.34 55.91
951.0 0.06305 0.02694 0.25 341.63 56.18
952.0 0.06302 0.026465 0.25 340.91 59.17
953.0 0.063022 0.027155 0.25 340.21 61.26
954.0 0.063024 0.026998 0.25 339.52 63.38
955.0 0.063027 0.027724 0.25 338.9 64.57
956.0 0.06302 0.027714 0.25 338.29 63.73
957.0 0.063027 0.027347 0.25 337.63 65.69
958.0 0.063046 0.027492 0.25 336.91 66.9
959.0 0.063032 0.026424 0.25 336.19 69.13
960.0 0.063015 0.02708 0.25 335.5 72.72
961.0 0.063012 0.027674 0.25 334.87 72.8
962.0 0.063041 0.027227 0.25 334.19 75.49
963.0 0.063073 0.027453 0.25 333.57 77.11
964.0 0.063036 0.027063 0.24 332.89 76.89
965.0 0.063037 0.02733 0.24 332.19 79.24
966.0 0.063009 0.026734 0.24 331.48 80.52
967.0 0.062995 0.026274 0.24 330.75 83.97
968.0 0.06307 0.027733 0.24 330.1 82.51
969.0 0.063067 0.026698 0.24 329.51 82.51
970.0 0.063029 0.026738 0.24 328.8 86.72
971.0 0.063022 0.02591 0.24 328.07 88.96
972.0 0.063028 0.026219 0.24 327.34 92.7
973.0 0.063021 0.026863 0.24 326.67 92.53
974.0 0.063058 0.026494 0.24 326.02 95.37
975.0 0.06305 0.026622 0.24 325.44 95.16
976.0 0.063007 0.025346 0.24 324.75 96.39
977.0 0.063046 0.026377 0.24 324.0 99.0
978.0 0.063053 0.026395 0.24 323.28 99.56
979.0 0.063027 0.026058 0.24 322.58 102.83
980.0 0.063047 0.025971 0.24 321.93 101.87
981.0 0.063038 0.025052 0.24 321.31 103.77
982.0 0.063033 0.025413 0.24 320.61 106.82
983.0 0.063023 0.024971 0.24 319.92 108.57
984.0 0.063002 0.025164 0.23 319.2 111.25
985.0 0.063023 0.025867 0.23 318.47 112.44
986.0 0.063043 0.025856 0.23 317.78 113.62
987.0 0.063058 0.025931 0.23 317.09 115.42
988.0 0.063032 0.024965 0.23 316.46 114.69
989.0 0.063008 0.023867 0.23 315.86 118.12
990.0 0.063003 0.024449 0.23 315.18 120.38
991.0 0.063052 0.023222 0.23 314.46 121.55
992.0 0.063069 0.023659 0.23 313.74 124.86
993.0 0.063033 0.024062 0.23 313.04 123.67
994.0 0.063009 0.024047 0.23 312.37 125.01
995.0 0.063027 0.023836 0.23 311.75 126.54
996.0 0.063001 0.023097 0.23 311.02 128.56
997.0 0.063051 0.024741 0.23 310.24 130.33
998.0 0.063051 0.024555 0.22 309.52 130.33
999.0 0.063034 0.024561 0.22 308.78 133.3
1000.0 0.06304 0.023648 0.22 308.11 133.17
0.0 0.063 0.019041 0.14 224.21 355.35
-1.0 0.062992 0.019673 0.14 225.38 352.56
-2.0 0.063025 0.019302 0.14 226.45 347.8
-3.0 0.063039 0.020387 0.14 227.61 344.88
-4.0 0.063035 0.020164 0.15 228.9 346.2
-5.0 0.063058 0.020674 0.15 230.08 343.19
-6.0 0.063044 0.020719 0.15 230.94 341.1
-7.0 0.063016 0.020701 0.15 232.15 336.91
-8.0 0.063033 0.02 0.15 233.43 338.64
-9.0 0.06302 0.019594 0.15 234.42 333.79
-10.0 0.063025 0.020793 0.15 235.39 330.97
-11.0 0.063031 0.020638 0.15 236.62 327.67
-12.0 0.063031 0.020423 0.15 237.81 327.24
-13.0 0.063025 0.020056 0.16 238.71 322.43
-14.0 0.063026 0.020997 0.16 239.71 321.31
-15.0 0.06304 0.021021 0.16 240.94 319.97
-16.0 0.063039 0.020837 0.16 242.03 319.62
-17.0 0.062999 0.020036 0.16 242.97 314.75
-18.0 0.063033 0.020971 0.16 243.99 314.54
-19.0 0.063025 0.020268 0.16 245.07 314.45
-20.0 0.063015 0.020866 0.16 246.14 310.39
-21.0 0.063053 0.019747 0.17 247.16 306.89
-22.0 0.063057 0.020823 0.17 248.05 304.02
-23.0 0.063015 0.021128 0.17 249.06 306.05
-24.0 0.063035 0.021511 0.17 250.13 302.29
-25.0 0.063032 0.021223 0.17 251.17 300.53
-26.0 0.062996 0.020625 0.17 252.18 295.98
-27.0 0.063039 0.021719 0.17 253.15 295.9
-28.0 0.063044 0.020478 0.17 254.1 297.02
-29.0 0.063025 0.020997 0.18 255.16 293.45
-30.0 0.063026 0.020195 0.18 256.17 289.48
-31.0 0.063023 0.021267 0.18 257.03 287.34
-32.0 0.062982 0.021081 0.18 257.95 289.38
-33.0 0.063006 0.021389 0.18 259.09 285.02
-34.0 0.063037 0.020961 0.18 260.11 281.0
-35.0 0.063063 0.02201 0.18 260.84 281.07
-36.0 0.063036 0.021123 0.18 261.82 281.56
-37.0 0.06304 0.02151 0.18 262.98 277.21
-38.0 0.06303 0.021404 0.19 263.82 276.28
-39.0 0.062994 0.02164 0.19 264.6 274.31
-40.0 0.063001 0.02105 0.19 265.66 272.91
-41.0 0.063035 0.021035 0.19 266.68 268.84
-42.0 0.063039 0.021221 0.19 267.42 270.37
-43.0 0.06306 0.021252 0.19 268.35 266.51
-44.0 0.063057 0.021191 0.19 269.49 262.77
-45.0 0.063025 0.021589 0.19 270.33 261.8
-46.0 0.063009 0.021367 0.19 271.03 263.92
-47.0 0.063031 0.021761 0.2 272.01 260.1
-48.0 0.063029 0.022203 0.2 273.08 257.33
-49.0 0.063029 0.022182 0.2 273.85 255.2
-50.0 0.063056 0.02097 0.2 274.66 256.49
-51.0 0.063076 0.021626 0.2 275.69 251.36
-52.0 0.063049 0.02211 0.2 276.53 251.53
-53.0 0.063021 0.021646 0.2 277.24 249.98
-54.0 0.063024 0.021143 0.2 278.19 247.34
-55.0 0.063034 0.022503 0.2 279.11 245.27
-56.0 0.063009 0.021438 0.2 279.86 245.59
-57.0 0.06306 0.022211 0.21 280.77 242.76
-58.0 0.063066 0.022132 0.21 281.65 242.29
-59.0 0.063055 0.022093 0.21 282.51 238.86
-60.0 0.063059 0.021925 0.21 283.28 239.7
-61.0 0.063033 0.021211 0.21 284.04 236.27
-62.0 0.063013 0.021973 0.21 284.9 233.85
-63.0 0.063035 0.021495 0.21 285.8 230.11
-64.0 0.063048 0.022641 0.21 286.62 228.65
-65.0 0.063016 0.02207 0.21 287.37 230.24
-66.0 0.063061 0.022564 0.21 288.18 226.38
-67.0 0.063056 0.022416 0.21 288.92 225.48
-68.0 0.063039 0.021734 0.21 289.76 222.63
-69.0 0.063056 0.022484 0.21 290.6 221.88
-70.0 0.063039 0.022193 0.21 291.4 220.91
-71.0 0.063024 0.022456 0.22 292.16 218.04
-72.0 0.063032 0.021937 0.22 292.9 217.55
-73.0 0.063026 0.021793 0.22 293.61 214.53
-74.0 0.063023 0.022628 0.22 294.39 213.63
-75.0 0.063027 0.022295 0.22 295.22 211.69
-76.0 0.063043 0.022906 0.22 296.02 209.86
-77.0 0.063053 0.022817 0.22 296.76 210.86
-78.0 0.063063 0.022277 0.22 297.43 209.82
-79.0 0.063045 0.022461 0.22 298.14 207.88
-80.0 0.063043 0.021652 0.22 298.88 205.71
-81.0 0.063031 0.022267 0.22 299.64 202.6
-82.0 0.063013 0.022791 0.22 300.42 203.65
-83.0 0.063026 0.022701 0.22 301.2 200.78
-84.0 0.063044 0.022723 0.22 301.89 200.21
-85.0 0.063012 0.021597 0.22 302.57 198.9
-86.0 0.063052 0.022746 0.22 303.26 196.18
-87.0 0.063061 0.022908 0.22 304.01 196.67
-88.0 0.063054 0.022617 0.22 304.71 194.21
-89.0 0.063066 0.021435 0.22 305.38 193.92
-90.0 0.063057 0.021612 0.23 306.05 190.87
-91.0 0.063026 0.022359 0.23 306.81 190.58
-92.0 0.063034 0.022168 0.23 307.55 187.62
-93.0 0.063031 0.022809 0.23 308.27 187.55
-94.0 0.063003 0.022045 0.23 308.94 188.71
-95.0 0.063019 0.022211 0.23 309.61 185.6
-96.0 0.063031 0.02239 0.23 310.24 184.44
-97.0 0.063032 0.022266 0.23 310.95 181.6
-98.0 0.063064 0.022811 0.23 311.64 182.56
-99.0 0.063071 0.021914 0.23 312.35 182.33
-100.0 0.063033 0.022389 0.23 313.06 178.47
-101.0 0.063048 0.021427 0.23 313.73 177.88
-102.0 0.063046 0.021972 0.23 314.31 174.16
-103.0 0.063029 0.022637 0.23 314.97 174.61
-104.0 0.063041 0.022464 0.23 315.67 171.42
-105.0 0.063051 0.022971 0.23 316.36 170.95
-106.0 0.063027 0.022064 0.23 317.02 170.83
-107.0 0.063044 0.022584 0.23 317.67 168.79
-108.0 0.063028 0.022507 0.23 318.23 167.16
-109.0 0.062995 0.022758 0.23 318.89 163.31
-110.0 0.063026 0.023204 0.23 319.56 164.73
-111.0 0.063021 0.022618 0.23 320.25 163.95
-112.0 0.063016 0.022876 0.23 320.94 161.46
-113.0 0.063025 0.022135 0.23 321.54 158.48
-114.0 0.063045 0.02299 0.23 322.12 155.7
-115.0 0.06303 0.023025 0.23 322.78 157.34
-116.0 0.06303 0.022584 0.23 323.47 155.01
-117.0 0.063021 0.022504 0.23 324.16 153.0
-118.0 0.063013 0.021896 0.23 324.83 151.53
-119.0 0.063065 0.021809 0.23 325.43 149.96
-120.0 0.06306 0.022245 0.23 326.05 149.17
-121.0 0.063071 0.021753 0.23 326.7 145.73
-122.0 0.063045 0.022575 0.23 327.32 145.36
-123.0 0.063018 0.022112 0.23 328.01 146.35
-124.0 0.063057 0.022483 0.23 328.7 142.4
-125.0 0.06306 0.022669 0.23 329.35 142.54
-126.0 0.063045 0.021743 0.23 330.01 141.21
-127.0 0.063068 0.022572 0.23 330.66 139.83
-128.0 0.063067 0.022241 0.23 331.24 139.66
-129.0 0.063028 0.022021 0.23 331.87 135.46
-130.0 0.063022 0.022639 0.23 332.48 135.6
-131.0 0.063012 0.022242 0.23 333.15 135.7
-132.0 0.063049 0.022294 0.23 333.82 131.97
-133.0 0.063068 0.022539 0.23 334.49 130.93
-134.0 0.063039 0.02171 0.23 335.15 129.2
-135.0 0.063061 0.02266 0.23 335.79 128.13
-136.0 0.063061 0.022751 0.23 336.35 128.0
-137.0 0.063032 0.022593 0.23 337.0 124.86
-138.0 0.063037 0.022611 0.23 337.64 125.56
-139.0 0.063029 0.021917 0.23 338.31 123.79
-140.0 0.063027 0.022528 0.23 338.99 121.31
-141.0 0.063054 0.021522 0.23 339.67 118.99
-142.0 0.063068 0.022325 0.23 340.3 114.88
-143.0 0.063049 0.023148 0.23 340.93 115.9
-144.0 0.063038 0.022776 0.23 341.55 113.57
-145.0 0.063039 0.023081 0.23 342.16 112.95
-146.0 0.063026 0.022259 0.23 342.83 113.09
-147.0 0.06303 0.021835 0.23 343.53 109.85
-148.0 0.063031 0.022381 0.23 344.22 107.64
-149.0 0.063063 0.021451 0.23 344.89 105.21
-150.0 0.063088 0.022154 0.23 345.49 102.18
-151.0 0.063039 0.022592 0.23 346.11 103.85
-152.0 0.063045 0.022387 0.23 346.78 100.79
-153.0 0.063043 0.022258 0.23 347.41 99.77
-154.0 0.063021 0.021266 0.23 348.1 98.22
-155.0 0.063036 0.021809 0.23 348.8 95.64
-156.0 0.063046 0.022034 0.23 349.46 95.19
-157.0 0.063052 0.021667 0.23 350.13 92.88
-158.0 0.063067 0.02165 0.23 350.73 94.06
-159.0 0.063042 0.020996 0.23 351.31 92.25
-160.0 0.06303 0.021319 0.23 351.97 89.65
-161.0 0.063046 0.020878 0.23 352.64 87.76
-162.0 0.063036 0.020947 0.23 353.35 85.13
-163.0 0.063043 0.021694 0.23 354.03 84.55
-164.0 0.063045 0.021411 0.23 354.65 84.11
-165.0 0.063074 0.021754 0.23 355.26 82.73
-166.0 0.063063 0.020435 0.23 355.89 83.18
-167.0 0.063038 0.020383 0.23 356.59 78.18
-168.0 0.063016 0.021349 0.23 357.3 77.43
-169.0 0.063048 0.020656 0.23 357.97 74.93
-170.0 0.063071 0.020659 0.23 358.55 73.74
-171.0 0.063055 0.020019 0.22 359.18 72.55
-172.0 0.063057 0.020564 0.22 359.86 70.05
-173.0 0.063045 0.020565 0.22 0.59 69.56
-174.0 0.06303 0.020474 0.22 1.26 67.73
-175.0 0.063026 0.019968 0.22 1.88 68.95
-176.0 0.063042 0.019374 0.22 2.47 66.15
-177.0 0.063052 0.019806 0.22 3.17 64.6
-178.0 0.063056 0.01927 0.22 3.89 62.07
-179.0 0.06306 0.019764 0.22 4.55 60.81
-180.0 0.063035 0.019396 0.22 5.18 61.83
-181.0 0.063036 0.019683 0.22 5.82 58.9
-182.0 0.063032 0.019629 0.22 6.46 58.07
-183.0 0.063025 0.019147 0.22 7.19 54.43
-184.0 0.063066 0.020289 0.22 7.91 54.95
-185.0 0.063075 0.019483 0.22 8.57 56.0
-186.0 0.063031 0.019365 0.22 9.25 51.14
-187.0 0.063034 0.018692 0.22 9.91 51.67
-188.0 0.063031 0.018221 0.22 10.55 48.13
-189.0 0.063033 0.018973 0.21 11.24 45.77
-190.0 0.063058 0.018248 0.21 11.96 43.44
-191.0 0.06305 0.018682 0.21 12.67 41.44
-192.0 0.063054 0.019264 0.21 13.39 41.63
-193.0 0.063052 0.019019 0.21 14.11 41.43
-194.0 0.063027 0.018676 0.21 14.83 38.25
-195.0 0.063035 0.018679 0.21 15.54 39.17
-196.0 0.063046 0.018028 0.21 16.21 37.87
-197.0 0.06305 0.018246 0.21 16.93 34.71
-198.0 0.063047 0.017636 0.21 17.63 33.66
-199.0 0.063046 0.017852 0.21 18.31 30.3
-200.0 0.063066 0.018469 0.21 19.06 29.22
-201.0 0.063056 0.018349 0.21 19.83 27.22
-202.0 0.063033 0.018651 0.2 20.58 26.48
-203.0 0.063032 0.018635 0.2 21.33 27.32
-204.0 0.063026 0.018046 0.2 22.06 25.64
-205.0 0.063036 0.018463 0.2 22.78 23.17
-206.0 0.063066 0.017634 0.2 23.51 23.69
-207.0 0.063082 0.017011 0.2 24.2 19.51
-208.0 0.063045 0.018236 0.2 24.94 17.14
-209.0 0.063038 0.017699 0.2 25.7 14.52
-210.0 0.063029 0.018357 0.2 26.44 12.49
-211.0 0.06304 0.018774 0.2 27.23 12.89
-212.0 0.063054 0.018677 0.19 28.04 10.44
-213.0 0.063049 0.018525 0.19 28.83 9.85
-214.0 0.063041 0.017749 0.19 29.58 9.13
-215.0 0.063051 0.017529 0.19 30.3 5.69
-216.0 0.063037 0.018025 0.19 31.05 3.52
-217.0 0.063032 0.017356 0.19 31.84 1.04
-218.0 0.063038 0.017727 0.19 32.57 358.02
-219.0 0.063041 0.018168 0.19 33.35 357.87
-220.0 0.063073 0.017973 0.19 34.17 353.5
-221.0 0.063058 0.018419 0.18 34.96 353.39
-222.0 0.063035 0.017943 0.18 35.79 354.07
-223.0 0.063035 0.01775 0.18 36.62 351.5
-224.0 0.063034 0.017978 0.18 37.44 349.45
-225.0 0.063037 0.017116 0.18 38.27 349.18
-226.0 0.063044 0.01667 0.18 39.07 345.34
-227.0 0.063046 0.017382 0.18 39.89 343.62
-228.0 0.063073 0.01641 0.17 40.72 340.35
-229.0 0.063048 0.017164 0.17 41.48 337.68
-230.0 0.063023 0.017636 0.17 42.27 339.01
-231.0 0.063027 0.017359 0.17 43.09 336.29
-232.0 0.063037 0.017648 0.17 43.94 334.86
-233.0 0.063037 0.016934 0.17 44.85 335.66
-234.0 0.063033 0.01659 0.17 45.76 331.03
-235.0 0.063054 0.017317 0.16 46.54 330.11
-236.0 0.06306 0.016644 0.16 47.33 326.83
-237.0 0.063029 0.017404 0.16 48.09 326.26
-238.0 0.063018 0.016725 0.16 48.98 327.17
-239.0 0.063038 0.016966 0.16 49.91 323.02
-240.0 0.06306 0.017313 0.16 50.8 321.79
-241.0 0.063059 0.016983 0.16 51.63 319.19
-242.0 0.063042 0.017218 0.15 52.42 319.69
-243.0 0.063057 0.016912 0.15 53.2 319.92
-244.0 0.06304 0.016818 0.15 54.11 315.85
-245.0 0.063066 0.01631 0.15 55.01 317.34
-246.0 0.063066 0.015662 0.15 55.93 313.96
-247.0 0.063018 0.016944 0.15 56.87 311.51
-248.0 0.063031 0.016162 0.14 57.83 309.99
-249.0 0.063061 0.016489 0.14 58.74 304.96
-250.0 0.063056 0.017029 0.14 59.61 305.45
-251.0 0.063049 0.016841 0.14 60.41 305.08
-252.0 0.063012 0.016531 0.14 61.32 301.9
-253.0 0.063034 0.016399 0.14 62.22 303.44
-254.0 0.063084 0.015555 0.14 63.18 302.26
-255.0 0.06304 0.016561 0.13 64.22 298.26
-256.0 0.063054 0.015714 0.13 65.22 294.7
-257.0 0.063049 0.01668 0.13 66.08 291.88
-258.0 0.063022 0.016493 0.13 66.96 294.44
-259.0 0.063083 0.016867 0.13 67.88 288.15
-260.0 0.063055 0.016849 0.13 68.86 289.47
-261.0 0.063002 0.015595 0.12 69.94 286.23
-262.0 0.06306 0.016921 0.12 71.02 286.08
-263.0 0.063056 0.016533 0.12 71.86 285.8
-264.0 0.063055 0.016758 0.12 72.8 282.75
-265.0 0.063041 0.015858 0.12 73.82 281.17
-266.0 0.063034 0.016047 0.11 74.97 275.18
-267.0 0.063055 0.016622 0.11 76.06 274.5
-268.0 0.063072 0.016756 0.11 77.05 270.55
-269.0 0.063056 0.017046 0.11 77.95 271.08
-270.0 0.063034 0.016126 0.11 79.01 271.05
-271.0 0.063052 0.016659 0.11 80.13 267.3
-272.0 0.063077 0.016869 0.1 81.31 266.84
-273.0 0.063023 0.016624 0.1 82.5 260.39
-274.0 0.063027 0.017061 0.1 83.61 261.6
-275.0 0.063055 0.015402 0.1 84.53 259.15
-276.0 0.063045 0.015993 0.1 85.62 254.29
-277.0 0.063049 0.01526 0.1 86.81 250.9
-278.0 0.063032 0.01597 0.09 88.07 248.82
-279.0 0.063035 0.015947 0.09 89.28 250.13
-280.0 0.063065 0.015804 0.09 90.47 247.12
-281.0 0.063032 0.015315 0.09 91.58 244.41
-282.0 0.063018 0.014685 0.09 92.81 243.52
-283.0 0.063044 0.013962 0.09 93.97 240.25
-284.0 0.063023 0.014889 0.09 95.23 237.02
-285.0 0.063057 0.013625 0.08 96.56 234.98
-286.0 0.063038 0.01429 0.08 97.88 230.45
-287.0 0.063038 0.014809 0.08 99.27 230.3
-288.0 0.063081 0.014697 0.08 100.68 225.12
-289.0 0.06304 0.014489 0.08 102.14 224.31
-290.0 0.063034 0.014511 0.08 103.63 225.09
-291.0 0.063037 0.013746 0.07 105.1 224.47
-292.0 0.063029 0.013944 0.07 106.63 218.87
-293.0 0.063067 0.013241 0.07 108.17 221.4
-294.0 0.063029 0.012911 0.07 109.66 215.14
-295.0 0.063025 0.013392 0.07 111.23 211.1
-296.0 0.063051 0.012554 0.07 112.87 207.95
-297.0 0.063027 0.012405 0.07 114.41 204.8
-298.0 0.063039 0.01315 0.07 116.09 202.07
-299.0 0.06304 0.013122 0.06 117.78 202.44
-300.0 0.063043 0.012759 0.06 119.64 196.83
-301.0 0.063067 0.01321 0.06 121.53 198.43
-302.0 0.063017 0.012363 0.06 123.47 194.56
-303.0 0.063022 0.012221 0.06 125.47 189.0
-304.0 0.063049 0.011677 0.06 127.54 189.29
-305.0 0.063029 0.011244 0.06 129.63 186.72
-306.0 0.063031 0.011517 0.06 131.76 180.38
-307.0 0.063027 0.011708 0.06 133.83 178.8
-308.0 0.063045 0.011054 0.05 136.02 174.03
-309.0 0.063066 0.011972 0.05 138.25 171.26
-310.0 0.06303 0.011351 0.05 140.33 170.85
-311.0 0.063031 0.010627 0.05 142.7 166.51
-312.0 0.063054 0.010955 0.05 145.06 166.79
-313.0 0.063045 0.010631 0.05 147.34 165.72
-314.0 0.063035 0.010302 0.05 149.8 158.38
-315.0 0.063019 0.010745 0.05 152.25 156.01
-316.0 0.063037 0.010139 0.05 154.86 155.2
-317.0 0.063066 0.010283 0.05 157.42 146.85
-318.0 0.063044 0.010314 0.05 160.03 146.14
-319.0 0.06303 0.009673 0.05 162.66 146.96
-320.0 0.063049 0.010079 0.05 165.34 141.86
-321.0 0.063069 0.010343 0.05 167.94 142.14
-322.0 0.063058 0.009222 0.05 170.53 139.36
-323.0 0.063035 0.00938 0.05 173.05 132.08
-324.0 0.063046 0.009622 0.05 175.63 130.95
-325.0 0.063068 0.008835 0.05 178.2 124.54
-326.0 0.063057 0.009266 0.05 180.53 121.05
-327.0 0.063021 0.009657 0.05 183.07 124.8
-328.0 0.063033 0.009411 0.05 185.6 117.66
-329.0 0.06307 0.010333 0.05 187.95 115.0
-330.0 0.063054 0.009702 0.05 190.43 116.54
-331.0 0.063034 0.009229 0.05 192.89 110.75
-332.0 0.063045 0.009382 0.05 195.34 107.97
-333.0 0.063062 0.008382 0.05 197.7 105.99
-334.0 0.063072 0.008257 0.05 199.99 98.35
-335.0 0.063024 0.00951 0.05 202.22 97.47
-336.0 0.06303 0.008779 0.05 204.45 92.27
-337.0 0.063056 0.009418 0.06 206.42 86.13
-338.0 0.063027 0.009374 0.06 208.45 89.37
-339.0 0.063023 0.00895 0.06 210.34 85.08
-340.0 0.063039 0.009198 0.06 212.29 82.24
-341.0 0.063052 0.008684 0.06 214.2 84.83
-342.0 0.063064 0.008015 0.06 216.09 79.48
-343.0 0.063016 0.009102 0.06 218.06 72.75
-344.0 0.063046 0.008087 0.06 219.93 68.88
-345.0 0.063082 0.008475 0.06 221.58 61.11
-346.0 0.063019 0.008489 0.06 223.14 68.93
-347.0 0.063033 0.008393 0.07 224.76 60.54
-348.0 0.063038 0.008835 0.07 226.26 61.45
-349.0 0.063038 0.008118 0.07 227.83 60.71
-350.0 0.063083 0.008929 0.07 229.41 58.66
-351.0 0.063035 0.008402 0.07 230.95 54.52
-352.0 0.063024 0.007922 0.07 232.53 48.16
-353.0 0.063054 0.008129 0.07 234.03 47.03
-354.0 0.06304 0.007916 0.07 235.34 48.99
-355.0 0.063046 0.008049 0.08 236.63 40.9
-356.0 0.063021 0.008147 0.08 237.86 41.32
-357.0 0.063029 0.00764 0.08 239.28 33.26
-358.0 0.063079 0.008857 0.08 240.64 33.37
-359.0 0.063048 0.007816 0.08 241.89 35.06
-360.0 0.063029 0.007589 0.08 243.1 27.48
-361.0 0.063043 0.006793 0.08 244.23 31.16
-362.0 0.063052 0.006477 0.08 245.28 23.56
-363.0 0.063039 0.007211 0.09 246.45 21.17
-364.0 0.063041 0.006652 0.09 247.65 17.04
-365.0 0.063056 0.006887 0.09 248.89 12.64
-366.0 0.063045 0.006859 0.09 250.05 17.93
-367.0 0.063041 0.006404 0.09 251.18 10.87
-368.0 0.063051 0.006805 0.09 252.16 11.84
-369.0 0.063036 0.005921 0.09 253.19 15.78
-370.0 0.06304 0.006158 0.1 254.13 9.49
-371.0 0.063042 0.006352 0.1 255.1 10.54
-372.0 0.063025 0.005765 0.1 256.14 5.44
-373.0 0.063066 0.00539 0.1 257.15 0.59
-374.0 0.063049 0.005839 0.1 258.19 4.28
-375.0 0.063057 0.005409 0.1 259.22 355.76
-376.0 0.063055 0.006093 0.1 260.2 355.96
-377.0 0.063031 0.005515 0.11 261.13 3.39
-378.0 0.063077 0.006324 0.11 262.05 354.75
-379.0 0.063045 0.005873 0.11 262.83 356.28
-380.0 0.06301 0.005107 0.11 263.73 346.32
-381.0 0.063074 0.00535 0.11 264.67 354.28
-382.0 0.063061 0.004765 0.11 265.68 354.1
-383.0 0.063022 0.005131 0.11 266.62 346.62
-384.0 0.063043 0.004429 0.12 267.45 341.6
-385.0 0.063046 0.005264 0.12 268.17 336.93
-386.0 0.063036 0.004957 0.12 269.13 343.98
-387.0 0.06305 0.00504 0.12 270.09 332.86
-388.0 0.063035 0.004914 0.12 270.81 338.16
-389.0 0.063036 0.004191 0.12 271.64 334.78
-390.0 0.063062 0.004739 0.12 272.5 341.41
-391.0 0.063051 0.004277 0.13 273.37 341.28
-392.0 0.063014 0.004707 0.13 274.3 327.52
-393.0 0.063056 0.003472 0.13 275.14 329.2
-394.0 0.063076 0.003821 0.13 275.84 311.03
-395.0 0.063037 0.004526 0.13 276.62 325.37
-396.0 0.063038 0.004031 0.13 277.47 317.31
-397.0 0.063055 0.004482 0.13 278.35 320.87
-398.0 0.063047 0.003741 0.14 279.19 323.21
-399.0 0.063053 0.004611 0.14 279.84 319.72
-400.0 0.063046 0.004056 0.14 280.74 317.43
-401.0 0.063033 0.00475 0.14 281.62 312.36
-402.0 0.063067 0.003555 0.14 282.38 309.15
-403.0 0.063042 0.005011 0.14 282.99 300.0
-404.0 0.063026 0.005057 0.14 283.79 309.14
-405.0 0.063052 0.005516 0.15 284.68 297.45
-406.0 0.06305 0.005289 0.15 285.36 299.43
-407.0 0.063055 0.006087 0.15 286.16 295.29
-408.0 0.06301 0.005089 0.15 287.05 299.61
-409.0 0.063049 0.005723 0.15 287.85 293.93
-410.0 0.063081 0.005766 0.15 288.46 296.27
-411.0 0.063029 0.006392 0.15 289.22 284.88
-412.0 0.063042 0.005944 0.16 290.05 288.68
-413.0 0.063044 0.005705 0.16 290.9 280.08
-414.0 0.063037 0.006258 0.16 291.7 279.56
-415.0 0.063045 0.006143 0.16 292.42 276.15
-416.0 0.063026 0.006241 0.16 293.1 274.71
-417.0 0.063064 0.006411 0.16 293.89 281.2
-418.0 0.063068 0.005984 0.16 294.73 276.37
-419.0 0.06303 0.006456 0.16 295.56 270.53
-420.0 0.063059 0.005383 0.17 296.36 266.68
-421.0 0.063066 0.00598 0.17 297.09 258.02
-422.0 0.063053 0.006216 0.17 297.82 264.2
-423.0 0.063043 0.006524 0.17 298.58 257.85
-424.0 0.06303 0.006867 0.17 299.3 261.48
-425.0 0.063051 0.006483 0.17 300.11 259.15
-426.0 0.063058 0.007171 0.17 300.95 256.2
-427.0 0.063047 0.007017 0.17 301.74 256.94
-428.0 0.063042 0.006518 0.18 302.5 251.15
-429.0 0.063066 0.006814 0.18 303.26 256.28
-430.0 0.06306 0.006431 0.18 303.92 255.14
-431.0 0.063028 0.007387 0.18 304.68 248.39
-432.0 0.063039 0.00697 0.18 305.45 250.23
-433.0 0.06307 0.006974 0.18 306.28 242.18
-434.0 0.063054 0.007559 0.18 307.11 245.74
-435.0 0.063039 0.007099 0.18 307.86 246.93
-436.0 0.063033 0.007035 0.18 308.59 242.36
-437.0 0.063042 0.007071 0.18 309.32 246.69
-438.0 0.063066 0.006485 0.19 310.01 246.58
-439.0 0.063016 0.007461 0.19 310.8 238.55
-440.0 0.063041 0.006391 0.19 311.6 238.9
-441.0 0.063077 0.006368 0.19 312.41 227.12
-442.0 0.063047 0.007079 0.19 313.21 233.01
-443.0 0.06305 0.006827 0.19 314.02 226.34
-444.0 0.063043 0.007372 0.19 314.74 227.79
-445.0 0.063047 0.007096 0.19 315.46 231.2
-446.0 0.063064 0.007139 0.19 316.15 227.94
-447.0 0.06303 0.007275 0.19 316.92 222.41
-448.0 0.063039 0.006487 0.19 317.72 219.57
-449.0 0.063081 0.006444 0.2 318.53 210.69
-450.0 0.063047 0.007263 0.2 319.33 215.99
-451.0 0.063051 0.007401 0.2 320.13 208.35
-452.0 0.063038 0.007991 0.2 320.82 211.56
-453.0 0.063026 0.007103 0.2 321.54 211.13
-454.0 0.063081 0.008413 0.2 322.28 206.16
-455.0 0.063043 0.007874 0.2 323.02 205.85
-456.0 0.063038 0.007838 0.2 323.86 200.06
-457.0 0.063065 0.00779 0.2 324.66 205.3
-458.0 0.063058 0.007273 0.2 325.36 203.16
-459.0 0.063059 0.007619 0.2 326.09 196.53
-460.0 0.063036 0.007338 0.2 326.81 197.54
-461.0 0.063048 0.007539 0.2 327.5 190.37
-462.0 0.063055 0.008381 0.2 328.26 193.63
-463.0 0.063038 0.007592 0.2 329.05 191.49
-464.0 0.063048 0.007933 0.2 329.81 189.03
-465.0 0.063015 0.007077 0.2 330.55 189.8
-466.0 0.063053 0.0069 0.2 331.19 187.16
-467.0 0.063068 0.007131 0.21 331.89 186.53
-468.0 0.063064 0.006557 0.21 332.62 181.51
-469.0 0.063057 0.007194 0.21 333.33 176.69
-470.0 0.06303 0.007448 0.21 334.1 181.67
-471.0 0.063065 0.007487 0.21 334.85 172.19
-472.0 0.063088 0.00818 0.21 335.54 172.9
-473.0 0.063014 0.006617 0.21 336.21 172.7
-474.0 0.063058 0.007829 0.21 336.9 172.98
-475.0 0.063058 0.007304 0.21 337.56 174.34
-476.0 0.063035 0.007613 0.21 338.3 165.91
-477.0 0.063059 0.007589 0.21 339.05 170.74
-478.0 0.063033 0.007594 0.21 339.78 168.01
-479.0 0.063054 0.008012 0.21 340.5 162.96
-480.0 0.063077 0.00783 0.21 341.16 160.9
-481.0 0.063042 0.007755 0.21 341.79 158.98
-482.0 0.063044 0.008345 0.21 342.48 161.53
-483.0 0.063042 0.007981 0.21 343.2 162.32
-484.0 0.063053 0.008624 0.21 343.96 158.48
-485.0 0.063061 0.007824 0.21 344.67 161.66
-486.0 0.063032 0.007649 0.21 345.31 150.92
-487.0 0.06303 0.008313 0.21 345.97 150.89
-488.0 0.063061 0.007816 0.21 346.66 143.08
-489.0 0.063062 0.008384 0.21 347.34 143.28
-490.0 0.063041 0.007858 0.21 348.07 145.84
-491.0 0.063048 0.008213 0.21 348.83 140.18
-492.0 0.063084 0.008661 0.21 349.49 139.92
-493.0 0.063048 0.007748 0.21 350.17 133.32
-494.0 0.063044 0.008654 0.21 350.84 131.62
-495.0 0.063043 0.008168 0.21 351.48 131.59
-496.0 0.063038 0.008404 0.21 352.19 125.38
-497.0 0.063063 0.007428 0.21 352.93 127.01
-498.0 0.063044 0.007498 0.21 353.65 119.03
-499.0 0.063012 0.008288 0.21 354.36 120.57
-500.0 0.063059 0.008506 0.21 355.02 115.34
-501.0 0.063044 0.008548 0.21 355.65 112.48
-502.0 0.063045 0.008549 0.21 356.33 115.55
-503.0 0.063054 0.007737 0.21 357.02 114.27
-504.0 0.06304 0.008131 0.21 357.76 108.7
-505.0 0.063087 0.006911 0.21 358.48 109.79
-506.0 0.063058 0.007699 0.21 359.16 101.87
-507.0 0.063012 0.008456 0.21 359.83 108.29
-508.0 0.063071 0.007989 0.21 0.49 98.23
-509.0 0.063063 0.008396 0.21 1.11 99.78
-510.0 0.063042 0.007555 0.21 1.81 100.94
-511.0 0.063053 0.008369 0.21 2.56 100.78
-512.0 0.063061 0.007868 0.21 3.22 105.61
-513.0 0.063065 0.007481 0.21 3.88 100.66
-514.0 0.063049 0.007933 0.2 4.54 101.78
-515.0 0.06303 0.007926 0.2 5.17 100.03
-516.0 0.063045 0.008325 0.2 5.9 95.59
-517.0 0.063063 0.00759 0.2 6.64 95.58
-518.0 0.063052 0.007884 0.2 7.36 88.81
-519.0 0.063018 0.008444 0.2 8.07 94.32
-520.0 0.063025 0.008345 0.2 8.72 90.82
-521.0 0.063071 0.009284 0.2 9.37 90.57
-522.0 0.063039 0.008351 0.2 10.08 90.53
-523.0 0.063039 0.008354 0.2 10.87 83.79
-524.0 0.063037 0.008528 0.2 11.61 83.72
-525.0 0.063044 0.008269 0.2 12.34 78.95
-526.0 0.063063 0.008425 0.2 12.95 77.51
-527.0 0.063005 0.008101 0.2 13.63 83.07
-528.0 0.063044 0.008626 0.2 14.34 74.78
-529.0 0.063082 0.009327 0.2 15.06 75.7
-530.0 0.063041 0.008289 0.2 15.82 72.18
-531.0 0.063068 0.009147 0.2 16.56 76.13
-532.0 0.063037 0.008196 0.2 17.25 75.04
-533.0 0.063039 0.008366 0.2 17.95 69.43
-534.0 0.063076 0.007578 0.2 18.63 74.49
-535.0 0.063027 0.008176 0.2 19.38 69.18
-536.0 0.06303 0.00843 0.2 20.19 70.85
-537.0 0.063056 0.008511 0.2 20.93 62.65
-538.0 0.063071 0.009372 0.19 21.55 63.24
-539.0 0.063036 0.008477 0.19 22.25 66.59
-540.0 0.063038 0.008993 0.19 22.99 64.74
-541.0 0.063062 0.008935 0.19 23.77 66.22
-542.0 0.063059 0.008943 0.19 24.54 60.64
-543.0 0.063048 0.00914 0.19 25.24 63.49
-544.0 0.063049 0.008356 0.19 25.89 58.55
-545.0 0.063015 0.009546 0.19 26.63 56.25
-546.0 0.063065 0.008584 0.19 27.41 49.8
-547.0 0.063067 0.009491 0.19 28.13 51.7
-548.0 0.063006 0.008392 0.19 28.83 55.93
-549.0 0.063042 0.009505 0.19 29.59 53.1
-550.0 0.063073 0.009448 0.19 30.35 54.71
-551.0 0.063034 0.009578 0.19 30.93 51.81
-552.0 0.063029 0.009243 0.18 31.75 47.76
-553.0 0.063046 0.009504 0.18 32.59 50.94
-554.0 0.063072 0.008472 0.18 33.28 49.19
-555.0 0.063051 0.009313 0.18 33.98 44.27
-556.0 0.063033 0.008979 0.18 34.68 46.87
-557.0 0.063043 0.009085 0.18 35.42 41.94
-558.0 0.063041 0.009419 0.18 36.24 45.03
-559.0 0.063067 0.009925 0.18 36.98 40.61
-560.0 0.063045 0.009529 0.18 37.65 40.15
-561.0 0.063005 0.009543 0.18 38.49 30.67
-562.0 0.063076 0.00976 0.18 39.29 39.28
-563.0 0.06306 0.00901 0.18 40.03 35.27
-564.0 0.063023 0.009881 0.18 40.79 30.48
-565.0 0.063048 0.008951 0.17 41.52 26.45
-566.0 0.06305 0.009514 0.17 42.22 20.93
-567.0 0.063055 0.009692 0.17 43.04 23.52
-568.0 0.063068 0.009466 0.17 43.86 19.98
-569.0 0.06302 0.009003 0.17 44.61 18.12
-570.0 0.063056 0.00858 0.17 45.35 20.43
-571.0 0.063067 0.008766 0.17 46.06 17.46
-572.0 0.06304 0.00902 0.17 46.85 17.47
-573.0 0.063057 0.008379 0.17 47.68 10.96
-574.0 0.063055 0.008976 0.17 48.51 9.2
-575.0 0.063052 0.008399 0.17 49.35 11.21
-576.0 0.063059 0.00899 0.17 50.14 6.1
-577.0 0.063036 0.008548 0.16 50.79 8.03
-578.0 0.063053 0.008802 0.16 51.64 3.26
-579.0 0.063061 0.008783 0.16 52.53 8.37
-580.0 0.063031 0.008771 0.16 53.27 357.33
-581.0 0.063048 0.008243 0.16 54.09 2.02
-582.0 0.063036 0.008145 0.16 55.09 354.89
-583.0 0.063067 0.006972 0.16 55.87 353.37
-584.0 0.063055 0.008092 0.16 56.62 346.57
-585.0 0.063014 0.008238 0.16 57.52 355.75
-586.0 0.063071 0.008909 0.16 58.42 343.41
-587.0 0.063056 0.008577 0.16 59.16 346.95
-588.0 0.063028 0.007869 0.16 60.19 340.24
-589.0 0.063055 0.007358 0.16 61.18 345.09
-590.0 0.063045 0.007597 0.15 62.03 339.65
-591.0 0.063053 0.007636 0.15 62.89 344.38
-592.0 0.063042 0.007561 0.15 63.85 335.99
-593.0 0.063046 0.007341 0.15 64.98 338.28
-594.0 0.063078 0.007317 0.15 65.79 327.96
-595.0 0.06303 0.007473 0.15 66.66 337.94
-596.0 0.063046 0.007784 0.15 67.75 329.9
-597.0 0.063068 0.008174 0.15 68.66 335.96
-598.0 0.063055 0.007828 0.15 69.6 328.78
-599.0 0.063064 0.00745 0.15 70.69 334.48
-600.0 0.063043 0.007298 0.15 71.66 322.78
-601.0 0.063063 0.007399 0.15 72.53 328.37
-602.0 0.06307 0.007545 0.14 73.75 319.42
-603.0 0.063045 0.007299 0.14 74.88 322.89
-604.0 0.063059 0.007788 0.14 75.66 319.21
-605.0 0.06305 0.007515 0.14 76.83 323.3
-606.0 0.063063 0.008105 0.14 78.05 317.87
-607.0 0.063075 0.007805 0.14 78.95 321.31
-608.0 0.063019 0.007645 0.14 80.12 312.63
-609.0 0.06306 0.007111 0.14 81.35 316.09
-610.0 0.063082 0.007093 0.14 82.28 315.33
-611.0 0.063046 0.007097 0.14 83.46 315.06
-612.0 0.063037 0.007677 0.14 84.79 311.89
-613.0 0.063077 0.007424 0.14 85.74 303.88
-614.0 0.063065 0.008029 0.13 86.85 305.28
-615.0 0.063061 0.00735 0.13 88.23 304.26
-616.0 0.063037 0.007577 0.13 89.28 307.69
-617.0 0.063051 0.007394 0.13 90.48 305.27
-618.0 0.063081 0.007623 0.13 91.84 307.98
-619.0 0.06304 0.007432 0.13 92.9 298.8
-620.0 0.06306 0.007242 0.13 94.14 303.9
-621.0 0.063065 0.007052 0.13 95.61 292.22
-622.0 0.063047 0.007654 0.13 96.73 295.99
-623.0 0.063077 0.007941 0.13 97.94 287.46
-624.0 0.063045 0.008038 0.13 99.46 294.17
-625.0 0.063026 0.007445 0.13 100.71 287.45
-626.0 0.063076 0.007869 0.13 101.84 295.34
-627.0 0.063034 0.007789 0.12 103.38 284.85
-628.0 0.063045 0.007935 0.12 104.64 286.78
-629.0 0.063043 0.008084 0.12 105.87 280.0
-630.0 0.063057 0.007235 0.12 107.45 281.45
-631.0 0.063074 0.00766 0.12 108.75 274.64
-632.0 0.063021 0.007519 0.12 110.0 281.9
-633.0 0.063037 0.007956 0.12 111.65 274.48
-634.0 0.063069 0.008254 0.12 113.01 271.75
-635.0 0.063051 0.008554 0.12 114.25 271.04
-636.0 0.063042 0.007865 0.12 115.98 267.31
-637.0 0.063046 0.008289 0.12 117.44 269.03
-638.0 0.063057 0.00721 0.12 118.6 266.79
-639.0 0.063066 0.00766 0.12 120.34 261.85
-640.0 0.063069 0.007976 0.12 121.84 255.25
-641.0 0.063054 0.00801 0.12 123.15 256.13
-642.0 0.063041 0.007882 0.12 124.95 251.07
-643.0 0.063045 0.008265 0.11 126.34 255.56
-644.0 0.063085 0.008945 0.11 127.75 251.19
-645.0 0.063068 0.008585 0.11 129.6 251.81
-646.0 0.06304 0.008381 0.11 131.09 244.01
-647.0 0.063042 0.007526 0.11 132.5 244.09
-648.0 0.063055 0.007976 0.11 134.3 237.41
-649.0 0.063071 0.007729 0.11 135.75 240.25
-650.0 0.063033 0.008547 0.11 137.31 236.01
-651.0 0.063041 0.008103 0.11 139.29 230.2
-652.0 0.063077 0.009336 0.11 140.66 230.62
-653.0 0.063033 0.007935 0.11 142.19 226.96
-654.0 0.063063 0.009034 0.11 144.09 228.92
-655.0 0.063049 0.007717 0.11 145.54 225.98
-656.0 0.063042 0.008514 0.11 147.2 223.71
-657.0 0.063077 0.007663 0.11 149.1 218.03
-658.0 0.063048 0.008546 0.11 150.8 218.36
-659.0 0.063051 0.008063 0.11 152.21 214.66
-660.0 0.063055 0.008895 0.11 153.94 209.36
-661.0 0.063071 0.0088 0.11 155.78 203.29
-662.0 0.063065 0.00876 0.11 157.0 205.46
-663.0 0.063024 0.007859 0.11 158.81 200.3
-664.0 0.063052 0.008356 0.11 160.72 204.28
-665.0 0.063086 0.007465 0.11 162.01 198.89
-666.0 0.063035 0.008539 0.11 163.65 194.71
-667.0 0.063033 0.008398 0.11 165.52 189.48
-668.0 0.063067 0.007537 0.11 167.06 186.63
-669.0 0.063069 0.008645 0.11 168.64 179.93
-670.0 0.063066 0.008338 0.11 170.43 182.9
-671.0 0.063061 0.008763 0.11 171.88 177.33
-672.0 0.063031 0.008152 0.11 173.34 178.8
-673.0 0.063059 0.008544 0.11 175.2 173.4
-674.0 0.063071 0.00765 0.11 176.94 177.39
-675.0 0.063042 0.008761 0.11 178.12 167.6
-676.0 0.063044 0.008303 0.11 179.81 170.01
-677.0 0.063037 0.008506 0.11 181.56 160.5
-678.0 0.063058 0.007715 0.11 182.99 157.12
-679.0 0.063089 0.008555 0.11 184.54 154.2
-680.0 0.063029 0.007337 0.11 186.21 157.35
-681.0 0.063034 0.008187 0.11 187.5 150.33
-682.0 0.063076 0.007624 0.12 189.09 154.44
-683.0 0.06305 0.007742 0.12 190.83 147.04
-684.0 0.063048 0.007461 0.12 192.07 143.2
-685.0 0.063062 0.007704 0.12 193.52 146.53
-686.0 0.063032 0.007611 0.12 195.12 137.05
-687.0 0.063048 0.008019 0.12 196.42 137.61
-688.0 0.063088 0.007768 0.12 197.91 128.2
-689.0 0.06306 0.007904 0.12 199.49 132.03
-690.0 0.063029 0.007357 0.12 200.69 125.03
-691.0 0.063066 0.007621 0.12 202.0 132.75
-692.0 0.06305 0.007146 0.12 203.64 123.56
-693.0 0.063084 0.007325 0.12 204.88 129.0
-694.0 0.063065 0.007126 0.12 206.06 120.77
-695.0 0.063044 0.006721 0.12 207.57 122.77
-696.0 0.063064 0.006964 0.12 208.87 111.64
-697.0 0.06303 0.00729 0.13 210.06 119.46
-698.0 0.063059 0.007426 0.13 211.47 110.48
-699.0 0.063101 0.008078 0.13 212.72 116.2
-700.0 0.063053 0.007029 0.13 213.84 110.22
-701.0 0.063065 0.006747 0.13 215.23 114.15
-702.0 0.063059 0.006466 0.13 216.56 103.88
-703.0 0.063028 0.006892 0.13 217.56 108.07
-704.0 0.063084 0.006269 0.13 218.77 99.61
-705.0 0.063081 0.006078 0.13 220.21 97.6
-706.0 0.063041 0.006474 0.13 221.26 97.13
-707.0 0.063048 0.006311 0.14 222.3 102.04
-708.0 0.063067 0.007215 0.14 223.61 98.29
-709.0 0.063087 0.007084 0.14 224.74 103.64
-710.0 0.063064 0.006531 0.14 225.75 96.83
-711.0 0.063035 0.006018 0.14 226.97 94.54
-712.0 0.063054 0.006129 0.14 228.09 91.02
-713.0 0.063065 0.005948 0.14 229.1 92.27
-714.0 0.063064 0.006152 0.14 230.24 87.16
-715.0 0.06307 0.005767 0.14 231.43 85.45
-716.0 0.063041 0.006178 0.14 232.32 86.31
-717.0 0.063048 0.005928 0.15 233.36 88.96
-718.0 0.063074 0.006647 0.15 234.6 88.23
-719.0 0.063066 0.006048 0.15 235.5 93.21
-720.0 0.063066 0.006018 0.15 236.44 86.05
-721.0 0.063059 0.005423 0.15 237.63 86.05
-722.0 0.063045 0.00585 0.15 238.65 79.81
-723.0 0.063046 0.005681 0.15 239.49 85.43
-724.0 0.063059 0.006206 0.15 240.51 77.44
-725.0 0.063076 0.005865 0.15 241.69 76.63
-726.0 0.06308 0.006488 0.16 242.53 73.49
-727.0 0.063049 0.005833 0.16 243.4 79.91
-728.0 0.06306 0.006564 0.16 244.52 77.44
-729.0 0.063047 0.005834 0.16 245.46 79.27
-730.0 0.063038 0.006319 0.16 246.32 72.37
-731.0 0.063072 0.005398 0.16 247.33 77.01
-732.0 0.063073 0.005779 0.16 248.3 67.7
-733.0 0.063067 0.006206 0.16 249.13 72.1
-734.0 0.06305 0.006463 0.16 250.04 68.57
-735.0 0.063054 0.006575 0.17 251.07 70.38
-736.0 0.063055 0.006328 0.17 252.01 67.43
-737.0 0.063066 0.006474 0.17 252.8 70.66
-738.0 0.063097 0.006266 0.17 253.62 72.05
-739.0 0.063044 0.006511 0.17 254.66 66.93
-740.0 0.063032 0.006268 0.17 255.61 61.51
-741.0 0.063063 0.006679 0.17 256.36 62.45
-742.0 0.063055 0.006272 0.17 257.16 62.11
-743.0 0.063063 0.007013 0.18 258.14 57.4
-744.0 0.063068 0.006681 0.18 259.12 54.66
-745.0 0.063062 0.007224 0.18 259.82 54.5
-746.0 0.063035 0.006396 0.18 260.61 58.36
-747.0 0.063047 0.007211 0.18 261.56 55.32
-748.0 0.063072 0.006802 0.18 262.45 57.18
-749.0 0.063055 0.007181 0.18 263.23 49.04
-750.0 0.063079 0.006227 0.18 264.0 50.4
-751.0 0.063096 0.00661 0.18 264.9 39.67
-752.0 0.063048 0.007067 0.19 265.75 48.3
-753.0 0.063065 0.0075 0.19 266.53 41.57
-754.0 0.063066 0.007503 0.19 267.27 47.12
-755.0 0.063033 0.006935 0.19 268.16 40.38
-756.0 0.06304 0.007602 0.19 268.99 44.44
-757.0 0.06306 0.006901 0.19 269.67 43.09
-758.0 0.063057 0.007555 0.19 270.49 40.01
-759.0 0.063085 0.00687 0.19 271.35 33.94
-760.0 0.06307 0.007871 0.19 272.1 33.65
-761.0 0.063062 0.007355 0.19 272.82 33.73
-762.0 0.063064 0.008054 0.2 273.63 31.13
-763.0 0.063042 0.007715 0.2 274.48 28.85
-764.0 0.063053 0.008264 0.2 275.18 29.19
-765.0 0.063038 0.007317 0.2 275.9 27.77
-766.0 0.063061 0.007953 0.2 276.7 27.72
-767.0 0.063075 0.007519 0.2 277.5 28.55
-768.0 0.063079 0.007829 0.2 278.16 23.91
-769.0 0.063081 0.007243 0.2 278.91 19.33
-770.0 0.063073 0.008487 0.2 279.75 15.61
-771.0 0.063065 0.008188 0.2 280.48 19.37
-772.0 0.063062 0.008774 0.21 281.1 16.21
-773.0 0.063042 0.008309 0.21 281.87 16.85
-774.0 0.063057 0.008868 0.21 282.68 13.7
-775.0 0.063059 0.007734 0.21 283.31 14.14
-776.0 0.06307 0.008454 0.21 284.02 8.63
-777.0 0.063076 0.00802 0.21 284.81 9.13
-778.0 0.063046 0.008639 0.21 285.46 6.97
-779.0 0.063075 0.008283 0.21 286.18 358.35
-780.0 0.06307 0.00947 0.21 286.96 0.43
-781.0 0.063034 0.008218 0.21 287.57 1.36
-782.0 0.063068 0.009367 0.22 288.26 359.58
-783.0 0.063088 0.008944 0.22 289.08 3.17
-784.0 0.06307 0.008894 0.22 289.73 358.36
-785.0 0.063054 0.008572 0.22 290.35 351.04
-786.0 0.063048 0.009122 0.22 291.15 353.33
-787.0 0.063059 0.008262 0.22 291.83 350.11
-788.0 0.063043 0.009443 0.22 292.44 348.67
-789.0 0.063058 0.009344 0.22 293.19 343.44
-790.0 0.06309 0.009851 0.22 293.89 344.28
-791.0 0.06308 0.009211 0.22 294.5 342.63
-792.0 0.063064 0.009598 0.23 295.24 345.27
-793.0 0.06305 0.00867 0.23 295.94 340.95
-794.0 0.063031 0.009443 0.23 296.52 336.6
-795.0 0.063055 0.009061 0.23 297.25 332.49
-796.0 0.063077 0.008964 0.23 298.02 334.88
-797.0 0.063077 0.00935 0.23 298.57 326.77
-798.0 0.063057 0.009582 0.23 299.21 331.51
-799.0 0.063098 0.010123 0.23 300.02 326.72
-800.0 0.063065 0.009696 0.23 300.59 328.92
-801.0 0.063032 0.009552 0.23 301.26 323.77
-802.0 0.063055 0.008888 0.23 302.01 327.55
-803.0 0.063064 0.009044 0.23 302.58 320.43
-804.0 0.063097 0.008903 0.24 303.25 322.38
-805.0 0.063073 0.009409 0.24 304.04 317.47
-806.0 0.063063 0.009005 0.24 304.65 316.15
-807.0 0.063061 0.009631 0.24 305.24 315.25
-808.0 0.063039 0.008779 0.24 306.02 316.77
-809.0 0.063059 0.00957 0.24 306.67 312.82
-810.0 0.063067 0.009118 0.24 307.27 314.93
-811.0 0.063063 0.009475 0.24 308.04 311.48
-812.0 0.063081 0.008634 0.24 308.67 307.6
-813.0 0.063061 0.009543 0.24 309.27 306.75
-814.0 0.063054 0.008548 0.24 310.06 305.88
-815.0 0.063062 0.009355 0.24 310.71 302.64
-816.0 0.063062 0.009477 0.24 311.29 299.57
-817.0 0.063056 0.009451 0.25 312.05 299.57
-818.0 0.063059 0.008939 0.25 312.76 295.56
-819.0 0.063074 0.00958 0.25 313.34 299.85
-820.0 0.063073 0.008811 0.25 314.06 297.67
-821.0 0.063073 0.009246 0.25 314.79 294.45
-822.0 0.063072 0.008896 0.25 315.4 289.08
-823.0 0.063061 0.008874 0.25 316.1 291.97
-824.0 0.06305 0.008592 0.25 316.85 284.1
-825.0 0.063047 0.009449 0.25 317.44 286.29
-826.0 0.063056 0.009505 0.25 318.14 282.98
-827.0 0.063052 0.009406 0.25 318.91 283.41
-828.0 0.06307 0.009458 0.25 319.54 280.68
-829.0 0.063094 0.008799 0.25 320.17 286.66
-830.0 0.063076 0.008195 0.25 320.96 276.47
-831.0 0.063066 0.009099 0.25 321.65 276.37
-832.0 0.063059 0.009183 0.25 322.25 271.51
-833.0 0.063038 0.009048 0.26 323.01 273.25
-834.0 0.06305 0.009204 0.26 323.75 267.3
-835.0 0.063048 0.009226 0.26 324.35 271.56
-836.0 0.06308 0.009363 0.26 325.1 266.69
-837.0 0.063065 0.009104 0.26 325.85 266.82
-838.0 0.063066 0.009163 0.26 326.49 262.97
-839.0 0.063091 0.007947 0.26 327.18 264.91
-840.0 0.063077 0.008245 0.26 327.97 253.45
-841.0 0.063066 0.008753 0.26 328.62 257.88
-842.0 0.063076 0.009081 0.26 329.28 251.66
-843.0 0.063064 0.009136 0.26 330.07 252.09
-844.0 0.063057 0.009045 0.26 330.81 248.58
-845.0 0.063039 0.008467 0.26 331.4 252.55
-846.0 0.063035 0.0087 0.26 332.14 244.24
-847.0 0.063066 0.008824 0.26 332.96 246.15
-848.0 0.063046 0.008829 0.26 333.6 240.46
-849.0 0.063071 0.007937 0.26 334.27 242.36
-850.0 0.06306 0.0089 0.26 335.09 234.99
-851.0 0.063043 0.008752 0.26 335.79 240.89
-852.0 0.063094 0.009063 0.26 336.42 232.48
-853.0 0.063104 0.0094 0.26 337.19 234.28
-854.0 0.063052 0.008848 0.26 337.98 230.04
-855.0 0.063062 0.008179 0.26 338.62 233.64
-856.0 0.063059 0.00843 0.26 339.33 226.05
-857.0 0.06306 0.008551 0.26 340.15 227.69
-858.0 0.063027 0.008927 0.26 340.82 223.54
-859.0 0.063043 0.007906 0.26 341.5 222.63
-860.0 0.063078 0.00866 0.26 342.31 215.56
-861.0 0.063041 0.008043 0.26 343.01 222.86
-862.0 0.063063 0.008276 0.26 343.67 214.66
-863.0 0.063088 0.008593 0.26 344.47 217.34
-864.0 0.063061 0.00845 0.26 345.25 211.67
-865.0 0.063081 0.007443 0.26 345.85 212.82
-866.0 0.063079 0.007801 0.26 346.58 206.22
-867.0 0.063059 0.007744 0.26 347.42 210.47
-868.0 0.063054 0.008061 0.26 348.09 203.38
-869.0 0.063032 0.007477 0.26 348.74 201.52
-870.0 0.063074 0.008348 0.26 349.58 196.04
-871.0 0.063055 0.007571 0.26 350.32 201.74
-872.0 0.063069 0.008103 0.26 350.94 195.5
-873.0 0.063075 0.007879 0.26 351.69 197.13
-874.0 0.063063 0.007788 0.26 352.51 192.04
-875.0 0.063086 0.006726 0.26 353.16 192.12
-876.0 0.063102 0.007413 0.26 353.83 181.21
-877.0 0.063052 0.007377 0.26 354.67 188.11
-878.0 0.06308 0.007541 0.26 355.37 179.33
-879.0 0.063059 0.007576 0.26 355.98 179.26
-880.0 0.063064 0.008129 0.26 356.81 176.13
-881.0 0.063075 0.00733 0.26 357.56 180.04
-882.0 0.063055 0.007821 0.25 358.19 173.86
-883.0 0.063051 0.007585 0.25 358.92 177.34
-884.0 0.063044 0.007582 0.25 359.74 170.21
-885.0 0.06306 0.006777 0.25 0.38 164.97
-886.0 0.063073 0.007593 0.25 1.03 161.56
-887.0 0.063069 0.006993 0.25 1.88 164.67
-888.0 0.063092 0.007916 0.25 2.58 158.67
-889.0 0.063072 0.007559 0.25 3.15 162.68
-890.0 0.063055 0.007681 0.25 3.98 157.52
-891.0 0.063068 0.006783 0.25 4.75 158.57
-892.0 0.063051 0.007461 0.25 5.33 154.18
-893.0 0.063031 0.007113 0.25 6.04 156.65
-894.0 0.06305 0.007038 0.25 6.89 149.3
-895.0 0.063074 0.006665 0.24 7.55 140.5
-896.0 0.063086 0.007597 0.24 8.16 140.91
-897.0 0.063076 0.006979 0.24 8.97 144.04
-898.0 0.063084 0.007743 0.24 9.65 142.53
-899.0 0.063077 0.007024 0.24 10.25 145.92
-900.0 0.063068 0.006795 0.24 11.08 140.06
-901.0 0.063058 0.006163 0.24 11.77 133.01
-902.0 0.063046 0.007219 0.24 12.34 133.71
-903.0 0.063054 0.006065 0.24 13.16 128.69
-904.0 0.063045 0.006892 0.24 13.89 127.73
-905.0 0.063094 0.007139 0.23 14.47 119.84
-906.0 0.063073 0.007164 0.23 15.18 124.67
-907.0 0.063055 0.006478 0.23 15.97 116.11
-908.0 0.06308 0.006962 0.23 16.57 125.51
-909.0 0.063047 0.00589 0.23 17.22 118.0
-910.0 0.063058 0.006493 0.23 18.02 113.17
-911.0 0.063055 0.006501 0.23 18.68 105.41
-912.0 0.063069 0.00634 0.23 19.26 109.24
-913.0 0.063082 0.006179 0.23 20.04 100.48
-914.0 0.063049 0.006742 0.22 20.71 106.59
-915.0 0.063077 0.00673 0.22 21.33 100.13
-916.0 0.063047 0.006212 0.22 22.05 100.62
-917.0 0.063037 0.006168 0.22 22.79 91.14
-918.0 0.06309 0.006083 0.22 23.36 103.19
-919.0 0.063083 0.005371 0.22 24.02 92.56
-920.0 0.063074 0.006222 0.22 24.8 90.74
-921.0 0.063054 0.006488 0.22 25.42 85.85
-922.0 0.063056 0.006352 0.22 26.0 86.89
-923.0 0.063046 0.00618 0.21 26.81 80.58
-924.0 0.063057 0.006572 0.21 27.47 85.31
-925.0 0.063101 0.006662 0.21 28.02 82.24
-926.0 0.063076 0.006355 0.21 28.76 78.32
-927.0 0.063048 0.006565 0.21 29.48 71.65
-928.0 0.063062 0.005975 0.21 30.06 76.26
-929.0 0.063062 0.005924 0.21 30.74 63.42
-930.0 0.063052 0.006423 0.21 31.47 69.89
-931.0 0.063082 0.006297 0.2 32.08 61.38
-932.0 0.063082 0.006506 0.2 32.72 60.56
-933.0 0.063046 0.006289 0.2 33.49 53.25
-934.0 0.063058 0.005983 0.2 34.1 62.01
-935.0 0.063046 0.005963 0.2 34.7 51.94
-936.0 0.063068 0.00625 0.2 35.48 55.87
-937.0 0.063071 0.006061 0.2 36.17 47.57
-938.0 0.063073 0.005139 0.2 36.73 47.32
-939.0 0.063082 0.006002 0.2 37.44 36.65
-940.0 0.063024 0.005952 0.19 38.2 49.86
-941.0 0.063066 0.006194 0.19 38.79 37.05
-942.0 0.063074 0.006298 0.19 39.43 39.97
-943.0 0.063062 0.006544 0.19 40.23 33.4
-944.0 0.063098 0.005702 0.19 40.87 41.73
-945.0 0.063051 0.006279 0.19 41.46 26.84
-946.0 0.063052 0.00601 0.19 42.24 32.87
-947.0 0.063037 0.006339 0.18 42.93 25.18
-948.0 0.063057 0.005545 0.18 43.55 17.67
-949.0 0.063092 0.006947 0.18 44.29 12.06
-950.0 0.063065 0.006018 0.18 45.01 18.09
-951.0 0.063079 0.00672 0.18 45.62 13.11
-952.0 0.063058 0.00631 0.18 46.35 15.11
-953.0 0.063041 0.006334 0.18 47.15 8.47
-954.0 0.06305 0.005557 0.18 47.73 2.93
-955.0 0.063088 0.006007 0.17 48.42 358.7
-956.0 0.063078 0.005466 0.17 49.26 359.93
-957.0 0.063058 0.006183 0.17 49.91 356.67
-958.0 0.063073 0.006417 0.17 50.56 350.15
-959.0 0.063048 0.006492 0.17 51.41 355.08
-960.0 0.063041 0.005701 0.17 52.1 348.24
-961.0 0.063076 0.006508 0.17 52.77 356.39
-962.0 0.063074 0.005589 0.17 53.6 353.7
-963.0 0.063086 0.005782 0.16 54.31 345.04
-964.0 0.063057 0.006139 0.16 55.0 335.67
-965.0 0.063053 0.006271 0.16 55.88 341.61
-966.0 0.063058 0.005941 0.16 56.62 333.88
-967.0 0.063029 0.00649 0.16 57.25 339.01
-968.0 0.063079 0.006679 0.16 58.13 331.47
-969.0 0.063075 0.006405 0.16 58.97 332.74
-970.0 0.063054 0.006497 0.16 59.65 323.1
-971.0 0.063091 0.006134 0.15 60.46 332.47
-972.0 0.063045 0.006235 0.15 61.35 316.55
-973.0 0.063054 0.006604 0.15 62.06 320.97
-974.0 0.063069 0.006796 0.15 62.92 313.75
-975.0 0.063065 0.006457 0.15 63.85 313.4
-976.0 0.063078 0.007158 0.15 64.53 305.88
-977.0 0.063042 0.006367 0.15 65.37 311.64
-978.0 0.063074 0.006916 0.14 66.4 306.31
-979.0 0.063069 0.006716 0.14 67.1 306.27
-980.0 0.063025 0.00731 0.14 67.92 298.99
-981.0 0.063081 0.005896 0.14 68.96 299.73
-982.0 0.063093 0.006794 0.14 69.78 287.89
-983.0 0.063039 0.006495 0.14 70.57 298.67
-984.0 0.06308 0.006871 0.14 71.6 287.16
-985.0 0.063074 0.007261 0.13 72.52 286.19
-986.0 0.063055 0.007442 0.13 73.3 285.91
-987.0 0.063041 0.006478 0.13 74.39 281.07
-988.0 0.063076 0.007345 0.13 75.34 285.67
-989.0 0.06307 0.006338 0.13 76.08 284.44
-990.0 0.06304 0.007184 0.13 77.21 275.49
-991.0 0.063057 0.006925 0.13 78.29 267.52
-992.0 0.0631 0.007189 0.13 79.0 265.97
-993.0 0.063077 0.006855 0.12 80.13 262.97
-994.0 0.063053 0.007444 0.12 81.19 265.93
-995.0 0.063073 0.007641 0.12 82.08 261.99
-996.0 0.063063 0.007283 0.12 83.22 261.77
-997.0 0.063022 0.007436 0.12 84.35 251.44
-998.0 0.063053 0.006817 0.12 85.19 259.51
-999.0 0.063064 0.006563 0.12 86.35 244.69
-1000.0 0.063062 0.007554 0.12 87.61 247.77
