0.0 0.01521 0.016514 0.09 12.67 201.76
1.0 0.015203 0.015947 0.09 7.17 214.22
2.0 0.015208 0.01742 0.11 1.14 226.64
3.0 0.015206 0.017172 0.11 355.38 238.96
4.0 0.015206 0.017547 0.12 349.9 251.7
5.0 0.015205 0.017872 0.13 343.76 264.81
6.0 0.015207 0.017787 0.13 338.37 274.72
7.0 0.015207 0.017564 0.14 332.27 291.1
8.0 0.015206 0.018499 0.14 326.28 300.63
9.0 0.015206 0.017119 0.15 320.89 313.45
10.0 0.01521 0.018351 0.15 314.82 327.32
11.0 0.015204 0.016893 0.15 309.31 337.58
12.0 0.015207 0.017033 0.15 303.59 353.06
13.0 0.015205 0.016278 0.15 297.46 2.51
14.0 0.015206 0.015133 0.15 291.81 17.67
15.0 0.015204 0.014859 0.14 285.43 29.6
16.0 0.01521 0.01342 0.14 279.03 43.38
17.0 0.015207 0.011905 0.14 272.85 56.68
18.0 0.015206 0.012096 0.13 265.91 72.01
19.0 0.015206 0.009658 0.12 259.56 84.12
20.0 0.015207 0.009659 0.12 252.34 100.62
21.0 0.015206 0.007789 0.11 245.47 108.61
22.0 0.015206 0.006747 0.1 237.62 129.7
23.0 0.015208 0.005075 0.1 229.74 138.71
24.0 0.015207 0.003453 0.09 221.28 154.81
25.0 0.015205 0.00271 0.08 211.59 192.39
26.0 0.015207 0.000897 0.07 201.53 201.52
27.0 0.015207 0.001379 0.07 189.72 296.33
28.0 0.015207 0.001456 0.06 177.38 24.4
29.0 0.015205 0.002925 0.06 162.7 44.54
30.0 0.015208 0.003817 0.05 147.71 73.05
31.0 0.015207 0.006113 0.05 130.89 99.88
32.0 0.015207 0.006209 0.05 114.65 114.58
33.0 0.015206 0.008541 0.05 97.48 144.6
34.0 0.015208 0.008306 0.05 82.91 165.07
35.0 0.015207 0.010483 0.06 68.61 189.3
36.0 0.015205 0.011369 0.06 56.86 202.84
37.0 0.015209 0.012069 0.07 45.4 222.35
38.0 0.015207 0.013387 0.07 35.68 239.49
39.0 0.015207 0.014294 0.08 26.63 248.37
40.0 0.015207 0.015515 0.08 17.42 268.47
41.0 0.015209 0.016111 0.09 9.09 276.86
42.0 0.015208 0.016589 0.09 0.61 295.09
43.0 0.015207 0.017519 0.09 352.66 307.37
44.0 0.015207 0.017339 0.09 344.8 319.73
45.0 0.015209 0.0191 0.1 336.54 331.97
46.0 0.015209 0.018749 0.1 328.94 344.75
47.0 0.015207 0.019243 0.1 321.16 356.7
48.0 0.015208 0.018915 0.1 313.08 10.64
49.0 0.015209 0.019547 0.1 305.11 22.5
50.0 0.01521 0.019484 0.1 297.13 38.13
51.0 0.015208 0.02024 0.09 288.5 50.79
52.0 0.015209 0.018991 0.09 279.24 67.17
53.0 0.015209 0.018717 0.09 270.0 78.58
54.0 0.01521 0.018288 0.09 260.29 94.03
55.0 0.015207 0.019052 0.08 249.74 107.0
56.0 0.015209 0.017772 0.08 239.45 125.25
57.0 0.015208 0.016835 0.08 228.08 140.36
58.0 0.015207 0.016199 0.08 216.75 156.48
59.0 0.015206 0.015765 0.08 205.03 172.73
60.0 0.015209 0.014969 0.08 193.52 188.68
61.0 0.015208 0.012789 0.08 181.22 206.67
62.0 0.015207 0.012806 0.08 169.58 223.96
63.0 0.015209 0.010222 0.09 158.47 237.64
64.0 0.015211 0.010055 0.09 147.28 257.55
65.0 0.015206 0.008559 0.09 137.03 262.67
66.0 0.015208 0.007304 0.1 127.31 276.5
67.0 0.015206 0.00622 0.1 118.46 279.43
68.0 0.015206 0.004922 0.11 109.34 278.57
69.0 0.015206 0.004092 0.11 101.36 283.11
70.0 0.015209 0.004024 0.12 93.35 265.25
71.0 0.01521 0.003323 0.12 85.72 252.52
72.0 0.015204 0.004694 0.13 78.44 260.16
73.0 0.015209 0.005779 0.13 71.36 252.48
74.0 0.01521 0.007139 0.13 64.76 261.8
75.0 0.015206 0.008469 0.13 57.92 268.9
76.0 0.015207 0.010412 0.14 51.87 276.66
77.0 0.015206 0.011269 0.14 45.31 290.54
78.0 0.015208 0.013535 0.13 39.21 300.24
79.0 0.015206 0.014308 0.13 33.47 305.43
80.0 0.015209 0.016735 0.13 27.01 323.12
81.0 0.015208 0.018121 0.13 21.44 329.16
82.0 0.015205 0.018642 0.12 15.51 341.49
83.0 0.015209 0.020504 0.12 9.86 356.07
84.0 0.015213 0.019685 0.11 4.39 10.06
85.0 0.015215 0.020306 0.11 358.9 17.29
86.0 0.015209 0.023777 0.1 353.41 26.6
87.0 0.015213 0.020944 0.09 348.04 36.89
88.0 0.015209 0.023243 0.08 342.55 39.25
89.0 0.015212 0.023847 0.07 337.53 59.6
90.0 0.015216 0.023453 0.06 332.73 70.52
91.0 0.01521 0.025536 0.05 328.33 86.49
92.0 0.015209 0.027004 0.04 323.7 97.66
93.0 0.015217 0.024225 0.03 320.9 105.78
94.0 0.015208 0.027536 0.01 322.24 108.9
95.0 0.015205 0.025536 0.0 42.05 36.23
96.0 0.015205 0.026209 0.02 98.24 350.18
97.0 0.015209 0.025999 0.03 100.87 351.01
98.0 0.015203 0.02455 0.04 101.53 356.66
99.0 0.015208 0.022619 0.05 99.17 6.27
100.0 0.015209 0.023061 0.07 94.64 16.84
101.0 0.015204 0.021689 0.08 89.9 24.53
102.0 0.015208 0.018929 0.09 85.36 36.61
103.0 0.015208 0.019376 0.11 81.26 45.21
104.0 0.015204 0.01734 0.12 76.1 50.2
105.0 0.015207 0.014587 0.13 70.87 62.51
106.0 0.015209 0.01363 0.14 65.83 75.36
107.0 0.015206 0.012767 0.15 61.39 75.33
108.0 0.015207 0.009997 0.16 56.85 78.89
109.0 0.01521 0.008844 0.17 52.04 87.25
110.0 0.015205 0.008792 0.18 47.06 89.27
111.0 0.015208 0.0063 0.18 42.37 93.32
112.0 0.015206 0.006537 0.19 37.4 84.37
113.0 0.015206 0.006725 0.19 32.33 78.87
114.0 0.015208 0.005756 0.2 28.04 70.82
115.0 0.015207 0.007582 0.2 23.05 68.82
116.0 0.015208 0.008456 0.2 18.34 70.99
117.0 0.015207 0.009346 0.2 14.09 67.68
118.0 0.015211 0.01149 0.2 9.24 79.16
119.0 0.015212 0.012146 0.19 4.96 77.57
120.0 0.015209 0.014162 0.19 0.62 90.79
121.0 0.01521 0.01539 0.18 355.93 91.44
122.0 0.015212 0.016241 0.18 351.73 102.87
123.0 0.015212 0.018147 0.17 347.53 108.82
124.0 0.015208 0.018622 0.16 343.02 119.5
125.0 0.015206 0.019082 0.15 339.45 124.58
126.0 0.015212 0.021509 0.14 335.19 135.44
127.0 0.01521 0.021933 0.13 331.96 142.98
128.0 0.015205 0.022431 0.12 328.68 150.04
129.0 0.015208 0.02355 0.1 326.64 158.0
130.0 0.015209 0.025037 0.09 325.59 165.07
131.0 0.015204 0.024836 0.08 325.24 168.77
132.0 0.015207 0.024856 0.07 325.45 172.12
133.0 0.015207 0.025049 0.05 329.94 170.47
134.0 0.015207 0.026451 0.04 340.83 162.43
135.0 0.015205 0.024895 0.04 355.15 152.48
136.0 0.015201 0.025043 0.04 14.21 133.11
137.0 0.015208 0.027316 0.04 31.87 121.67
138.0 0.015207 0.026735 0.05 41.4 115.27
139.0 0.015201 0.025521 0.07 45.44 114.46
140.0 0.015206 0.025758 0.08 46.94 117.66
141.0 0.015207 0.026151 0.09 46.75 122.93
142.0 0.015202 0.025044 0.11 45.93 126.39
143.0 0.015204 0.024176 0.12 43.62 131.64
144.0 0.015206 0.025388 0.13 40.37 139.51
145.0 0.015204 0.023601 0.14 37.5 144.06
146.0 0.015205 0.023856 0.15 33.94 149.01
147.0 0.015204 0.024877 0.16 30.2 158.96
148.0 0.015206 0.024237 0.17 26.15 162.03
149.0 0.015204 0.023566 0.18 22.1 167.39
150.0 0.015204 0.023715 0.19 18.31 176.34
151.0 0.015205 0.022725 0.19 13.92 181.94
152.0 0.015204 0.022295 0.2 9.82 186.91
153.0 0.015205 0.022522 0.2 5.92 196.09
154.0 0.015203 0.021154 0.2 2.0 199.66
155.0 0.0152 0.020174 0.2 357.97 202.39
156.0 0.015205 0.019109 0.2 353.68 211.73
157.0 0.015209 0.018984 0.2 349.51 220.05
158.0 0.015201 0.018303 0.2 345.77 221.19
159.0 0.015203 0.017998 0.19 341.73 222.35
160.0 0.015204 0.016446 0.19 337.67 230.35
161.0 0.015204 0.01522 0.18 333.57 236.84
162.0 0.015205 0.015471 0.17 329.59 238.25
163.0 0.015202 0.015279 0.16 325.68 238.45
164.0 0.015203 0.014987 0.15 322.32 239.78
165.0 0.015205 0.014077 0.14 319.28 240.85
166.0 0.015205 0.01321 0.13 316.57 244.25
167.0 0.015204 0.014726 0.12 313.96 244.42
168.0 0.015204 0.015968 0.11 312.13 244.63
169.0 0.0152 0.016268 0.09 311.05 244.05
170.0 0.015204 0.016231 0.08 310.7 238.89
171.0 0.015205 0.016452 0.07 312.16 233.91
172.0 0.015202 0.017113 0.05 317.11 232.64
173.0 0.015202 0.018615 0.04 328.61 223.53
174.0 0.015201 0.019497 0.04 345.41 209.32
175.0 0.015206 0.020663 0.04 5.46 185.82
176.0 0.015208 0.021425 0.05 19.59 170.53
177.0 0.015203 0.021709 0.06 26.95 167.56
178.0 0.015203 0.023032 0.07 30.32 169.12
179.0 0.015203 0.024248 0.08 31.95 168.05
180.0 0.015204 0.026183 0.1 32.28 166.97
181.0 0.015206 0.025796 0.11 30.68 170.98
182.0 0.015202 0.026381 0.13 28.32 178.08
183.0 0.015202 0.02685 0.14 25.77 183.5
184.0 0.015204 0.027764 0.15 22.87 187.84
185.0 0.015202 0.028052 0.16 19.84 195.17
186.0 0.015205 0.028504 0.17 16.26 199.59
187.0 0.015207 0.029757 0.17 12.21 205.07
188.0 0.0152 0.028998 0.18 8.55 213.77
189.0 0.015205 0.029986 0.19 4.52 219.65
190.0 0.015208 0.031065 0.19 0.28 224.94
191.0 0.015202 0.030326 0.19 356.11 231.97
192.0 0.015202 0.030315 0.2 351.9 239.09
193.0 0.015205 0.031285 0.2 347.98 245.57
194.0 0.015202 0.031096 0.2 343.63 253.3
195.0 0.015205 0.031046 0.2 339.77 259.72
196.0 0.015203 0.031666 0.19 336.02 265.58
197.0 0.015203 0.030223 0.19 332.19 273.12
198.0 0.015205 0.030038 0.18 328.7 278.66
199.0 0.015203 0.030734 0.18 325.34 283.87
200.0 0.015205 0.030072 0.17 322.08 289.31
201.0 0.015206 0.030493 0.16 318.9 293.66
202.0 0.015201 0.029786 0.15 316.05 299.44
203.0 0.015205 0.030455 0.14 313.35 303.04
204.0 0.015205 0.030722 0.12 310.88 306.74
205.0 0.015201 0.029783 0.11 309.25 311.1
206.0 0.015205 0.028497 0.1 307.94 314.67
207.0 0.015203 0.028643 0.08 307.86 317.21
208.0 0.015202 0.029454 0.07 309.63 316.62
209.0 0.015204 0.029331 0.06 314.24 314.41
210.0 0.015205 0.028888 0.05 323.25 305.7
211.0 0.015203 0.027844 0.04 338.45 295.0
212.0 0.015204 0.02861 0.04 356.71 278.41
213.0 0.015202 0.028806 0.05 11.55 266.7
214.0 0.015203 0.027609 0.06 21.44 259.39
215.0 0.015209 0.026897 0.07 25.75 256.25
216.0 0.015208 0.025692 0.09 27.36 254.87
217.0 0.015212 0.027826 0.1 28.15 255.37
218.0 0.015207 0.02789 0.11 26.84 262.76
219.0 0.015205 0.026515 0.13 25.0 264.88
220.0 0.015205 0.029395 0.14 22.91 270.38
221.0 0.015209 0.028995 0.15 20.35 276.49
222.0 0.015207 0.031416 0.17 17.38 281.63
223.0 0.01521 0.030852 0.18 14.55 283.91
224.0 0.015206 0.029524 0.19 11.61 287.42
225.0 0.015205 0.031168 0.2 7.79 294.44
226.0 0.015209 0.031575 0.21 3.96 301.88
227.0 0.015208 0.030218 0.21 0.63 304.6
228.0 0.015206 0.031354 0.22 356.61 314.23
229.0 0.015209 0.029942 0.22 353.11 317.23
230.0 0.015208 0.026588 0.23 349.48 323.45
231.0 0.015211 0.026674 0.23 345.99 326.9
232.0 0.015211 0.023112 0.23 342.2 331.16
233.0 0.015209 0.020745 0.23 338.22 340.99
234.0 0.015208 0.01843 0.23 334.69 342.44
235.0 0.015209 0.015256 0.23 330.89 347.6
236.0 0.015211 0.014036 0.23 326.93 356.45
237.0 0.015209 0.010306 0.23 323.22 2.46
238.0 0.01521 0.008188 0.22 319.53 7.23
239.0 0.01521 0.006365 0.21 315.65 15.85
240.0 0.015209 0.003859 0.21 312.15 47.07
241.0 0.015211 0.003711 0.2 308.59 50.48
242.0 0.015208 0.003864 0.19 305.01 67.08
243.0 0.01521 0.003584 0.17 302.25 45.04
244.0 0.015206 0.002801 0.16 299.28 58.29
245.0 0.015211 0.004276 0.14 297.4 37.21
246.0 0.015213 0.00513 0.13 295.98 30.32
247.0 0.015205 0.007597 0.12 295.5 35.13
248.0 0.01521 0.009535 0.1 297.25 15.43
249.0 0.015209 0.011745 0.09 300.49 13.02
250.0 0.015207 0.014303 0.08 306.87 11.59
251.0 0.015208 0.015782 0.07 315.35 358.47
252.0 0.015212 0.01916 0.07 326.69 345.38
253.0 0.01521 0.021675 0.07 337.16 339.72
254.0 0.015207 0.023994 0.08 346.13 330.04
255.0 0.015212 0.025208 0.09 350.98 324.84
256.0 0.015208 0.027446 0.1 353.96 323.41
257.0 0.015202 0.027267 0.12 354.35 328.28
258.0 0.01521 0.02692 0.13 354.85 328.62
259.0 0.01521 0.028274 0.15 353.94 329.94
260.0 0.015206 0.030168 0.16 352.13 333.86
261.0 0.015211 0.029831 0.17 349.9 335.26
262.0 0.01521 0.031558 0.18 346.42 342.6
263.0 0.015204 0.030555 0.2 343.54 344.34
264.0 0.015211 0.028804 0.2 340.43 352.04
265.0 0.015204 0.028291 0.21 336.84 355.56
266.0 0.015211 0.031182 0.22 332.59 359.64
267.0 0.015212 0.029136 0.23 328.96 6.49
268.0 0.015203 0.028662 0.23 324.64 9.87
269.0 0.015209 0.026433 0.23 320.81 22.07
270.0 0.015208 0.02577 0.24 316.61 26.53
271.0 0.015209 0.027036 0.24 312.43 28.38
272.0 0.015208 0.024253 0.24 308.25 41.88
273.0 0.015209 0.023877 0.24 304.11 47.87
274.0 0.015206 0.02137 0.23 299.77 57.47
275.0 0.015207 0.019205 0.23 295.52 71.59
276.0 0.0152 0.016273 0.22 291.15 76.55
277.0 0.015208 0.016999 0.22 287.32 92.05
278.0 0.015203 0.015169 0.21 282.84 102.08
279.0 0.015206 0.013781 0.2 278.75 119.67
280.0 0.015207 0.014362 0.19 275.35 131.26
281.0 0.015204 0.010666 0.18 271.18 149.87
282.0 0.015207 0.011784 0.16 267.77 158.56
283.0 0.015208 0.010582 0.15 263.83 180.51
284.0 0.015207 0.010042 0.13 260.37 193.27
285.0 0.015208 0.011975 0.12 257.26 203.98
286.0 0.015207 0.013852 0.1 254.51 218.7
287.0 0.015207 0.011779 0.09 254.44 212.34
288.0 0.015206 0.010994 0.07 255.25 218.52
289.0 0.015205 0.010537 0.06 258.4 217.7
290.0 0.015208 0.007892 0.04 269.02 200.93
291.0 0.015209 0.007223 0.04 284.79 192.29
292.0 0.015207 0.007427 0.04 304.81 198.32
293.0 0.015207 0.007475 0.04 320.37 176.93
294.0 0.015207 0.003304 0.05 333.11 150.26
295.0 0.01521 0.001234 0.06 340.02 96.72
296.0 0.015206 0.002252 0.08 340.48 120.17
297.0 0.015204 0.003734 0.09 339.58 91.75
298.0 0.015211 0.00126 0.11 338.16 14.57
299.0 0.015211 0.003156 0.12 335.6 9.1
300.0 0.015206 0.003613 0.13 331.66 45.91
301.0 0.015206 0.003939 0.15 327.38 55.15
302.0 0.015206 0.006502 0.15 323.43 54.53
303.0 0.01521 0.010176 0.16 319.34 50.46
304.0 0.015205 0.012414 0.17 314.81 69.12
305.0 0.015204 0.01467 0.18 310.31 91.26
306.0 0.015205 0.015914 0.19 305.71 90.13
307.0 0.015212 0.018958 0.19 300.96 94.91
308.0 0.015207 0.019266 0.2 295.76 111.27
309.0 0.015209 0.021313 0.2 290.95 111.36
310.0 0.015207 0.022194 0.2 285.71 121.96
311.0 0.015203 0.024179 0.2 280.47 128.16
312.0 0.015211 0.026653 0.2 275.11 132.36
313.0 0.015206 0.026543 0.19 270.0 140.14
314.0 0.015212 0.02809 0.19 264.56 144.4
315.0 0.015203 0.026654 0.18 259.43 149.99
316.0 0.015209 0.027288 0.17 254.27 157.16
317.0 0.015204 0.024839 0.16 249.24 163.83
318.0 0.015214 0.025534 0.16 244.61 172.57
319.0 0.015202 0.022114 0.15 239.38 176.27
320.0 0.015211 0.021658 0.14 234.76 189.15
321.0 0.015205 0.018975 0.13 229.42 198.23
322.0 0.015207 0.018132 0.12 224.73 211.37
323.0 0.01521 0.017831 0.11 220.27 224.4
324.0 0.015203 0.01495 0.1 215.22 239.88
325.0 0.015209 0.015645 0.09 210.0 253.57
326.0 0.015206 0.015034 0.08 205.12 268.14
327.0 0.015208 0.01728 0.06 199.31 280.15
328.0 0.015208 0.017813 0.05 193.47 294.11
329.0 0.015207 0.021115 0.04 184.7 306.69
330.0 0.015205 0.021057 0.03 172.32 320.78
331.0 0.015208 0.023858 0.02 152.67 340.65
332.0 0.015204 0.025341 0.01 107.91 24.9
333.0 0.01521 0.026729 0.02 55.85 74.3
334.0 0.015205 0.026464 0.02 27.84 99.64
335.0 0.015207 0.026557 0.03 10.9 114.95
336.0 0.015208 0.025087 0.04 359.07 125.07
337.0 0.015205 0.024059 0.05 349.29 134.66
338.0 0.015209 0.023978 0.06 339.91 141.76
339.0 0.015208 0.021404 0.07 332.05 148.14
340.0 0.015205 0.018179 0.08 324.86 158.57
341.0 0.015209 0.016705 0.08 317.36 167.63
342.0 0.015206 0.014322 0.09 310.23 177.71
343.0 0.015209 0.012548 0.1 303.71 190.22
344.0 0.015206 0.009607 0.1 297.43 203.1
345.0 0.015206 0.009578 0.1 292.15 228.45
346.0 0.015207 0.009781 0.11 286.93 252.45
347.0 0.015205 0.011163 0.11 281.54 268.36
348.0 0.01521 0.013406 0.11 275.92 274.46
349.0 0.015208 0.015153 0.11 270.24 286.02
350.0 0.015205 0.015994 0.11 263.93 288.77
351.0 0.015205 0.016708 0.11 257.48 292.83
352.0 0.015207 0.019521 0.11 250.22 301.55
353.0 0.015207 0.020091 0.11 242.89 303.02
354.0 0.01521 0.019373 0.11 234.97 306.58
355.0 0.015203 0.019278 0.1 226.57 310.94
356.0 0.015211 0.019834 0.1 217.67 319.2
357.0 0.015208 0.017863 0.09 208.95 323.15
358.0 0.015206 0.016573 0.09 199.83 328.08
359.0 0.015209 0.015 0.08 191.16 336.98
360.0 0.015205 0.011955 0.08 181.9 342.43
361.0 0.015208 0.008653 0.07 172.27 352.72
362.0 0.015207 0.005755 0.07 162.86 1.48
363.0 0.015208 0.004197 0.06 152.83 37.06
364.0 0.015209 0.003093 0.06 141.58 107.51
365.0 0.015206 0.0049 0.06 129.45 147.75
366.0 0.015208 0.005948 0.06 117.45 168.91
367.0 0.015206 0.006787 0.06 104.77 176.4
368.0 0.015209 0.009919 0.06 93.35 190.5
369.0 0.015205 0.00955 0.06 80.29 194.02
370.0 0.015205 0.009109 0.07 67.85 195.32
371.0 0.015209 0.011513 0.07 57.88 212.67
372.0 0.01521 0.011626 0.08 47.26 214.24
373.0 0.015205 0.00941 0.08 35.94 213.96
374.0 0.015208 0.007143 0.09 25.43 213.48
375.0 0.01521 0.005389 0.09 14.73 211.84
376.0 0.015206 0.006184 0.1 4.83 198.48
377.0 0.015212 0.005856 0.1 355.13 169.51
378.0 0.015212 0.00706 0.1 345.36 158.89
379.0 0.015205 0.00883 0.1 336.31 158.7
380.0 0.01521 0.010591 0.1 327.14 157.62
381.0 0.01521 0.012041 0.1 318.41 156.13
382.0 0.015204 0.010467 0.1 310.92 165.81
383.0 0.015209 0.010256 0.1 303.06 164.5
384.0 0.015209 0.012509 0.1 294.18 161.17
385.0 0.015206 0.009267 0.1 287.13 165.81
386.0 0.015207 0.009335 0.1 278.88 167.48
387.0 0.015207 0.009307 0.09 270.76 178.35
388.0 0.015208 0.007097 0.09 262.89 192.6
389.0 0.015207 0.004802 0.09 255.12 218.41
390.0 0.015208 0.004661 0.09 247.77 231.14
391.0 0.015206 0.002751 0.08 239.78 249.41
392.0 0.015207 0.004664 0.08 231.08 311.93
393.0 0.015208 0.007486 0.08 222.12 341.1
394.0 0.015208 0.010417 0.08 212.95 4.57
395.0 0.015207 0.012828 0.08 202.99 13.48
396.0 0.015211 0.016292 0.08 194.39 26.94
397.0 0.01521 0.018606 0.08 184.72 35.01
398.0 0.015207 0.019461 0.07 174.23 50.87
399.0 0.015209 0.022588 0.07 164.81 58.12
400.0 0.015207 0.020515 0.07 153.38 69.58
401.0 0.015206 0.019473 0.07 143.04 80.93
402.0 0.015208 0.021402 0.07 134.1 88.58
403.0 0.015212 0.02211 0.07 124.37 95.87
404.0 0.015205 0.018746 0.08 114.08 107.83
405.0 0.015208 0.018738 0.08 103.7 118.66
406.0 0.015207 0.018137 0.08 92.57 132.2
407.0 0.015208 0.015418 0.08 83.15 151.22
408.0 0.015208 0.013477 0.08 72.97 171.83
409.0 0.015206 0.012514 0.08 63.09 186.77
410.0 0.015209 0.012444 0.08 53.66 210.55
411.0 0.015208 0.012677 0.08 43.32 240.75
412.0 0.015208 0.014471 0.08 34.27 263.2
413.0 0.015208 0.015694 0.08 24.41 283.85
414.0 0.015209 0.018738 0.07 14.75 302.55
415.0 0.015207 0.01872 0.07 6.33 309.86
416.0 0.01521 0.020581 0.07 356.46 319.53
417.0 0.015204 0.022577 0.07 345.38 335.41
418.0 0.01521 0.02266 0.06 334.43 343.45
419.0 0.015209 0.023235 0.06 322.95 353.86
420.0 0.015206 0.025778 0.06 310.72 7.57
421.0 0.015206 0.024976 0.06 297.78 17.32
422.0 0.015206 0.023383 0.06 284.55 29.15
423.0 0.015209 0.025741 0.06 272.3 42.13
424.0 0.015208 0.027659 0.06 260.12 52.82
425.0 0.015206 0.025393 0.06 247.52 63.31
426.0 0.015207 0.022948 0.07 235.44 74.49
427.0 0.015207 0.025189 0.07 224.67 83.82
428.0 0.015207 0.023781 0.07 213.64 94.31
429.0 0.01521 0.021032 0.08 202.63 109.0
430.0 0.015205 0.021435 0.08 191.85 116.81
431.0 0.01521 0.019446 0.08 180.32 133.44
432.0 0.015209 0.016516 0.09 170.83 150.85
433.0 0.015206 0.014817 0.1 162.22 163.08
434.0 0.015213 0.012452 0.1 152.5 187.39
435.0 0.01521 0.010553 0.11 144.32 207.73
436.0 0.015208 0.010297 0.11 135.27 232.13
437.0 0.015207 0.009084 0.12 127.44 265.3
438.0 0.01521 0.010935 0.13 118.77 286.01
439.0 0.015205 0.011336 0.13 111.6 306.24
440.0 0.015209 0.011375 0.14 104.09 307.73
441.0 0.015209 0.014174 0.14 96.55 325.36
442.0 0.015208 0.015849 0.14 88.86 329.9
443.0 0.015206 0.013369 0.14 82.03 340.01
444.0 0.015203 0.014077 0.15 75.25 345.32
445.0 0.015206 0.011612 0.15 68.09 349.97
446.0 0.015203 0.013085 0.15 61.71 358.45
447.0 0.015206 0.010483 0.15 54.71 357.07
448.0 0.015204 0.00943 0.14 47.83 3.36
449.0 0.015206 0.008786 0.14 41.32 355.58
450.0 0.015206 0.00548 0.14 34.17 350.73
451.0 0.015207 0.005848 0.13 27.73 327.19
452.0 0.015206 0.00843 0.13 21.56 315.32
453.0 0.015206 0.00883 0.12 14.63 309.81
454.0 0.015209 0.009348 0.11 7.27 313.63
455.0 0.015207 0.010869 0.1 0.97 319.01
456.0 0.015208 0.01236 0.09 355.42 335.88
457.0 0.015206 0.014129 0.09 349.05 340.9
458.0 0.015207 0.012798 0.07 340.95 346.82
459.0 0.015208 0.012684 0.06 332.46 357.03
460.0 0.015205 0.014156 0.05 324.21 10.28
461.0 0.015207 0.016243 0.04 310.23 32.98
462.0 0.015207 0.019164 0.03 292.66 47.82
463.0 0.015208 0.01855 0.02 262.8 77.58
464.0 0.015211 0.021021 0.02 222.79 120.1
465.0 0.015206 0.02304 0.03 185.64 160.54
466.0 0.015208 0.021924 0.04 168.16 180.27
467.0 0.015209 0.020708 0.05 155.86 195.12
468.0 0.015204 0.021404 0.06 144.74 209.95
469.0 0.015207 0.024831 0.08 134.79 221.75
470.0 0.015212 0.024612 0.09 126.42 233.31
471.0 0.015208 0.025991 0.1 119.01 239.07
472.0 0.015207 0.022432 0.11 111.99 254.31
473.0 0.015207 0.021247 0.12 106.02 265.03
474.0 0.015207 0.024045 0.14 100.55 268.54
475.0 0.015209 0.022857 0.15 95.01 274.5
476.0 0.015207 0.020633 0.16 88.71 289.52
477.0 0.015209 0.02023 0.17 82.6 301.48
478.0 0.015211 0.019946 0.17 77.6 316.67
479.0 0.015208 0.01808 0.18 72.24 324.78
480.0 0.015207 0.016606 0.19 67.29 340.87
481.0 0.01521 0.014992 0.19 61.97 355.94
482.0 0.015209 0.013321 0.2 57.03 16.37
483.0 0.015209 0.015121 0.2 52.2 31.57
484.0 0.015205 0.013054 0.2 46.82 53.75
485.0 0.015207 0.013164 0.2 42.31 52.5
486.0 0.015207 0.01228 0.2 37.79 65.12
487.0 0.015202 0.011048 0.2 33.09 84.54
488.0 0.015204 0.009182 0.2 28.76 86.02
489.0 0.0152 0.007811 0.19 24.47 89.08
490.0 0.015203 0.006843 0.19 20.19 89.87
491.0 0.015199 0.006134 0.18 16.18 107.17
492.0 0.015201 0.005267 0.17 12.3 122.04
493.0 0.015201 0.003505 0.16 8.52 117.93
494.0 0.015202 0.00251 0.15 5.11 113.24
495.0 0.0152 0.002107 0.14 2.0 112.23
496.0 0.015204 0.001343 0.13 359.35 110.0
497.0 0.015201 0.001144 0.12 357.28 42.05
498.0 0.015202 0.002257 0.1 356.16 10.69
499.0 0.015203 0.00352 0.09 356.19 8.87
500.0 0.0152 0.00479 0.08 358.11 11.7
501.0 0.015203 0.005595 0.07 2.55 10.27
502.0 0.0152 0.006754 0.06 10.34 359.77
503.0 0.015202 0.007732 0.05 22.13 352.34
504.0 0.0152 0.009154 0.05 35.63 342.69
505.0 0.015202 0.010184 0.06 47.76 339.91
506.0 0.015199 0.011391 0.07 56.31 334.85
507.0 0.015204 0.011805 0.08 61.19 334.64
508.0 0.015201 0.012909 0.09 63.48 335.48
509.0 0.015203 0.014067 0.11 63.79 342.16
510.0 0.015204 0.015424 0.12 62.76 350.2
511.0 0.0152 0.016268 0.14 60.89 358.54
512.0 0.015204 0.017901 0.15 58.41 7.88
513.0 0.0152 0.017888 0.16 55.62 12.3
514.0 0.015201 0.01861 0.18 52.45 19.82
515.0 0.0152 0.020603 0.19 49.02 30.32
516.0 0.015203 0.020681 0.2 45.45 40.56
517.0 0.0152 0.021155 0.21 41.78 48.71
518.0 0.015202 0.020716 0.22 37.95 55.28
519.0 0.0152 0.020749 0.23 34.02 65.27
520.0 0.015203 0.021268 0.23 29.95 75.05
521.0 0.015204 0.020075 0.24 25.86 84.27
522.0 0.015203 0.0195 0.24 21.61 96.33
523.0 0.015204 0.019644 0.24 17.46 104.64
524.0 0.015202 0.017816 0.25 13.37 112.23
525.0 0.015205 0.017336 0.25 9.12 122.76
526.0 0.0152 0.017218 0.24 4.97 126.51
527.0 0.015202 0.01571 0.24 0.95 132.99
528.0 0.0152 0.015088 0.24 356.89 143.59
529.0 0.015202 0.013768 0.23 352.75 150.06
530.0 0.015201 0.012212 0.22 348.77 155.73
531.0 0.015204 0.010692 0.21 344.99 161.4
532.0 0.015202 0.009606 0.2 341.31 166.72
533.0 0.015204 0.009301 0.19 337.75 166.48
534.0 0.015202 0.008191 0.18 334.25 164.2
535.0 0.015205 0.007432 0.17 331.1 169.84
536.0 0.015201 0.007341 0.16 328.23 163.66
537.0 0.015204 0.005969 0.14 325.86 156.35
538.0 0.015204 0.006485 0.13 324.17 152.58
539.0 0.015203 0.007335 0.11 323.07 142.06
540.0 0.015204 0.008331 0.1 323.22 133.76
541.0 0.015203 0.009325 0.08 325.56 134.29
542.0 0.015204 0.010785 0.07 330.45 125.62
543.0 0.015202 0.010758 0.06 339.86 116.75
544.0 0.015204 0.011663 0.05 353.61 104.9
545.0 0.015202 0.013046 0.05 9.01 89.2
546.0 0.015205 0.014145 0.06 22.19 79.4
547.0 0.015201 0.01617 0.07 31.18 75.29
548.0 0.015206 0.016883 0.08 35.53 73.36
549.0 0.015202 0.017695 0.1 37.58 77.66
550.0 0.015204 0.019085 0.11 37.81 82.06
551.0 0.015202 0.019808 0.13 36.7 87.74
552.0 0.015201 0.019868 0.14 34.69 93.62
553.0 0.0152 0.020281 0.15 32.15 101.25
554.0 0.015202 0.021317 0.17 29.25 109.17
555.0 0.015201 0.021442 0.18 26.09 114.99
556.0 0.015206 0.021901 0.19 22.72 122.74
557.0 0.015201 0.020788 0.2 19.16 132.84
558.0 0.015205 0.021413 0.21 15.36 143.07
559.0 0.015201 0.020366 0.21 11.61 151.74
560.0 0.015204 0.019848 0.22 7.77 159.28
561.0 0.015205 0.018877 0.22 3.72 166.44
562.0 0.015206 0.017498 0.23 359.73 170.72
563.0 0.015201 0.016757 0.23 355.83 183.94
564.0 0.015206 0.01729 0.23 351.93 188.48
565.0 0.015203 0.015933 0.23 347.89 196.46
566.0 0.015204 0.015883 0.22 343.95 206.54
567.0 0.015206 0.014401 0.22 340.02 209.93
568.0 0.015203 0.012797 0.21 336.13 221.65
569.0 0.015206 0.011956 0.21 332.34 224.96
570.0 0.015202 0.009872 0.2 328.73 225.99
571.0 0.015207 0.010004 0.19 325.23 221.62
572.0 0.015209 0.009994 0.18 321.82 229.32
573.0 0.015207 0.009544 0.17 318.57 243.23
574.0 0.015211 0.009068 0.15 315.84 253.27
575.0 0.015206 0.008638 0.14 313.49 254.01
576.0 0.015204 0.005518 0.12 311.58 259.23
577.0 0.015201 0.004965 0.11 310.51 249.72
578.0 0.015205 0.004057 0.1 310.69 239.36
579.0 0.015202 0.004475 0.08 312.67 219.61
580.0 0.015206 0.005365 0.07 317.34 201.07
581.0 0.015202 0.005996 0.06 325.85 189.42
582.0 0.015205 0.007394 0.05 338.77 173.79
583.0 0.015203 0.008011 0.05 354.51 158.87
584.0 0.015204 0.009132 0.06 8.41 149.55
585.0 0.015204 0.009842 0.07 17.71 139.87
586.0 0.015204 0.009921 0.08 22.7 134.26
587.0 0.015203 0.010935 0.09 24.98 133.81
588.0 0.015206 0.012 0.11 25.4 128.92
589.0 0.015205 0.012828 0.12 24.67 131.18
590.0 0.015205 0.013476 0.14 22.76 137.12
591.0 0.015206 0.015877 0.15 20.5 142.25
592.0 0.015208 0.016899 0.16 17.55 150.37
593.0 0.015206 0.016978 0.17 14.57 154.09
594.0 0.015209 0.018079 0.18 10.91 162.64
595.0 0.01521 0.021561 0.19 7.14 174.07
596.0 0.015212 0.020425 0.2 3.36 179.35
597.0 0.01521 0.019324 0.21 359.93 187.9
598.0 0.015203 0.018012 0.21 356.23 194.91
599.0 0.015207 0.01884 0.22 352.45 201.49
600.0 0.015202 0.017544 0.22 348.48 209.99
601.0 0.015205 0.017781 0.22 344.73 218.62
602.0 0.015201 0.016213 0.22 340.54 225.36
603.0 0.015203 0.016027 0.22 336.7 232.16
604.0 0.015203 0.014494 0.22 332.63 236.05
605.0 0.015203 0.013708 0.21 328.58 243.24
606.0 0.015203 0.013397 0.21 324.76 248.41
607.0 0.015205 0.011471 0.2 320.69 254.96
608.0 0.015202 0.010622 0.19 316.97 254.33
609.0 0.015204 0.008952 0.19 313.27 258.78
610.0 0.015201 0.009004 0.18 309.66 257.71
611.0 0.015209 0.009769 0.16 306.56 254.71
612.0 0.015206 0.012312 0.15 303.75 243.06
613.0 0.015206 0.01089 0.14 300.9 242.62
614.0 0.015213 0.013036 0.12 298.59 255.41
615.0 0.015205 0.013892 0.11 297.43 246.42
616.0 0.015202 0.015037 0.1 297.2 239.7
617.0 0.015203 0.015648 0.08 298.16 243.23
618.0 0.015203 0.017296 0.07 301.88 242.01
619.0 0.015202 0.01704 0.06 309.49 235.94
620.0 0.015203 0.017793 0.05 322.24 226.62
621.0 0.015202 0.01802 0.05 339.58 209.24
622.0 0.015202 0.018848 0.05 355.95 194.28
623.0 0.015203 0.019821 0.06 7.35 183.39
624.0 0.015201 0.020574 0.07 13.63 179.01
625.0 0.015204 0.021302 0.09 16.49 177.38
626.0 0.015201 0.021357 0.1 17.12 179.7
627.0 0.015203 0.021479 0.12 16.3 182.0
628.0 0.015199 0.021123 0.13 14.68 184.46
629.0 0.015202 0.021033 0.14 12.3 188.38
630.0 0.0152 0.021406 0.16 9.55 193.05
631.0 0.015201 0.021431 0.17 6.43 199.06
632.0 0.015199 0.021614 0.18 3.16 207.3
633.0 0.015201 0.02128 0.19 359.66 213.57
634.0 0.015199 0.021269 0.2 356.0 220.31
635.0 0.015203 0.021418 0.21 352.3 226.54
636.0 0.0152 0.021937 0.22 348.44 232.94
637.0 0.015203 0.022766 0.22 344.53 239.57
638.0 0.015202 0.022765 0.23 340.62 246.84
639.0 0.015203 0.023001 0.23 336.66 253.51
640.0 0.015203 0.022618 0.23 332.65 259.55
641.0 0.015203 0.022351 0.23 328.66 263.92
642.0 0.015203 0.022141 0.23 324.66 269.24
643.0 0.015202 0.022256 0.23 320.72 274.37
644.0 0.015205 0.022315 0.23 316.75 279.4
645.0 0.015201 0.021508 0.22 312.91 286.73
646.0 0.015204 0.021209 0.22 309.06 292.68
647.0 0.0152 0.02004 0.21 305.36 297.08
648.0 0.015203 0.01936 0.2 301.73 303.55
649.0 0.015199 0.019499 0.19 298.21 306.87
650.0 0.015203 0.018975 0.18 294.93 311.62
651.0 0.015199 0.018975 0.17 291.9 318.79
652.0 0.0152 0.018204 0.16 289.18 325.49
653.0 0.0152 0.017706 0.14 286.82 328.41
654.0 0.015202 0.016836 0.13 285.02 329.47
655.0 0.015199 0.016607 0.12 283.98 332.34
656.0 0.015203 0.016798 0.1 283.9 332.63
657.0 0.0152 0.016471 0.09 285.36 333.42
658.0 0.015202 0.01612 0.08 288.77 331.97
659.0 0.015202 0.016322 0.07 294.82 325.65
660.0 0.015203 0.015992 0.06 303.74 316.86
661.0 0.015204 0.016164 0.06 314.8 307.03
662.0 0.015201 0.017081 0.06 325.69 298.18
663.0 0.015204 0.017324 0.07 334.66 291.49
664.0 0.0152 0.017007 0.08 340.67 287.69
665.0 0.015202 0.016947 0.09 344.09 287.15
666.0 0.015201 0.016383 0.1 345.43 285.04
667.0 0.015203 0.016255 0.11 345.34 286.89
668.0 0.015201 0.017031 0.12 344.2 288.27
669.0 0.015201 0.016955 0.14 342.25 291.9
670.0 0.015201 0.017371 0.15 339.73 295.38
671.0 0.015202 0.016842 0.16 336.71 298.0
672.0 0.015201 0.017668 0.17 333.55 304.64
673.0 0.015204 0.017987 0.18 330.01 304.99
674.0 0.015204 0.019133 0.18 326.4 309.13
675.0 0.015208 0.020096 0.19 322.57 308.77
676.0 0.015204 0.019307 0.2 318.26 312.17
677.0 0.015207 0.020455 0.2 314.24 317.73
678.0 0.015203 0.019919 0.21 309.84 324.33
679.0 0.015205 0.01975 0.21 305.46 331.53
680.0 0.015201 0.019367 0.21 301.09 337.89
681.0 0.015205 0.019689 0.21 296.47 348.02
682.0 0.015206 0.021434 0.21 291.66 355.27
683.0 0.015206 0.02154 0.2 286.9 1.25
684.0 0.015208 0.021809 0.2 282.52 13.15
685.0 0.015209 0.021111 0.19 278.26 22.31
686.0 0.015207 0.019671 0.19 273.59 25.01
687.0 0.015209 0.02049 0.18 269.46 35.7
688.0 0.01521 0.01723 0.17 264.48 43.83
689.0 0.015211 0.016753 0.16 259.71 56.54
690.0 0.015208 0.016885 0.15 255.24 65.89
691.0 0.015208 0.013037 0.14 250.28 75.95
692.0 0.015213 0.014575 0.13 245.91 89.44
693.0 0.015207 0.01395 0.11 241.19 98.01
694.0 0.015209 0.012313 0.1 236.96 111.17
695.0 0.015211 0.01284 0.09 232.92 115.72
696.0 0.015207 0.013335 0.07 229.01 126.21
697.0 0.015205 0.013248 0.06 224.81 135.16
698.0 0.015206 0.013215 0.05 221.14 129.8
699.0 0.015211 0.013302 0.03 219.61 134.94
700.0 0.015207 0.013821 0.02 222.23 140.62
701.0 0.015209 0.013338 0.01 243.17 114.74
702.0 0.015209 0.013594 0.01 357.47 359.03
703.0 0.015204 0.014689 0.02 4.96 352.37
704.0 0.015212 0.013348 0.04 3.46 346.17
705.0 0.015212 0.014567 0.05 359.07 350.2
706.0 0.015205 0.016645 0.06 354.57 352.84
707.0 0.015208 0.015463 0.07 350.42 349.07
708.0 0.015207 0.016446 0.08 345.91 350.18
709.0 0.015207 0.016261 0.09 341.84 0.27
710.0 0.015208 0.017436 0.1 336.75 1.12
711.0 0.015209 0.016643 0.11 331.36 3.57
712.0 0.015208 0.018049 0.12 326.53 10.01
713.0 0.015205 0.01843 0.12 321.4 18.55
714.0 0.015207 0.018923 0.13 316.29 27.38
715.0 0.015208 0.019352 0.13 311.27 28.67
716.0 0.015209 0.018814 0.13 306.28 32.21
717.0 0.015209 0.020185 0.14 300.97 39.83
718.0 0.015207 0.020621 0.14 295.19 47.36
719.0 0.01521 0.019464 0.14 289.82 50.98
720.0 0.015209 0.01847 0.14 284.41 56.01
721.0 0.015205 0.019495 0.14 278.62 68.08
722.0 0.015207 0.021458 0.14 272.57 73.33
723.0 0.015208 0.022243 0.13 266.21 76.59
724.0 0.015207 0.020662 0.13 259.5 83.35
725.0 0.01521 0.021708 0.12 253.26 97.12
726.0 0.015209 0.023994 0.12 246.72 110.31
727.0 0.015211 0.022914 0.11 239.6 119.18
728.0 0.015209 0.022624 0.11 231.97 128.16
729.0 0.015206 0.022458 0.1 223.89 137.19
730.0 0.015209 0.022404 0.09 214.85 150.42
731.0 0.015209 0.023049 0.08 205.53 163.09
732.0 0.015204 0.023024 0.07 194.92 175.95
733.0 0.015207 0.022322 0.07 184.5 187.28
734.0 0.015207 0.023225 0.06 172.51 207.84
735.0 0.015212 0.024978 0.06 159.42 224.53
736.0 0.015211 0.025441 0.05 146.35 240.52
737.0 0.015207 0.024876 0.05 130.31 265.34
738.0 0.015212 0.025278 0.05 112.45 288.17
739.0 0.015209 0.022896 0.05 97.22 307.33
740.0 0.015208 0.020791 0.06 84.33 326.9
741.0 0.015212 0.020704 0.06 70.53 340.93
742.0 0.015209 0.019154 0.06 58.31 356.26
743.0 0.015208 0.017681 0.07 48.4 13.54
744.0 0.01521 0.015972 0.07 38.35 23.75
745.0 0.015209 0.013594 0.08 28.57 31.56
746.0 0.015209 0.012893 0.08 20.64 36.58
747.0 0.01521 0.012746 0.09 12.69 44.15
748.0 0.015209 0.0111 0.09 4.73 48.0
749.0 0.015208 0.010282 0.09 357.68 46.39
750.0 0.015209 0.011402 0.1 350.66 46.88
751.0 0.01521 0.012557 0.1 343.22 51.48
752.0 0.01521 0.011879 0.1 336.29 57.42
753.0 0.015209 0.013477 0.1 329.41 59.62
754.0 0.015209 0.015747 0.1 322.09 63.13
755.0 0.015206 0.01755 0.09 315.21 69.16
756.0 0.01521 0.017002 0.09 308.37 80.47
757.0 0.015209 0.017845 0.09 301.38 91.24
758.0 0.015209 0.018445 0.09 293.72 96.32
759.0 0.015209 0.01943 0.08 285.87 102.57
760.0 0.015207 0.019771 0.08 277.33 121.31
761.0 0.015211 0.019674 0.07 268.54 130.24
762.0 0.015206 0.02144 0.06 258.41 136.04
763.0 0.015208 0.021073 0.06 247.68 153.75
764.0 0.015212 0.021313 0.05 235.6 172.2
765.0 0.015205 0.023131 0.05 220.69 183.91
766.0 0.015211 0.02285 0.04 204.22 203.44
767.0 0.015212 0.022168 0.04 185.49 228.04
768.0 0.015204 0.023728 0.04 167.09 247.97
769.0 0.015207 0.022306 0.04 148.76 268.13
770.0 0.015208 0.02242 0.05 132.73 290.01
771.0 0.015207 0.023853 0.05 120.21 297.03
772.0 0.01521 0.02473 0.06 105.86 321.21
773.0 0.01521 0.02528 0.07 94.49 341.67
774.0 0.015213 0.027528 0.08 84.27 354.2
775.0 0.015205 0.029377 0.08 74.8 6.58
776.0 0.015203 0.029371 0.09 66.43 18.29
777.0 0.015207 0.029959 0.1 59.48 30.9
778.0 0.015205 0.030996 0.11 52.38 42.04
779.0 0.015203 0.030301 0.11 45.09 52.7
780.0 0.015206 0.030274 0.12 38.64 63.48
781.0 0.015204 0.030047 0.12 32.41 74.05
782.0 0.015207 0.028839 0.13 26.14 84.91
783.0 0.015204 0.027036 0.13 20.24 92.41
784.0 0.015206 0.027851 0.13 13.63 104.32
785.0 0.015207 0.027181 0.14 7.28 114.95
786.0 0.015201 0.024988 0.14 1.49 123.3
787.0 0.015205 0.023768 0.14 355.37 131.58
788.0 0.015205 0.023481 0.14 349.66 142.98
789.0 0.015205 0.023144 0.13 343.98 152.01
790.0 0.015206 0.020845 0.13 337.49 158.0
791.0 0.015202 0.019455 0.13 331.3 164.66
792.0 0.015204 0.0185 0.13 325.47 173.54
793.0 0.015207 0.017178 0.12 319.01 184.2
794.0 0.015205 0.016826 0.11 312.77 195.69
795.0 0.015205 0.015512 0.11 306.92 197.12
796.0 0.015205 0.013573 0.1 300.83 198.99
797.0 0.015202 0.012686 0.09 294.01 206.93
798.0 0.015204 0.011542 0.08 287.04 214.94
799.0 0.015205 0.010247 0.07 280.2 220.25
800.0 0.015205 0.009855 0.07 272.55 223.56
801.0 0.015204 0.010312 0.06 262.76 225.07
802.0 0.015203 0.010989 0.05 251.39 229.92
803.0 0.015205 0.011482 0.04 238.44 241.15
804.0 0.015205 0.011648 0.03 220.01 254.77
805.0 0.015203 0.012677 0.03 195.96 275.22
806.0 0.015208 0.012842 0.03 167.95 297.77
807.0 0.015205 0.014218 0.03 141.23 329.21
808.0 0.015203 0.015297 0.04 120.21 354.69
809.0 0.015206 0.016431 0.05 105.64 8.62
810.0 0.015203 0.018451 0.05 92.67 23.22
811.0 0.015207 0.019906 0.06 82.93 32.54
812.0 0.015206 0.020687 0.07 75.18 45.51
813.0 0.015203 0.020584 0.08 67.21 54.32
814.0 0.015205 0.022017 0.09 59.66 63.39
815.0 0.015206 0.02235 0.09 52.35 74.06
816.0 0.015203 0.022653 0.1 45.47 85.79
817.0 0.015207 0.023942 0.11 39.64 94.49
818.0 0.015205 0.024683 0.11 34.06 99.78
819.0 0.015203 0.023929 0.12 27.65 113.24
820.0 0.015204 0.024513 0.12 22.24 120.55
821.0 0.015204 0.027005 0.12 16.79 127.58
822.0 0.015205 0.025913 0.12 11.54 135.71
823.0 0.015204 0.026455 0.12 6.09 142.37
824.0 0.015203 0.027089 0.12 0.21 150.97
825.0 0.015204 0.026197 0.12 355.19 160.02
826.0 0.015203 0.02718 0.12 349.29 168.97
827.0 0.015207 0.027881 0.11 343.19 175.76
828.0 0.015204 0.026483 0.11 337.57 184.38
829.0 0.015203 0.02706 0.1 331.75 193.25
830.0 0.015208 0.02812 0.1 325.57 202.24
831.0 0.015204 0.026657 0.09 319.02 212.17
832.0 0.015204 0.027372 0.08 313.56 219.18
833.0 0.015206 0.026712 0.08 307.32 228.22
834.0 0.015201 0.025508 0.07 300.63 236.95
835.0 0.015206 0.02749 0.06 293.57 247.45
836.0 0.015204 0.026732 0.05 286.22 255.58
837.0 0.015203 0.026477 0.04 277.04 266.8
838.0 0.015206 0.026874 0.03 260.31 286.49
839.0 0.015204 0.025435 0.02 234.98 315.08
840.0 0.015202 0.025742 0.01 179.0 12.91
841.0 0.015209 0.027164 0.02 140.29 54.08
842.0 0.015205 0.025224 0.03 118.83 77.51
843.0 0.015202 0.024785 0.04 107.68 91.17
844.0 0.015207 0.025935 0.05 99.0 105.17
845.0 0.015205 0.024201 0.07 92.13 113.91
846.0 0.015204 0.023436 0.08 85.45 122.09
847.0 0.015208 0.023809 0.09 78.41 135.5
848.0 0.015203 0.022175 0.1 72.43 143.64
849.0 0.015205 0.020407 0.11 66.97 151.08
850.0 0.015206 0.019885 0.12 61.32 159.55
851.0 0.015205 0.019682 0.13 56.38 170.77
852.0 0.015206 0.017975 0.14 50.9 175.61
853.0 0.015203 0.016095 0.14 45.33 180.59
854.0 0.015204 0.015194 0.15 40.34 187.49
855.0 0.015207 0.013909 0.15 35.3 196.39
856.0 0.015205 0.013029 0.16 30.31 205.1
857.0 0.015205 0.011973 0.16 25.73 203.05
858.0 0.015205 0.010791 0.17 21.11 200.96
859.0 0.015202 0.010211 0.17 16.53 202.53
860.0 0.015204 0.009861 0.17 11.76 206.96
861.0 0.015203 0.009227 0.17 7.2 204.3
862.0 0.015205 0.00923 0.16 2.86 200.97
863.0 0.015206 0.00931 0.16 358.54 196.62
864.0 0.015205 0.009837 0.16 353.93 198.16
865.0 0.015204 0.011685 0.15 349.31 202.98
866.0 0.015205 0.01284 0.15 344.98 207.37
867.0 0.015201 0.014058 0.14 340.81 210.79
868.0 0.015203 0.015294 0.13 336.46 213.4
869.0 0.015204 0.017712 0.12 332.38 215.35
870.0 0.015206 0.017753 0.11 328.33 220.86
871.0 0.015204 0.018809 0.1 324.99 229.86
872.0 0.015201 0.019492 0.09 321.66 237.64
873.0 0.015205 0.021757 0.08 320.03 238.61
874.0 0.015207 0.023511 0.07 319.88 240.12
875.0 0.015203 0.023001 0.05 320.7 242.27
876.0 0.015203 0.023563 0.04 324.45 245.58
877.0 0.015203 0.024733 0.03 336.89 233.52
878.0 0.015206 0.027586 0.03 1.29 212.34
879.0 0.015204 0.02723 0.03 27.98 188.76
880.0 0.015201 0.027353 0.04 44.08 176.11
881.0 0.015206 0.028569 0.05 51.96 170.59
882.0 0.015207 0.029139 0.06 55.15 171.51
883.0 0.015201 0.029084 0.08 55.47 174.89
884.0 0.015207 0.030443 0.09 53.51 178.31
885.0 0.015207 0.030754 0.1 51.03 183.85
886.0 0.015201 0.029572 0.12 48.56 190.89
887.0 0.015203 0.031329 0.13 44.76 197.04
888.0 0.015206 0.032168 0.14 40.82 203.47
889.0 0.015204 0.031119 0.15 37.02 209.88
890.0 0.015209 0.032387 0.16 33.03 216.65
891.0 0.015202 0.031371 0.17 28.68 223.2
892.0 0.015206 0.031823 0.18 24.49 230.92
893.0 0.015208 0.033076 0.19 20.61 236.49
894.0 0.015203 0.032044 0.19 16.31 242.76
895.0 0.015205 0.03229 0.2 12.37 249.49
896.0 0.015205 0.032118 0.2 8.48 255.07
897.0 0.015204 0.032139 0.21 4.53 261.97
898.0 0.015206 0.033667 0.21 0.73 267.55
899.0 0.015203 0.032343 0.21 356.88 274.3
900.0 0.015205 0.032394 0.21 353.01 279.22
901.0 0.015206 0.032352 0.2 349.12 287.86
902.0 0.015202 0.031514 0.2 345.46 294.67
903.0 0.015209 0.032912 0.19 341.35 300.21
904.0 0.015206 0.031331 0.19 337.74 306.61
905.0 0.015202 0.029703 0.18 334.15 313.7
906.0 0.015204 0.030804 0.17 330.73 323.48
907.0 0.015206 0.030462 0.16 327.36 330.66
908.0 0.015206 0.028607 0.15 324.94 341.22
909.0 0.015206 0.028556 0.14 322.6 348.71
910.0 0.015203 0.025572 0.13 320.2 354.58
911.0 0.015206 0.025408 0.12 319.14 0.09
912.0 0.015209 0.024419 0.11 318.54 8.76
913.0 0.015203 0.021666 0.1 320.03 10.3
914.0 0.015206 0.019396 0.09 322.9 11.7
915.0 0.015203 0.017554 0.08 327.59 9.79
916.0 0.015206 0.015832 0.07 334.02 8.62
917.0 0.015208 0.013948 0.07 342.38 6.55
918.0 0.015204 0.012215 0.07 350.93 358.61
919.0 0.015206 0.008921 0.07 0.09 350.14
920.0 0.015207 0.006744 0.08 7.48 339.61
921.0 0.015205 0.00519 0.09 12.47 315.95
922.0 0.015206 0.004693 0.1 14.32 294.12
923.0 0.015208 0.005508 0.11 14.69 269.41
924.0 0.015204 0.007186 0.12 14.09 260.1
925.0 0.015206 0.008383 0.14 13.18 255.72
926.0 0.015205 0.01058 0.15 11.58 262.34
927.0 0.015201 0.011604 0.16 9.26 265.89
928.0 0.015205 0.013331 0.17 6.39 269.27
929.0 0.015207 0.015566 0.18 3.17 273.56
930.0 0.015203 0.017207 0.19 359.88 283.2
931.0 0.015204 0.017642 0.2 356.23 289.35
932.0 0.015204 0.019796 0.21 352.95 295.57
933.0 0.015206 0.020531 0.21 349.4 302.64
934.0 0.015203 0.020259 0.22 345.41 314.25
935.0 0.015203 0.022632 0.22 341.6 317.2
936.0 0.015208 0.023118 0.23 337.81 321.37
937.0 0.015204 0.022575 0.23 334.11 329.33
938.0 0.015204 0.024205 0.23 329.82 335.75
939.0 0.015206 0.023936 0.23 325.95 343.16
940.0 0.015202 0.024397 0.22 321.93 350.7
941.0 0.015207 0.025589 0.22 317.79 355.32
942.0 0.015203 0.024561 0.21 313.73 3.65
943.0 0.015202 0.025634 0.21 309.7 9.31
944.0 0.015206 0.025675 0.2 305.68 17.93
945.0 0.015204 0.025759 0.19 301.67 23.87
946.0 0.015206 0.027418 0.18 298.27 29.73
947.0 0.015202 0.024898 0.17 294.29 37.77
948.0 0.015205 0.027117 0.16 291.17 45.19
949.0 0.015202 0.026696 0.15 288.21 51.18
950.0 0.015205 0.026766 0.14 285.43 57.21
951.0 0.015205 0.027112 0.12 283.22 60.79
952.0 0.015202 0.025009 0.11 281.88 64.55
953.0 0.015207 0.026301 0.1 280.34 71.5
954.0 0.015201 0.024464 0.08 281.6 73.07
955.0 0.015208 0.024882 0.07 283.58 75.13
956.0 0.015206 0.024446 0.06 288.19 73.49
957.0 0.015199 0.022157 0.05 298.01 65.79
958.0 0.015207 0.023554 0.05 311.48 60.9
959.0 0.015204 0.021742 0.04 326.99 49.19
960.0 0.015203 0.020354 0.05 339.86 39.36
961.0 0.015208 0.020453 0.06 349.1 38.01
962.0 0.015202 0.018159 0.07 352.45 39.09
963.0 0.015204 0.016068 0.08 353.64 41.68
964.0 0.015205 0.015047 0.09 354.14 50.88
965.0 0.015204 0.0154 0.1 353.37 57.3
966.0 0.015205 0.011352 0.12 350.61 65.04
967.0 0.015203 0.007981 0.13 347.66 73.61
968.0 0.015203 0.006738 0.14 344.57 84.93
969.0 0.015205 0.003958 0.15 341.12 107.18
970.0 0.015203 0.001596 0.16 337.87 141.27
971.0 0.015202 0.000532 0.16 333.96 218.03
972.0 0.015203 0.002979 0.17 330.3 284.48
973.0 0.015205 0.005166 0.17 326.21 310.87
974.0 0.015204 0.008158 0.17 321.7 332.02
975.0 0.0152 0.009223 0.18 317.43 348.79
976.0 0.015205 0.011477 0.18 312.84 354.56
977.0 0.015203 0.015667 0.18 308.17 10.53
978.0 0.015206 0.016115 0.18 303.62 15.42
979.0 0.015204 0.01719 0.17 299.66 32.23
980.0 0.015199 0.017756 0.17 295.18 43.01
981.0 0.015204 0.020644 0.16 291.21 53.59
982.0 0.015208 0.022036 0.16 286.93 59.88
983.0 0.015202 0.020932 0.15 282.02 74.13
984.0 0.015204 0.021828 0.14 277.69 84.59
985.0 0.015203 0.023208 0.13 272.91 96.44
986.0 0.015205 0.023358 0.12 268.95 105.88
987.0 0.015204 0.022128 0.11 265.16 117.27
988.0 0.015204 0.023724 0.1 260.6 126.6
989.0 0.015207 0.023433 0.09 256.13 135.33
990.0 0.015203 0.021946 0.07 253.1 146.78
991.0 0.015203 0.022515 0.06 250.03 155.38
992.0 0.015207 0.02458 0.05 248.94 162.69
993.0 0.015203 0.021415 0.03 246.91 168.15
994.0 0.015205 0.019526 0.02 251.18 170.25
995.0 0.015208 0.02072 0.01 287.49 142.02
996.0 0.015202 0.021704 0.01 351.1 84.42
997.0 0.015206 0.020083 0.03 7.16 70.21
998.0 0.015206 0.021446 0.04 12.41 70.31
999.0 0.015201 0.019251 0.05 10.43 76.56
1000.0 0.015201 0.018587 0.07 7.92 83.13
