0.0 0.02817 0.02124 0.03 120.39 170.42
1.0 0.028206 0.017268 0.04 114.21 148.08
2.0 0.028198 0.009767 0.04 109.36 196.54
3.0 0.02816 0.01185 0.05 103.98 217.85
4.0 0.028142 0.018979 0.05 99.86 222.53
5.0 0.028149 0.005165 0.06 95.38 306.66
6.0 0.028176 0.006846 0.06 91.48 295.16
7.0 0.028155 0.004296 0.07 88.42 132.11
8.0 0.028153 0.007485 0.07 85.35 327.23
9.0 0.028164 0.002727 0.08 81.96 165.54
10.0 0.028151 0.001732 0.08 79.16 340.38
11.0 0.028155 0.014405 0.09 76.13 247.58
12.0 0.02816 0.006363 0.09 73.66 258.06
13.0 0.028165 0.010195 0.1 70.94 254.99
14.0 0.028155 0.013129 0.1 68.47 287.48
15.0 0.028151 0.01829 0.11 66.0 269.44
16.0 0.028127 0.013999 0.11 63.47 341.26
17.0 0.028137 0.011963 0.12 61.09 327.52
18.0 0.028147 0.008605 0.12 58.8 14.81
19.0 0.028145 0.007237 0.13 56.39 351.94
20.0 0.028166 0.015729 0.13 54.38 40.47
21.0 0.028174 0.01147 0.14 52.05 86.34
22.0 0.028179 0.004478 0.14 49.74 65.46
23.0 0.028162 0.008643 0.15 47.72 65.64
24.0 0.028155 0.012328 0.15 45.45 58.42
25.0 0.028157 0.002325 0.16 43.23 120.87
26.0 0.028132 0.010699 0.16 41.31 15.25
27.0 0.028156 0.007556 0.16 39.22 78.87
28.0 0.028167 0.006962 0.17 37.28 335.3
29.0 0.028148 0.009079 0.17 35.07 348.87
30.0 0.02816 0.009237 0.17 33.22 41.09
31.0 0.028188 0.005444 0.18 31.31 71.74
32.0 0.028181 0.012106 0.18 29.34 1.52
33.0 0.028185 0.013851 0.18 27.38 21.78
34.0 0.028186 0.006102 0.19 25.49 17.74
35.0 0.028197 0.012657 0.19 23.6 12.49
36.0 0.028187 0.006591 0.19 21.7 40.56
37.0 0.028257 0.002848 0.2 19.5 227.79
38.0 0.028256 0.015915 0.2 17.67 209.31
39.0 0.028235 0.016588 0.2 15.56 295.94
40.0 0.028211 0.02319 0.2 13.59 328.28
41.0 0.028219 0.014292 0.2 11.95 302.62
42.0 0.028166 0.018236 0.21 10.08 356.41
43.0 0.028196 0.019388 0.21 8.33 33.55
44.0 0.028201 0.016849 0.21 6.59 36.43
45.0 0.028187 0.026264 0.21 4.86 31.71
46.0 0.028191 0.025325 0.21 3.1 59.22
47.0 0.02818 0.018593 0.21 1.37 63.88
48.0 0.028143 0.019554 0.21 359.51 69.83
49.0 0.028151 0.018582 0.21 357.83 73.66
50.0 0.02816 0.020215 0.21 355.99 98.83
51.0 0.028148 0.024086 0.21 354.35 120.26
52.0 0.028181 0.02183 0.21 352.64 119.05
53.0 0.028188 0.022858 0.21 350.94 118.62
54.0 0.028181 0.0226 0.21 349.27 126.04
55.0 0.028189 0.016856 0.21 347.72 133.28
56.0 0.028189 0.016394 0.21 346.19 122.79
57.0 0.028171 0.018625 0.21 344.6 130.55
58.0 0.02817 0.016045 0.21 343.07 169.22
59.0 0.028186 0.008747 0.21 341.55 177.15
60.0 0.028198 0.0084 0.21 340.03 180.26
61.0 0.0282 0.008178 0.21 338.54 181.17
62.0 0.028204 0.015912 0.21 337.11 276.81
63.0 0.028196 0.006184 0.21 335.68 230.97
64.0 0.028216 0.006226 0.21 334.21 344.43
65.0 0.028178 0.016592 0.21 332.81 317.15
66.0 0.028224 0.011467 0.2 331.41 22.66
67.0 0.028201 0.020699 0.2 330.09 81.66
68.0 0.028177 0.020517 0.2 328.76 69.23
69.0 0.028228 0.016607 0.2 327.41 98.94
70.0 0.028191 0.029238 0.2 325.96 129.03
71.0 0.0282 0.025507 0.2 324.65 136.66
72.0 0.028189 0.031967 0.2 323.36 159.96
73.0 0.02817 0.025432 0.19 322.13 164.88
74.0 0.028136 0.021781 0.19 320.87 173.57
75.0 0.028155 0.027622 0.19 319.67 166.24
76.0 0.028173 0.033825 0.19 318.47 171.47
77.0 0.028175 0.035111 0.19 317.25 190.24
78.0 0.02817 0.027425 0.19 316.12 205.39
79.0 0.028177 0.02077 0.18 314.93 193.72
80.0 0.028176 0.022987 0.18 313.77 183.68
81.0 0.028189 0.026127 0.18 312.63 190.77
82.0 0.028186 0.037277 0.18 311.46 218.35
83.0 0.02819 0.032443 0.18 310.29 223.81
84.0 0.028175 0.030442 0.17 309.12 223.06
85.0 0.028205 0.032432 0.17 307.91 230.7
86.0 0.028183 0.037004 0.17 306.71 242.98
87.0 0.028233 0.023388 0.17 305.53 267.5
88.0 0.028165 0.033707 0.17 304.35 269.24
89.0 0.028165 0.036672 0.17 303.1 283.8
90.0 0.028183 0.031665 0.16 301.88 300.16
91.0 0.028204 0.026068 0.16 300.68 290.63
92.0 0.028172 0.028576 0.16 299.45 300.99
93.0 0.028168 0.033715 0.16 298.21 303.87
94.0 0.028186 0.031813 0.16 296.92 328.35
95.0 0.028206 0.024213 0.16 295.65 313.46
96.0 0.028187 0.027029 0.15 294.33 317.06
97.0 0.028167 0.027277 0.15 293.01 326.22
98.0 0.028147 0.029125 0.15 291.66 333.77
99.0 0.028147 0.026525 0.15 290.22 349.76
100.0 0.028131 0.020879 0.15 288.85 347.61
101.0 0.028166 0.026612 0.14 287.32 350.38
102.0 0.028164 0.029343 0.14 285.81 7.08
103.0 0.028149 0.032076 0.14 284.25 19.43
104.0 0.028168 0.029221 0.14 282.72 35.64
105.0 0.028184 0.024334 0.13 281.04 27.45
106.0 0.028195 0.028093 0.13 279.41 27.59
107.0 0.028188 0.023704 0.13 277.75 42.72
108.0 0.028182 0.024379 0.13 275.9 62.71
109.0 0.028179 0.028261 0.12 274.12 54.76
110.0 0.028178 0.027553 0.12 272.27 77.03
111.0 0.028249 0.013266 0.12 270.52 92.08
112.0 0.028264 0.000926 0.12 268.75 90.93
113.0 0.028288 0.006161 0.11 266.78 308.68
114.0 0.028266 0.008679 0.11 264.8 136.26
115.0 0.028233 0.019942 0.11 262.6 258.88
116.0 0.028218 0.021187 0.1 260.34 263.58
117.0 0.028186 0.021788 0.1 258.01 255.19
118.0 0.028188 0.030452 0.1 255.58 288.91
119.0 0.028222 0.022254 0.09 253.06 306.74
120.0 0.028183 0.025458 0.09 250.49 300.38
121.0 0.028199 0.034803 0.09 247.75 318.81
122.0 0.028225 0.027864 0.08 244.86 348.9
123.0 0.028192 0.026899 0.08 241.75 329.67
124.0 0.028211 0.032319 0.08 238.76 358.72
125.0 0.028189 0.0253 0.07 235.01 18.17
126.0 0.02821 0.023154 0.07 231.17 24.71
127.0 0.028184 0.025253 0.06 227.27 23.16
128.0 0.0282 0.027834 0.06 222.33 55.45
129.0 0.028187 0.024012 0.06 217.42 63.92
130.0 0.028175 0.020955 0.05 211.6 66.86
131.0 0.028213 0.025164 0.05 205.64 90.03
132.0 0.028198 0.022408 0.05 199.19 108.51
133.0 0.028228 0.010757 0.05 192.14 99.74
134.0 0.028217 0.019841 0.04 185.09 172.82
135.0 0.028222 0.011307 0.04 177.48 172.39
136.0 0.028211 0.013107 0.04 168.35 211.82
137.0 0.028195 0.006171 0.04 158.62 234.08
138.0 0.028232 0.015484 0.04 150.38 255.82
139.0 0.028253 0.013564 0.04 141.4 183.95
140.0 0.028223 0.020968 0.04 131.16 192.83
141.0 0.028225 0.02518 0.04 123.33 171.57
142.0 0.028251 0.01381 0.04 114.28 209.37
143.0 0.028229 0.009776 0.05 106.12 12.5
144.0 0.028195 0.009754 0.05 100.31 344.32
145.0 0.028248 0.006708 0.05 93.35 324.74
146.0 0.028205 0.016882 0.06 87.44 138.13
147.0 0.028211 0.011272 0.06 83.22 149.79
148.0 0.028179 0.012813 0.06 78.9 148.33
149.0 0.028177 0.015242 0.07 74.91 145.33
150.0 0.028173 0.022716 0.07 71.13 161.51
151.0 0.028143 0.021749 0.08 67.27 193.39
152.0 0.028179 0.016465 0.08 64.26 184.23
153.0 0.028196 0.023091 0.08 61.04 187.09
154.0 0.028205 0.028032 0.09 57.8 193.12
155.0 0.028204 0.030521 0.09 55.01 234.86
156.0 0.028196 0.025661 0.1 52.11 224.22
157.0 0.028203 0.039905 0.1 49.45 245.96
158.0 0.028202 0.036255 0.1 46.55 255.91
159.0 0.028168 0.029797 0.11 43.8 273.33
160.0 0.028167 0.02669 0.11 41.51 262.22
161.0 0.028183 0.034451 0.11 39.09 267.74
162.0 0.028198 0.037567 0.12 36.57 280.24
163.0 0.02818 0.035085 0.12 33.9 296.05
164.0 0.028187 0.029488 0.12 31.46 313.86
165.0 0.028137 0.018042 0.13 29.19 303.57
166.0 0.028184 0.01133 0.13 27.06 327.39
167.0 0.028128 0.0217 0.13 24.83 303.1
168.0 0.028151 0.03434 0.14 22.73 293.02
169.0 0.028163 0.026645 0.14 20.34 315.44
170.0 0.028198 0.022912 0.14 18.32 314.19
171.0 0.02819 0.028272 0.14 16.18 313.47
172.0 0.028173 0.032835 0.15 14.03 325.08
173.0 0.028182 0.036848 0.15 11.93 340.78
174.0 0.028172 0.031512 0.15 9.86 6.14
175.0 0.028177 0.026483 0.15 7.87 349.44
176.0 0.028201 0.034024 0.15 5.89 9.73
177.0 0.02819 0.038071 0.16 3.84 29.53
178.0 0.028183 0.03242 0.16 1.92 45.25
179.0 0.028169 0.0247 0.16 359.88 55.21
180.0 0.028198 0.022248 0.16 357.86 47.49
181.0 0.028139 0.031615 0.16 355.99 61.23
182.0 0.028126 0.0179 0.16 354.18 51.38
183.0 0.028169 0.008557 0.16 352.38 26.03
184.0 0.028125 0.013911 0.16 350.55 71.75
185.0 0.028151 0.02603 0.16 348.71 92.98
186.0 0.028199 0.025195 0.16 347.21 67.68
187.0 0.028186 0.037146 0.16 345.11 95.97
188.0 0.028181 0.027558 0.16 343.18 121.04
189.0 0.028154 0.024968 0.16 341.36 114.33
190.0 0.02816 0.021765 0.16 339.63 160.14
191.0 0.028179 0.020858 0.16 337.97 137.33
192.0 0.028205 0.028922 0.16 336.22 149.83
193.0 0.028211 0.01773 0.16 334.44 188.91
194.0 0.028182 0.019694 0.16 332.76 199.4
195.0 0.028248 0.007717 0.16 330.71 161.43
196.0 0.028221 0.003353 0.16 328.45 58.92
197.0 0.028178 0.013157 0.16 326.86 6.5
198.0 0.028217 0.015505 0.16 324.97 94.31
199.0 0.028175 0.016363 0.16 323.31 98.72
200.0 0.028159 0.012715 0.16 321.88 74.29
201.0 0.028161 0.018672 0.16 320.11 136.25
202.0 0.028162 0.023093 0.16 318.04 158.77
203.0 0.028158 0.007399 0.16 316.11 191.13
204.0 0.028175 0.01449 0.15 314.51 226.87
205.0 0.028228 0.011341 0.15 312.21 311.04
206.0 0.028211 0.02659 0.15 309.72 358.51
207.0 0.028112 0.018037 0.15 308.17 329.77
208.0 0.028179 0.027873 0.15 306.54 329.41
209.0 0.028098 0.023751 0.15 304.75 321.45
210.0 0.028193 0.031676 0.15 302.96 312.55
211.0 0.028204 0.036076 0.14 301.35 343.75
212.0 0.028164 0.026114 0.14 299.68 6.63
213.0 0.028226 0.022391 0.14 298.3 11.56
214.0 0.028184 0.030852 0.14 296.63 17.81
215.0 0.028154 0.031247 0.13 295.02 39.02
216.0 0.028191 0.028787 0.13 293.32 68.22
217.0 0.028199 0.025712 0.13 291.79 70.7
218.0 0.028211 0.02661 0.13 289.82 77.08
219.0 0.028201 0.025809 0.13 288.3 88.78
220.0 0.028189 0.021868 0.12 286.81 98.36
221.0 0.028174 0.025556 0.12 285.17 98.64
222.0 0.028218 0.028311 0.12 283.59 115.96
223.0 0.028198 0.0237 0.12 281.86 133.15
224.0 0.028188 0.024575 0.11 280.26 125.34
225.0 0.028178 0.030421 0.11 278.68 139.91
226.0 0.028204 0.031268 0.11 276.87 158.64
227.0 0.02822 0.030644 0.11 274.92 168.52
228.0 0.028229 0.029438 0.1 273.31 168.28
229.0 0.028258 0.01132 0.1 271.37 214.34
230.0 0.028243 0.00329 0.1 269.12 141.65
231.0 0.02822 0.011362 0.1 267.49 310.77
232.0 0.02826 0.007183 0.1 265.48 242.32
233.0 0.028224 0.027094 0.09 264.13 262.44
234.0 0.028212 0.02993 0.09 262.47 264.81
235.0 0.028236 0.025272 0.09 261.16 237.29
236.0 0.028234 0.01854 0.09 259.28 233.83
237.0 0.028209 0.020812 0.09 257.64 188.84
238.0 0.02824 0.009878 0.08 255.32 218.52
239.0 0.028241 0.008494 0.08 252.91 34.84
240.0 0.02822 0.015135 0.08 250.5 20.77
241.0 0.028244 0.025381 0.08 248.57 353.46
242.0 0.028248 0.022877 0.08 246.49 331.2
243.0 0.028215 0.035844 0.08 244.23 314.59
244.0 0.028247 0.025098 0.07 241.02 315.44
245.0 0.028257 0.020478 0.07 237.77 280.12
246.0 0.028227 0.015656 0.07 234.31 268.7
247.0 0.028246 0.010109 0.07 231.49 212.32
248.0 0.028249 0.004284 0.07 228.6 156.2
249.0 0.028217 0.020812 0.07 225.43 115.69
250.0 0.028234 0.016605 0.07 221.29 102.08
251.0 0.028244 0.023637 0.06 217.06 58.08
252.0 0.028226 0.023599 0.06 212.59 47.1
253.0 0.028229 0.022297 0.06 208.89 13.29
254.0 0.02825 0.014484 0.06 204.54 8.8
255.0 0.028224 0.020015 0.06 200.18 316.22
256.0 0.02823 0.014958 0.06 194.97 313.53
257.0 0.028237 0.015183 0.06 189.74 245.54
258.0 0.028229 0.016371 0.06 184.26 237.72
259.0 0.028226 0.015777 0.06 179.51 191.72
260.0 0.028249 0.008584 0.06 174.09 187.57
261.0 0.028235 0.017273 0.06 169.0 108.96
262.0 0.028238 0.014296 0.06 163.59 98.25
263.0 0.028244 0.018577 0.06 158.43 42.08
264.0 0.028233 0.022096 0.07 152.9 46.58
265.0 0.028223 0.026126 0.07 148.02 21.27
266.0 0.028243 0.018154 0.07 143.02 22.67
267.0 0.028228 0.021768 0.07 138.47 332.76
268.0 0.028223 0.015294 0.07 133.7 330.6
269.0 0.028254 0.002698 0.08 129.57 144.26
270.0 0.028227 0.008313 0.08 125.08 159.59
271.0 0.028216 0.022848 0.08 120.91 146.25
272.0 0.02825 0.011118 0.09 116.25 120.2
273.0 0.02823 0.03208 0.09 111.99 115.57
274.0 0.028201 0.030737 0.09 107.81 114.26
275.0 0.028247 0.021138 0.1 103.91 110.11
276.0 0.028259 0.009254 0.1 100.34 120.96
277.0 0.028217 0.009105 0.11 96.81 15.22
278.0 0.028253 0.012624 0.11 93.38 138.63
279.0 0.028235 0.020915 0.11 89.96 136.09
280.0 0.028227 0.023182 0.12 86.44 118.56
281.0 0.028221 0.027505 0.12 82.95 174.23
282.0 0.028214 0.026237 0.13 79.65 165.51
283.0 0.028208 0.033192 0.13 76.46 180.88
284.0 0.028189 0.036175 0.14 73.14 202.95
285.0 0.028175 0.029339 0.14 70.33 211.83
286.0 0.028194 0.035509 0.14 67.31 208.29
287.0 0.028179 0.039212 0.15 64.37 227.95
288.0 0.028191 0.031185 0.15 61.59 238.69
289.0 0.028209 0.034286 0.15 58.91 235.1
290.0 0.028221 0.039427 0.16 56.09 243.23
291.0 0.028216 0.034644 0.16 53.26 273.73
292.0 0.028221 0.037367 0.16 50.69 264.51
293.0 0.028202 0.044956 0.17 47.98 292.19
294.0 0.028235 0.031452 0.17 45.37 296.04
295.0 0.028222 0.025382 0.17 42.93 313.91
296.0 0.028195 0.034329 0.18 40.38 326.86
297.0 0.028183 0.023387 0.18 37.87 351.96
298.0 0.028196 0.018181 0.18 35.51 342.96
299.0 0.028209 0.022765 0.18 33.08 355.97
300.0 0.028202 0.022859 0.19 30.58 5.46
301.0 0.028186 0.019603 0.19 28.14 6.44
302.0 0.028184 0.024368 0.19 25.9 7.11
303.0 0.02819 0.022607 0.19 23.45 32.39
304.0 0.028192 0.016052 0.19 21.08 46.98
305.0 0.028164 0.014977 0.19 18.63 50.45
306.0 0.028172 0.019663 0.19 16.47 70.35
307.0 0.028192 0.01512 0.19 14.18 101.82
308.0 0.028178 0.009835 0.19 11.93 94.93
309.0 0.02818 0.016233 0.19 9.75 101.69
310.0 0.028171 0.016437 0.19 7.55 141.72
311.0 0.028175 0.01003 0.19 5.56 147.2
312.0 0.028177 0.013908 0.19 3.44 142.58
313.0 0.028173 0.017897 0.19 1.43 172.0
314.0 0.02818 0.014967 0.19 359.47 188.27
315.0 0.0282 0.015694 0.19 357.45 194.05
316.0 0.028196 0.018935 0.19 355.51 213.17
317.0 0.028179 0.018724 0.19 353.53 233.87
318.0 0.028187 0.015045 0.19 351.64 236.43
319.0 0.028206 0.017906 0.19 349.72 239.22
320.0 0.02818 0.018743 0.19 347.71 254.12
321.0 0.028196 0.0156 0.19 345.76 270.87
322.0 0.028201 0.01594 0.18 343.88 273.19
323.0 0.028188 0.016933 0.18 341.95 278.94
324.0 0.028184 0.015005 0.18 340.01 285.29
325.0 0.028204 0.01638 0.18 338.2 283.66
326.0 0.028181 0.021473 0.18 336.31 304.13
327.0 0.028184 0.02162 0.17 334.55 316.87
328.0 0.028196 0.022375 0.17 332.89 319.5
329.0 0.028183 0.02778 0.17 331.2 331.69
330.0 0.028194 0.028768 0.16 329.63 352.31
331.0 0.028205 0.025342 0.16 328.17 351.71
332.0 0.028212 0.027033 0.16 326.8 354.05
333.0 0.028202 0.029305 0.16 325.33 357.41
334.0 0.028226 0.023487 0.15 324.04 21.0
335.0 0.028212 0.032702 0.15 322.89 6.34
336.0 0.02821 0.02472 0.15 321.56 39.3
337.0 0.028208 0.025467 0.14 320.38 25.65
338.0 0.028188 0.027972 0.14 319.31 33.51
339.0 0.028204 0.027993 0.14 318.26 55.53
340.0 0.028213 0.018555 0.13 317.28 54.86
341.0 0.028197 0.029221 0.13 316.34 54.11
342.0 0.028196 0.018707 0.13 315.68 82.25
343.0 0.028204 0.018469 0.12 314.81 68.93
344.0 0.028217 0.024473 0.12 314.13 69.66
345.0 0.028194 0.025641 0.12 313.59 103.04
346.0 0.02819 0.015161 0.12 313.15 118.8
347.0 0.028197 0.016705 0.11 312.61 93.99
348.0 0.028226 0.020745 0.11 312.13 104.55
349.0 0.028203 0.015041 0.11 311.89 132.96
350.0 0.028228 0.014733 0.11 311.43 97.7
351.0 0.028192 0.01615 0.1 311.23 136.47
352.0 0.028198 0.00996 0.1 310.95 152.53
353.0 0.028216 0.006575 0.1 310.61 80.45
354.0 0.028201 0.010863 0.1 310.49 140.34
355.0 0.028188 0.004651 0.1 310.28 209.63
356.0 0.028219 0.002476 0.09 310.14 333.63
357.0 0.028223 0.003085 0.09 310.04 154.82
358.0 0.028186 0.011949 0.09 309.82 319.47
359.0 0.028199 0.010855 0.09 309.68 18.61
360.0 0.028209 0.004873 0.09 309.51 355.4
361.0 0.028207 0.012433 0.09 309.08 318.62
362.0 0.028223 0.014165 0.09 309.1 30.19
363.0 0.0282 0.016988 0.09 308.55 336.77
364.0 0.028224 0.016044 0.08 307.85 22.55
365.0 0.028225 0.021548 0.08 307.43 29.15
366.0 0.02822 0.017676 0.08 307.01 4.21
367.0 0.028227 0.027493 0.08 306.37 48.87
368.0 0.02822 0.023636 0.08 305.62 38.51
369.0 0.028198 0.027726 0.08 304.97 49.25
370.0 0.028184 0.029857 0.08 304.23 65.89
371.0 0.028206 0.021633 0.08 303.21 70.9
372.0 0.028214 0.033898 0.08 302.4 58.55
373.0 0.028217 0.031329 0.07 301.56 79.09
374.0 0.028193 0.028008 0.07 300.5 79.77
375.0 0.028184 0.028745 0.07 299.24 71.86
376.0 0.028188 0.036995 0.07 298.22 88.05
377.0 0.028205 0.032848 0.07 296.78 101.78
378.0 0.028217 0.02688 0.07 295.11 101.58
379.0 0.028208 0.03301 0.06 293.58 96.18
380.0 0.028201 0.023426 0.06 292.24 127.83
381.0 0.028213 0.026434 0.06 289.76 106.56
382.0 0.028211 0.0256 0.06 288.15 145.29
383.0 0.028212 0.019884 0.06 285.93 149.29
384.0 0.028192 0.020839 0.05 283.62 148.3
385.0 0.028187 0.025991 0.05 281.2 164.94
386.0 0.028214 0.01153 0.05 278.81 176.72
387.0 0.028218 0.016685 0.04 276.46 166.78
388.0 0.028189 0.021477 0.04 273.33 196.66
389.0 0.028186 0.013441 0.04 270.56 230.05
390.0 0.028219 0.010922 0.03 267.83 187.82
391.0 0.0282 0.014557 0.03 263.86 210.38
392.0 0.028197 0.012632 0.03 259.19 252.63
393.0 0.028208 0.005725 0.02 254.94 196.28
394.0 0.028189 0.010078 0.02 247.89 247.98
395.0 0.028197 0.001896 0.02 238.6 307.16
396.0 0.02821 0.006551 0.01 226.0 160.33
397.0 0.028212 0.006862 0.01 209.52 249.89
398.0 0.0282 0.006161 0.01 183.74 134.06
399.0 0.028203 0.010768 0.01 160.23 204.92
400.0 0.028202 0.010591 0.01 141.3 268.39
401.0 0.028198 0.00756 0.02 126.36 215.6
402.0 0.028212 0.014628 0.02 116.87 256.96
403.0 0.028188 0.012541 0.03 109.12 270.75
404.0 0.028193 0.008771 0.03 103.26 263.58
405.0 0.028221 0.023203 0.04 98.34 277.95
406.0 0.028214 0.014993 0.04 94.1 298.83
407.0 0.028177 0.015444 0.05 90.48 275.66
408.0 0.028187 0.02276 0.05 86.58 284.94
409.0 0.028236 0.022198 0.06 82.93 329.86
410.0 0.028204 0.019067 0.06 80.14 318.87
411.0 0.028182 0.0234 0.07 77.31 315.67
412.0 0.028199 0.025942 0.07 74.29 346.15
413.0 0.028205 0.018371 0.08 71.78 344.94
414.0 0.028196 0.025557 0.09 68.98 353.77
415.0 0.028184 0.027799 0.09 66.42 10.34
416.0 0.028209 0.018099 0.1 64.04 21.1
417.0 0.028213 0.027078 0.1 61.51 12.15
418.0 0.028199 0.02889 0.11 59.09 35.65
419.0 0.028197 0.024481 0.11 56.71 54.07
420.0 0.028206 0.021438 0.12 54.14 32.78
421.0 0.028203 0.029709 0.12 51.99 54.3
422.0 0.028191 0.022962 0.13 49.47 62.29
423.0 0.028198 0.020628 0.13 47.06 58.85
424.0 0.028212 0.029375 0.14 44.76 69.63
425.0 0.028208 0.020107 0.14 42.29 96.95
426.0 0.028193 0.021304 0.15 39.97 79.84
427.0 0.028183 0.027271 0.15 37.72 85.51
428.0 0.028213 0.022054 0.15 35.4 117.74
429.0 0.028223 0.013513 0.16 33.21 96.17
430.0 0.028193 0.017427 0.16 30.98 114.5
431.0 0.028172 0.017506 0.17 28.69 131.91
432.0 0.028201 0.007714 0.17 26.48 130.01
433.0 0.028214 0.013214 0.17 24.24 127.13
434.0 0.028187 0.008447 0.18 22.05 175.17
435.0 0.028192 0.004531 0.18 19.87 196.82
436.0 0.028225 0.004803 0.18 17.5 107.81
437.0 0.028198 0.009319 0.19 15.42 211.99
438.0 0.028221 0.002685 0.19 13.02 355.79
439.0 0.028206 0.004103 0.19 10.84 48.06
440.0 0.028186 0.001742 0.2 8.66 95.69
441.0 0.028182 0.005154 0.2 6.44 351.9
442.0 0.028191 0.007209 0.2 4.24 43.83
443.0 0.02818 0.000955 0.2 2.08 128.2
444.0 0.028181 0.006147 0.21 359.89 350.46
445.0 0.028185 0.006621 0.21 357.78 49.12
446.0 0.028218 0.009569 0.21 355.52 109.1
447.0 0.02821 0.003389 0.21 353.39 68.42
448.0 0.028192 0.016524 0.21 351.22 100.75
449.0 0.028196 0.010569 0.21 349.06 126.81
450.0 0.028212 0.004706 0.21 346.95 143.04
451.0 0.028191 0.017536 0.21 344.88 119.0
452.0 0.028194 0.017779 0.21 342.64 154.89
453.0 0.028202 0.015577 0.21 340.49 148.06
454.0 0.028189 0.013751 0.21 338.32 149.97
455.0 0.028184 0.010243 0.21 336.19 173.47
456.0 0.0282 0.014301 0.21 334.04 127.91
457.0 0.028222 0.020724 0.21 331.94 168.94
458.0 0.028188 0.015536 0.21 329.84 166.66
459.0 0.028193 0.011694 0.21 327.77 149.32
460.0 0.028182 0.019252 0.21 325.69 155.41
461.0 0.028187 0.017726 0.2 323.54 188.85
462.0 0.028196 0.011503 0.2 321.48 169.5
463.0 0.028194 0.019641 0.2 319.49 176.38
464.0 0.02821 0.023859 0.2 317.44 198.23
465.0 0.028211 0.017461 0.19 315.49 213.22
466.0 0.028197 0.025495 0.19 313.47 192.84
467.0 0.028201 0.023528 0.19 311.46 215.62
468.0 0.0282 0.017966 0.19 309.56 217.65
469.0 0.028208 0.021907 0.18 307.56 217.79
470.0 0.028207 0.031017 0.18 305.67 244.7
471.0 0.028218 0.019316 0.18 303.7 244.34
472.0 0.028195 0.029242 0.17 301.84 239.66
473.0 0.028174 0.029238 0.17 299.94 265.41
474.0 0.028194 0.025063 0.17 298.0 268.2
475.0 0.02818 0.023349 0.16 296.09 282.09
476.0 0.028172 0.023178 0.16 294.33 302.85
477.0 0.028193 0.016996 0.15 292.57 305.76
478.0 0.02819 0.019782 0.15 290.73 307.8
479.0 0.028163 0.0197 0.14 289.04 323.43
480.0 0.028195 0.017169 0.14 287.39 346.91
481.0 0.028176 0.014308 0.13 285.77 352.77
482.0 0.028186 0.019647 0.13 284.22 356.23
483.0 0.028194 0.018534 0.13 282.63 26.13
484.0 0.028181 0.011656 0.12 281.12 22.3
485.0 0.028192 0.018999 0.12 279.73 24.31
486.0 0.028204 0.017672 0.11 278.37 51.74
487.0 0.028183 0.01336 0.11 276.98 71.71
488.0 0.028186 0.019124 0.1 275.79 66.05
489.0 0.02817 0.020481 0.1 274.72 91.79
490.0 0.028203 0.023019 0.09 273.6 110.32
491.0 0.028193 0.023538 0.09 272.59 103.63
492.0 0.028148 0.028811 0.09 271.76 110.6
493.0 0.028142 0.029882 0.08 271.0 121.01
494.0 0.028129 0.034287 0.08 270.58 155.69
495.0 0.028152 0.032563 0.07 270.06 156.63
496.0 0.028148 0.032041 0.07 269.9 157.1
497.0 0.028136 0.034873 0.07 269.83 160.72
498.0 0.028135 0.038512 0.06 270.16 190.53
499.0 0.028107 0.036901 0.06 270.5 196.95
500.0 0.028165 0.037838 0.06 270.92 218.52
501.0 0.028089 0.027211 0.05 272.2 215.24
502.0 0.028108 0.028574 0.05 273.22 198.68
503.0 0.028153 0.04231 0.05 274.87 204.05
504.0 0.028097 0.028538 0.05 276.53 198.62
505.0 0.028107 0.030467 0.04 278.14 189.2
506.0 0.028146 0.041196 0.04 279.95 175.77
507.0 0.028091 0.029417 0.04 281.32 191.15
508.0 0.028122 0.028964 0.04 283.05 180.85
509.0 0.028138 0.037609 0.04 284.54 168.17
510.0 0.028092 0.025243 0.04 285.66 184.06
511.0 0.028129 0.023038 0.04 286.76 164.76
512.0 0.028116 0.019749 0.04 287.51 187.27
513.0 0.028081 0.019959 0.04 288.34 225.36
514.0 0.028132 0.017402 0.04 288.95 180.87
515.0 0.028134 0.012938 0.04 289.07 187.86
516.0 0.028106 0.023423 0.04 288.85 224.03
517.0 0.028091 0.019997 0.04 288.72 220.61
518.0 0.028146 0.036182 0.04 287.32 216.33
519.0 0.028148 0.035827 0.04 286.84 227.59
520.0 0.028209 0.030591 0.04 285.66 228.44
521.0 0.028239 0.030343 0.03 285.34 257.01
522.0 0.028204 0.027402 0.03 283.73 303.89
523.0 0.028193 0.025748 0.03 282.33 305.01
524.0 0.028186 0.020591 0.03 280.9 317.09
525.0 0.028225 0.031472 0.03 278.77 304.27
526.0 0.028196 0.014463 0.03 276.95 304.02
527.0 0.028182 0.017114 0.03 274.01 309.03
528.0 0.028195 0.021997 0.02 271.1 312.09
529.0 0.028197 0.028825 0.02 268.13 312.12
530.0 0.028236 0.017993 0.02 263.53 4.18
531.0 0.028241 0.014782 0.02 258.66 37.8
532.0 0.028182 0.027157 0.02 252.81 80.01
533.0 0.028198 0.02434 0.01 244.65 80.86
534.0 0.028216 0.006932 0.01 235.07 103.63
535.0 0.0282 0.004671 0.01 220.8 149.84
536.0 0.0282 0.016018 0.01 203.94 133.03
537.0 0.028185 0.012452 0.01 184.25 123.77
538.0 0.028217 0.001928 0.01 164.18 208.82
539.0 0.028224 0.017274 0.01 148.81 230.95
540.0 0.028174 0.028724 0.02 135.87 230.53
541.0 0.028203 0.014373 0.02 125.7 262.57
542.0 0.028224 0.013109 0.02 116.96 340.51
543.0 0.028178 0.020042 0.03 110.85 353.21
544.0 0.028194 0.020916 0.03 105.66 341.39
545.0 0.0282 0.009267 0.03 100.46 15.08
546.0 0.028196 0.018931 0.04 97.64 78.03
547.0 0.028212 0.015308 0.04 93.9 35.04
548.0 0.028195 0.011838 0.05 90.78 341.87
549.0 0.028199 0.010256 0.05 87.97 77.05
550.0 0.028211 0.023683 0.06 84.68 71.59
551.0 0.028166 0.024177 0.06 81.14 49.72
552.0 0.028211 0.017666 0.06 78.41 62.09
553.0 0.028206 0.025146 0.07 74.75 109.33
554.0 0.028156 0.033782 0.07 71.71 134.8
555.0 0.028227 0.025237 0.08 68.9 129.27
556.0 0.028207 0.012031 0.08 66.58 112.87
557.0 0.028204 0.017159 0.09 64.26 180.19
558.0 0.028206 0.024974 0.09 61.76 173.17
559.0 0.028209 0.023262 0.1 59.9 149.55
560.0 0.028208 0.02487 0.1 57.34 136.49
561.0 0.028214 0.018151 0.11 55.32 185.07
562.0 0.028215 0.022741 0.11 53.24 231.29
563.0 0.028214 0.031968 0.12 50.68 227.56
564.0 0.028214 0.025799 0.12 48.52 211.6
565.0 0.028216 0.011588 0.13 45.79 230.96
566.0 0.0282 0.011009 0.13 43.28 298.47
567.0 0.028212 0.012211 0.14 40.28 247.74
568.0 0.028204 0.028658 0.14 36.97 233.69
569.0 0.0282 0.018882 0.14 34.66 236.53
570.0 0.028207 0.017361 0.15 31.75 286.24
571.0 0.02819 0.0279 0.15 29.57 268.87
572.0 0.028211 0.019351 0.15 26.68 290.61
573.0 0.028181 0.031184 0.16 23.72 323.17
574.0 0.028221 0.021231 0.16 21.32 326.05
575.0 0.028203 0.017654 0.16 19.01 9.34
576.0 0.028123 0.019568 0.17 16.57 11.42
577.0 0.02808 0.01743 0.17 13.97 77.46
578.0 0.028122 0.022608 0.17 11.26 98.7
579.0 0.028101 0.027387 0.17 8.46 116.21
580.0 0.028093 0.030171 0.17 5.83 124.22
581.0 0.02807 0.026352 0.18 3.16 137.61
582.0 0.02806 0.025266 0.18 0.41 168.57
583.0 0.028121 0.030678 0.18 357.81 192.65
584.0 0.028067 0.025785 0.18 355.11 212.69
585.0 0.028051 0.025749 0.18 352.37 238.83
586.0 0.028097 0.030532 0.18 349.35 268.54
587.0 0.028102 0.029216 0.18 346.83 271.34
588.0 0.028166 0.031182 0.18 343.57 306.62
589.0 0.028057 0.015726 0.18 341.02 324.05
590.0 0.028173 0.021993 0.18 338.46 355.84
591.0 0.028064 0.018567 0.18 335.76 348.74
592.0 0.028181 0.025166 0.18 333.21 351.2
593.0 0.028054 0.014197 0.17 330.46 19.41
594.0 0.028131 0.02026 0.17 327.82 46.29
595.0 0.028122 0.020855 0.17 325.27 58.39
596.0 0.028095 0.017885 0.17 322.7 71.09
597.0 0.028078 0.021127 0.16 320.37 66.91
598.0 0.02811 0.022631 0.16 318.21 65.55
599.0 0.028091 0.021508 0.16 315.87 57.25
600.0 0.02811 0.019239 0.16 313.77 56.61
601.0 0.028095 0.023507 0.15 311.51 41.39
602.0 0.02809 0.019114 0.15 309.16 52.01
603.0 0.028112 0.019076 0.15 306.81 47.96
604.0 0.028097 0.018204 0.14 304.65 47.94
605.0 0.028107 0.026308 0.14 302.56 40.6
606.0 0.028115 0.020882 0.14 300.1 48.78
607.0 0.028108 0.017919 0.13 297.28 62.76
608.0 0.028093 0.01633 0.13 295.02 71.26
609.0 0.028113 0.014149 0.12 292.49 84.54
610.0 0.028092 0.011035 0.12 290.42 63.32
611.0 0.028161 0.011847 0.11 287.8 85.2
612.0 0.02819 0.015866 0.11 285.53 84.99
613.0 0.028163 0.015615 0.1 283.12 95.99
614.0 0.028189 0.017107 0.1 280.96 125.6
615.0 0.028199 0.016708 0.09 278.68 147.16
616.0 0.028196 0.009776 0.09 276.4 168.77
617.0 0.028165 0.009981 0.08 273.41 242.67
618.0 0.028099 0.00471 0.07 271.58 214.16
619.0 0.028136 0.012444 0.07 269.7 182.71
620.0 0.028121 0.011095 0.07 267.15 165.68
621.0 0.028106 0.015165 0.06 264.86 146.55
622.0 0.028149 0.021601 0.06 263.39 169.26
623.0 0.0281 0.019417 0.05 261.33 142.0
624.0 0.028144 0.028584 0.05 258.09 148.62
625.0 0.028101 0.024956 0.05 256.26 125.65
626.0 0.028153 0.031759 0.04 253.22 113.97
627.0 0.02811 0.023022 0.04 249.22 102.69
628.0 0.028165 0.024856 0.03 246.66 88.94
629.0 0.02812 0.021297 0.03 241.7 66.07
630.0 0.028147 0.025289 0.03 236.34 44.06
631.0 0.028111 0.019537 0.02 230.0 47.85
632.0 0.028146 0.021168 0.02 221.23 25.24
633.0 0.028111 0.017384 0.02 211.74 12.31
634.0 0.028141 0.022191 0.01 198.01 0.21
635.0 0.028125 0.017161 0.01 182.42 3.56
636.0 0.028131 0.019531 0.01 162.88 359.25
637.0 0.028145 0.016447 0.01 142.68 2.2
638.0 0.028121 0.017543 0.01 124.62 351.69
639.0 0.028152 0.021532 0.02 109.7 352.85
640.0 0.028109 0.017814 0.02 98.78 336.31
641.0 0.028168 0.026422 0.02 90.36 336.69
642.0 0.028093 0.019401 0.02 83.3 325.72
643.0 0.028154 0.02995 0.03 79.47 316.23
644.0 0.028096 0.017433 0.03 75.06 317.7
645.0 0.02815 0.021972 0.03 71.66 294.0
646.0 0.02812 0.01142 0.04 68.86 280.86
647.0 0.028117 0.008415 0.04 65.92 243.22
648.0 0.028156 0.015463 0.04 63.37 199.69
649.0 0.028087 0.007107 0.04 60.33 150.68
650.0 0.028168 0.019632 0.05 57.67 187.51
651.0 0.028167 0.01821 0.05 55.08 229.76
652.0 0.02815 0.013058 0.05 52.92 222.46
653.0 0.028172 0.023086 0.05 50.81 250.45
654.0 0.02809 0.013346 0.05 49.42 225.13
655.0 0.028169 0.026418 0.05 48.15 241.68
656.0 0.028099 0.021427 0.06 47.18 218.34
657.0 0.028152 0.030607 0.06 45.94 205.55
658.0 0.028148 0.021653 0.06 44.9 197.51
659.0 0.028146 0.021971 0.06 43.78 190.33
660.0 0.028188 0.03415 0.06 42.99 185.87
661.0 0.028169 0.039572 0.06 42.21 209.68
662.0 0.028088 0.02354 0.06 41.22 223.82
663.0 0.028115 0.032035 0.06 40.77 221.44
664.0 0.028164 0.025617 0.06 40.52 241.04
665.0 0.028171 0.031174 0.07 40.17 249.77
666.0 0.028188 0.017768 0.07 40.13 281.08
667.0 0.028138 0.023531 0.07 39.93 275.22
668.0 0.028151 0.014498 0.07 40.06 337.95
669.0 0.028119 0.018518 0.07 40.23 330.73
670.0 0.028097 0.014205 0.07 40.35 317.46
671.0 0.028159 0.02178 0.07 40.61 322.29
672.0 0.028186 0.022765 0.07 40.95 324.84
673.0 0.028155 0.021276 0.08 41.2 0.6
674.0 0.028178 0.019167 0.08 41.54 31.85
675.0 0.028166 0.015399 0.08 41.86 26.52
676.0 0.02819 0.015488 0.08 42.08 32.11
677.0 0.028178 0.01862 0.08 42.36 20.03
678.0 0.028148 0.015976 0.09 42.72 60.3
679.0 0.028176 0.015981 0.09 43.0 93.18
680.0 0.028203 0.016123 0.09 43.02 102.91
681.0 0.028184 0.013003 0.09 43.24 115.56
682.0 0.028178 0.013332 0.1 43.14 107.39
683.0 0.028187 0.01962 0.1 43.04 141.71
684.0 0.028176 0.018959 0.1 42.63 160.66
685.0 0.028191 0.019552 0.11 42.26 176.99
686.0 0.028204 0.015314 0.11 41.71 180.42
687.0 0.028174 0.021525 0.11 41.08 177.71
688.0 0.028171 0.02503 0.12 40.3 196.06
689.0 0.028165 0.024435 0.12 39.5 219.48
690.0 0.028203 0.019947 0.13 38.54 227.14
691.0 0.028195 0.027104 0.13 37.48 218.71
692.0 0.028163 0.030581 0.13 36.49 234.98
693.0 0.028174 0.030897 0.14 35.35 245.14
694.0 0.0282 0.027173 0.14 34.19 266.38
695.0 0.028196 0.024758 0.15 32.92 252.74
696.0 0.028174 0.033877 0.15 31.6 263.06
697.0 0.028164 0.030257 0.15 30.29 276.8
698.0 0.028188 0.02621 0.16 28.94 299.31
699.0 0.028206 0.025259 0.16 27.54 297.49
700.0 0.028201 0.024247 0.16 26.07 297.28
701.0 0.028175 0.031453 0.17 24.62 311.28
702.0 0.02817 0.027452 0.17 23.13 335.69
703.0 0.028159 0.021219 0.17 21.56 334.59
704.0 0.02823 0.017952 0.18 20.05 334.67
705.0 0.028185 0.026585 0.18 18.41 8.64
706.0 0.028161 0.021184 0.18 16.8 41.39
707.0 0.028178 0.019372 0.19 15.26 51.19
708.0 0.028193 0.019411 0.19 13.59 51.67
709.0 0.028187 0.014226 0.19 11.82 56.88
710.0 0.028202 0.019036 0.19 10.22 59.57
711.0 0.028211 0.006369 0.2 8.48 66.04
712.0 0.028215 0.020236 0.2 6.78 74.02
713.0 0.028205 0.010762 0.2 5.09 84.67
714.0 0.028193 0.009842 0.2 3.23 90.61
715.0 0.028208 0.009066 0.2 1.54 74.58
716.0 0.028195 0.023962 0.21 359.86 109.39
717.0 0.028203 0.013873 0.21 358.08 105.59
718.0 0.028216 0.015973 0.21 356.2 137.16
719.0 0.028188 0.030714 0.21 354.46 133.16
720.0 0.028231 0.021574 0.21 352.68 163.05
721.0 0.028223 0.026846 0.21 350.8 192.08
722.0 0.028201 0.029558 0.21 348.97 180.31
723.0 0.028213 0.025865 0.21 347.07 218.78
724.0 0.028191 0.030099 0.21 345.24 226.93
725.0 0.02824 0.019879 0.21 343.54 210.4
726.0 0.028205 0.01757 0.21 341.54 251.12
727.0 0.028203 0.028104 0.21 339.82 260.14
728.0 0.028228 0.018358 0.21 337.99 230.81
729.0 0.028218 0.013521 0.21 336.17 236.45
730.0 0.028214 0.023203 0.21 334.4 288.74
731.0 0.02821 0.02346 0.21 332.57 268.21
732.0 0.028201 0.018603 0.21 330.82 245.91
733.0 0.028215 0.01897 0.2 328.99 303.42
734.0 0.028201 0.027646 0.2 327.11 312.43
735.0 0.028219 0.026551 0.2 325.34 289.11
736.0 0.028223 0.018324 0.2 323.74 314.95
737.0 0.028203 0.019959 0.2 322.17 14.24
738.0 0.028211 0.022098 0.19 320.49 350.92
739.0 0.028217 0.017902 0.19 318.71 329.49
740.0 0.028208 0.007957 0.19 316.86 49.24
741.0 0.02822 0.011995 0.19 315.11 27.39
742.0 0.028217 0.015521 0.18 313.66 326.94
743.0 0.028209 0.006772 0.18 311.93 42.23
744.0 0.028207 0.014483 0.18 310.27 38.87
745.0 0.028211 0.01596 0.17 308.81 351.12
746.0 0.028225 0.010896 0.17 306.86 63.74
747.0 0.0282 0.019924 0.17 305.4 86.4
748.0 0.028222 0.010825 0.16 303.98 54.26
749.0 0.028225 0.011033 0.16 302.3 128.07
750.0 0.028189 0.022721 0.16 300.62 142.72
751.0 0.02823 0.009609 0.15 299.13 177.89
752.0 0.028184 0.016693 0.15 297.72 180.28
753.0 0.028207 0.013378 0.14 296.23 176.3
754.0 0.02818 0.023133 0.14 295.01 217.49
755.0 0.028222 0.011182 0.14 293.55 241.09
756.0 0.028197 0.018316 0.13 292.34 227.43
757.0 0.028182 0.017964 0.13 290.93 245.27
758.0 0.028181 0.01838 0.12 289.68 269.92
759.0 0.028188 0.010838 0.12 288.62 273.53
760.0 0.02819 0.020179 0.11 287.32 260.66
761.0 0.028195 0.020003 0.11 286.14 281.55
762.0 0.028202 0.016384 0.11 285.15 309.38
763.0 0.02818 0.01044 0.1 284.04 285.97
764.0 0.028187 0.017548 0.1 283.13 291.61
765.0 0.028193 0.018003 0.09 282.2 316.37
766.0 0.028197 0.012228 0.09 281.57 349.84
767.0 0.028177 0.013359 0.09 280.66 312.25
768.0 0.028183 0.018976 0.08 279.96 317.82
769.0 0.028192 0.016508 0.08 279.34 347.78
770.0 0.028194 0.008588 0.07 278.81 347.41
771.0 0.028177 0.013622 0.07 278.39 335.8
772.0 0.028167 0.014078 0.07 278.31 327.97
773.0 0.028185 0.01543 0.06 277.98 14.6
774.0 0.028214 0.003693 0.06 278.23 359.77
775.0 0.028195 0.010314 0.06 278.29 35.27
776.0 0.028151 0.010859 0.05 278.69 30.26
777.0 0.028146 0.01297 0.05 279.35 40.92
778.0 0.028177 0.008126 0.04 280.1 51.72
779.0 0.028179 0.003264 0.04 281.5 3.74
780.0 0.028161 0.009974 0.04 283.39 289.3
781.0 0.028131 0.015175 0.04 285.79 322.36
782.0 0.028168 0.006081 0.03 288.55 322.6
783.0 0.028195 0.007936 0.03 291.45 292.35
784.0 0.028179 0.012708 0.03 295.99 286.3
785.0 0.028152 0.015685 0.03 300.15 304.95
786.0 0.028168 0.016842 0.02 306.55 322.04
787.0 0.028138 0.009509 0.02 311.99 353.69
788.0 0.02817 0.012138 0.02 318.08 312.22
789.0 0.028196 0.02223 0.02 325.84 304.1
790.0 0.028187 0.023164 0.02 332.5 327.48
791.0 0.028168 0.023419 0.02 339.29 332.46
792.0 0.028126 0.013113 0.02 346.34 342.22
793.0 0.028165 0.021214 0.02 352.89 9.6
794.0 0.028134 0.011572 0.03 358.25 338.98
795.0 0.028138 0.00976 0.03 2.95 269.0
796.0 0.028157 0.011775 0.03 6.72 219.16
797.0 0.028128 0.00234 0.03 10.22 4.3
798.0 0.028175 0.011195 0.03 13.77 62.93
799.0 0.028144 0.019177 0.04 14.64 10.48
800.0 0.028128 0.023154 0.04 15.86 346.71
801.0 0.028139 0.026771 0.04 17.12 335.13
802.0 0.02812 0.017491 0.04 18.48 317.42
803.0 0.028152 0.010343 0.05 19.34 259.91
804.0 0.028139 0.006004 0.05 19.24 161.98
805.0 0.028142 0.017921 0.05 19.27 121.95
806.0 0.028117 0.023337 0.06 19.74 99.96
807.0 0.028112 0.024494 0.06 20.03 74.79
808.0 0.028142 0.02489 0.06 20.3 47.76
809.0 0.028118 0.016032 0.06 19.7 17.75
810.0 0.028153 0.019564 0.07 19.36 347.75
811.0 0.028112 0.011984 0.07 19.34 344.64
812.0 0.028141 0.015396 0.07 19.33 290.75
813.0 0.02812 0.007154 0.07 18.95 261.33
814.0 0.028106 0.010317 0.08 18.61 139.41
815.0 0.028133 0.020215 0.08 18.16 132.59
816.0 0.028114 0.016375 0.08 17.81 110.12
817.0 0.028126 0.029888 0.08 17.26 105.15
818.0 0.028103 0.020834 0.09 16.7 95.35
819.0 0.02813 0.01876 0.09 16.23 59.87
820.0 0.028149 0.018044 0.09 15.62 35.89
821.0 0.028114 0.00889 0.1 15.13 39.99
822.0 0.028156 0.019481 0.1 14.66 339.56
823.0 0.028116 0.008507 0.1 13.99 1.8
824.0 0.028109 0.006277 0.1 13.27 132.57
825.0 0.028175 0.012598 0.11 12.4 192.52
826.0 0.028125 0.003968 0.11 11.66 220.97
827.0 0.028173 0.008994 0.11 10.9 1.68
828.0 0.028134 0.006807 0.12 10.0 32.55
829.0 0.028108 0.003564 0.12 9.07 206.15
830.0 0.028182 0.011982 0.12 8.2 272.42
831.0 0.028135 0.002561 0.13 6.92 43.26
832.0 0.028181 0.004459 0.13 5.82 28.46
833.0 0.028197 0.004558 0.13 4.48 321.06
834.0 0.028174 0.008973 0.13 3.39 46.87
835.0 0.02817 0.009205 0.14 2.01 105.2
836.0 0.028179 0.009343 0.14 0.77 129.14
837.0 0.028198 0.005058 0.14 359.54 105.55
838.0 0.028177 0.013936 0.15 358.21 104.59
839.0 0.028194 0.012319 0.15 356.75 143.84
840.0 0.028169 0.013215 0.15 355.29 168.99
841.0 0.028167 0.010547 0.15 353.91 185.15
842.0 0.028152 0.003414 0.16 352.48 157.0
843.0 0.028151 0.019742 0.16 350.82 183.34
844.0 0.028142 0.015222 0.16 349.39 188.42
845.0 0.02817 0.022863 0.16 347.71 193.77
846.0 0.028163 0.019938 0.16 346.1 215.41
847.0 0.028155 0.023237 0.17 344.48 214.81
848.0 0.028162 0.023781 0.17 342.88 258.51
849.0 0.028175 0.013864 0.17 341.25 240.06
850.0 0.028183 0.024795 0.17 339.72 238.19
851.0 0.028191 0.019809 0.17 337.89 265.43
852.0 0.028178 0.027523 0.17 336.24 268.48
853.0 0.02819 0.02184 0.17 334.51 306.19
854.0 0.028143 0.010049 0.17 332.95 268.69
855.0 0.028167 0.002083 0.18 331.39 207.68
856.0 0.028128 0.009735 0.18 329.9 288.18
857.0 0.028132 0.021434 0.18 328.46 284.0
858.0 0.028139 0.031625 0.18 326.82 278.25
859.0 0.02811 0.021326 0.18 325.09 268.66
860.0 0.028159 0.019277 0.18 323.02 243.65
861.0 0.028132 0.016188 0.18 321.17 282.02
862.0 0.028135 0.031125 0.18 319.11 317.18
863.0 0.028214 0.022175 0.18 317.42 344.85
864.0 0.02815 0.026207 0.17 315.47 355.84
865.0 0.028221 0.016443 0.17 313.65 8.08
866.0 0.028217 0.012943 0.17 311.69 75.89
867.0 0.028198 0.02405 0.17 309.68 129.52
868.0 0.028226 0.017689 0.17 307.92 130.2
869.0 0.02824 0.005867 0.17 306.21 352.9
870.0 0.028199 0.019318 0.17 304.28 348.16
871.0 0.028191 0.013494 0.17 302.5 7.78
872.0 0.028138 0.015695 0.17 300.57 340.07
873.0 0.028154 0.011978 0.16 298.61 25.24
874.0 0.028131 0.022546 0.16 296.72 13.53
875.0 0.02813 0.019611 0.16 295.06 357.26
876.0 0.02815 0.014054 0.16 293.18 48.99
877.0 0.028152 0.019463 0.16 291.11 33.03
878.0 0.02816 0.009401 0.16 289.48 36.09
879.0 0.028144 0.01483 0.15 287.68 75.24
880.0 0.028182 0.014217 0.15 285.52 23.97
881.0 0.028175 0.02174 0.15 283.67 59.69
882.0 0.028171 0.019725 0.15 281.53 80.64
883.0 0.028153 0.021245 0.14 279.65 85.0
884.0 0.028155 0.024383 0.14 277.52 103.1
885.0 0.028149 0.013873 0.14 275.64 135.36
886.0 0.028189 0.011094 0.14 273.55 97.85
887.0 0.028182 0.017613 0.13 271.57 113.58
888.0 0.028168 0.01868 0.13 269.53 131.35
889.0 0.028183 0.018318 0.13 267.45 157.36
890.0 0.028191 0.012356 0.12 265.46 177.48
891.0 0.028175 0.013385 0.12 263.35 154.65
892.0 0.028156 0.012756 0.12 261.15 142.52
893.0 0.028153 0.0205 0.11 259.21 157.88
894.0 0.028174 0.018684 0.11 257.02 190.1
895.0 0.028211 0.011012 0.11 254.97 218.17
896.0 0.028179 0.017412 0.1 252.67 208.16
897.0 0.028178 0.019616 0.1 250.41 219.34
898.0 0.028164 0.021453 0.1 247.96 230.34
899.0 0.028183 0.020958 0.09 245.74 244.97
900.0 0.028191 0.015815 0.09 243.35 254.95
901.0 0.028173 0.01738 0.09 240.97 251.51
902.0 0.028157 0.018109 0.08 238.43 262.56
903.0 0.028171 0.019689 0.08 235.94 280.37
904.0 0.028193 0.018012 0.08 233.43 287.95
905.0 0.028188 0.022918 0.07 230.67 278.21
906.0 0.028174 0.022444 0.07 227.88 293.64
907.0 0.028166 0.017917 0.07 225.02 304.2
908.0 0.028186 0.016594 0.06 222.04 324.48
909.0 0.02819 0.019452 0.06 218.97 328.36
910.0 0.028181 0.019257 0.06 215.68 344.32
911.0 0.02818 0.016139 0.06 212.26 3.15
912.0 0.02816 0.01407 0.05 208.57 12.33
913.0 0.028164 0.012577 0.05 204.92 351.97
914.0 0.028129 0.022832 0.05 200.83 355.1
915.0 0.028147 0.018054 0.05 197.09 10.39
916.0 0.028167 0.017419 0.04 192.41 5.49
917.0 0.028167 0.02013 0.04 187.68 0.86
918.0 0.028175 0.023183 0.04 182.72 11.93
919.0 0.028187 0.026975 0.04 177.51 28.69
920.0 0.028197 0.023918 0.04 172.3 44.17
921.0 0.028204 0.019338 0.04 166.46 76.43
922.0 0.028212 0.024499 0.03 160.82 62.98
923.0 0.028214 0.020933 0.03 154.36 125.21
924.0 0.028203 0.019537 0.03 148.56 118.3
925.0 0.028172 0.024782 0.03 142.65 127.76
926.0 0.028162 0.026962 0.03 136.9 140.71
927.0 0.028175 0.019465 0.04 131.04 166.83
928.0 0.028187 0.013312 0.04 125.68 176.28
929.0 0.028204 0.016243 0.04 120.84 179.28
930.0 0.028213 0.020658 0.04 115.71 178.39
931.0 0.028233 0.009692 0.04 111.31 247.36
932.0 0.028208 0.013479 0.04 107.22 197.22
933.0 0.028179 0.015498 0.04 103.17 243.91
934.0 0.0282 0.004342 0.04 99.45 247.36
935.0 0.028198 0.004457 0.05 95.89 242.4
936.0 0.028197 0.006337 0.05 92.56 270.59
937.0 0.028212 0.009945 0.05 89.54 325.7
938.0 0.028196 0.003585 0.05 86.78 163.19
939.0 0.028208 0.002476 0.05 83.93 320.8
940.0 0.028203 0.00423 0.06 81.29 28.3
941.0 0.028198 0.007618 0.06 78.91 91.15
942.0 0.028185 0.004923 0.06 76.45 191.82
943.0 0.028201 0.006692 0.06 74.3 85.64
944.0 0.0282 0.009119 0.07 72.13 122.4
945.0 0.028196 0.009501 0.07 70.04 161.05
946.0 0.028189 0.006898 0.07 68.09 178.23
947.0 0.028165 0.008386 0.07 65.94 178.72
948.0 0.028125 0.010674 0.08 64.01 157.02
949.0 0.02813 0.004611 0.08 62.18 101.52
950.0 0.028178 0.01174 0.08 60.1 90.41
951.0 0.028116 0.00493 0.09 57.92 276.96
952.0 0.028147 0.00983 0.09 55.96 351.84
953.0 0.02815 0.020334 0.09 54.03 358.34
954.0 0.028104 0.016547 0.09 51.96 325.49
955.0 0.028154 0.030911 0.1 50.44 336.91
956.0 0.028118 0.019944 0.1 48.9 346.93
957.0 0.028104 0.011584 0.1 47.3 318.1
958.0 0.028162 0.022209 0.1 45.3 358.51
959.0 0.028151 0.01619 0.11 43.62 341.76
960.0 0.028102 0.013869 0.11 41.96 327.72
961.0 0.028176 0.024112 0.11 40.34 330.75
962.0 0.028132 0.011839 0.11 39.1 351.74
963.0 0.028128 0.005398 0.12 37.28 245.92
964.0 0.028127 0.015929 0.12 35.66 311.14
965.0 0.028184 0.021108 0.12 33.5 11.43
966.0 0.028156 0.016811 0.13 31.52 49.77
967.0 0.028142 0.016373 0.13 29.71 72.74
968.0 0.02811 0.001665 0.13 27.8 287.57
969.0 0.028159 0.012879 0.13 25.6 27.65
970.0 0.028144 0.012382 0.14 23.85 7.74
971.0 0.028106 0.002303 0.14 21.77 349.62
972.0 0.028127 0.01467 0.14 19.99 334.07
973.0 0.028163 0.023698 0.14 18.02 347.95
974.0 0.028119 0.005473 0.14 16.16 10.39
975.0 0.028108 0.004652 0.15 14.36 277.77
976.0 0.028161 0.012861 0.15 12.54 298.88
977.0 0.028113 0.004353 0.15 10.86 297.34
978.0 0.028118 0.015205 0.15 8.79 214.12
979.0 0.028166 0.022658 0.15 6.81 226.59
980.0 0.028125 0.00854 0.15 4.65 254.65
981.0 0.028188 0.007878 0.15 2.87 150.41
982.0 0.028135 0.006563 0.15 1.02 155.39
983.0 0.028132 0.007311 0.16 359.0 16.39
984.0 0.02817 0.009651 0.16 357.07 358.19
985.0 0.028129 0.008631 0.16 354.87 249.87
986.0 0.028166 0.025862 0.16 353.03 260.87
987.0 0.028149 0.019261 0.16 350.76 284.83
988.0 0.028165 0.02146 0.16 348.89 292.46
989.0 0.028142 0.020125 0.16 346.61 345.65
990.0 0.028168 0.014392 0.16 344.79 345.4
991.0 0.028207 0.016988 0.16 342.87 318.52
992.0 0.028178 0.01512 0.16 340.79 353.69
993.0 0.028194 0.016378 0.16 338.76 21.64
994.0 0.028198 0.008617 0.16 336.64 1.32
995.0 0.028208 0.013932 0.16 334.75 1.7
996.0 0.028195 0.013979 0.16 332.72 36.84
997.0 0.028177 0.010041 0.15 330.71 62.42
998.0 0.028188 0.009516 0.15 328.62 348.08
999.0 0.028195 0.00919 0.15 326.52 23.03
1000.0 0.028179 0.003447 0.15 324.46 15.71
0.0 0.02817 0.02124 0.03 120.39 170.42
-1.0 0.028162 0.031206 0.03 129.1 145.26
-2.0 0.028157 0.018904 0.03 140.71 99.92
-3.0 0.02817 0.025559 0.02 154.38 78.38
-4.0 0.028147 0.016307 0.02 168.79 40.69
-5.0 0.028134 0.019015 0.02 185.11 36.27
-6.0 0.028108 0.01636 0.02 202.75 53.65
-7.0 0.028134 0.01983 0.02 216.42 67.62
-8.0 0.028112 0.011635 0.03 227.4 358.4
-9.0 0.028139 0.018079 0.03 235.52 315.49
-10.0 0.028132 0.022391 0.04 242.77 305.74
-11.0 0.028111 0.018592 0.04 247.95 345.53
-12.0 0.028155 0.021788 0.04 252.85 2.89
-13.0 0.02812 0.01713 0.05 257.02 332.21
-14.0 0.02813 0.019774 0.05 261.29 268.57
-15.0 0.028121 0.026 0.05 264.64 269.29
-16.0 0.028118 0.01835 0.06 268.28 289.28
-17.0 0.028151 0.021354 0.06 271.58 325.11
-18.0 0.028117 0.012753 0.06 274.56 292.42
-19.0 0.028137 0.021848 0.07 277.68 240.14
-20.0 0.028133 0.026605 0.07 280.21 243.21
-21.0 0.028104 0.020294 0.08 283.16 249.57
-22.0 0.02814 0.0198 0.08 285.75 283.56
-23.0 0.02813 0.009959 0.08 288.14 255.91
-24.0 0.028126 0.019116 0.09 290.64 192.98
-25.0 0.028151 0.027648 0.09 292.59 197.26
-26.0 0.028144 0.017088 0.09 294.9 174.55
-27.0 0.028129 0.02062 0.09 296.67 175.66
-28.0 0.028118 0.017387 0.1 298.15 206.56
-29.0 0.028168 0.019667 0.1 300.34 210.28
-30.0 0.028112 0.011048 0.1 301.94 179.71
-31.0 0.028144 0.012151 0.1 303.79 83.37
-32.0 0.028136 0.014278 0.11 305.43 137.69
-33.0 0.028132 0.010309 0.11 306.77 188.16
-34.0 0.028162 0.009212 0.11 308.52 203.78
-35.0 0.028118 0.010592 0.11 309.7 147.42
-36.0 0.028142 0.024688 0.12 310.92 126.76
-37.0 0.028134 0.021125 0.12 312.39 157.73
-38.0 0.02812 0.009873 0.12 313.61 156.16
-39.0 0.028158 0.001965 0.12 314.86 215.44
-40.0 0.028125 0.013532 0.12 316.17 107.7
-41.0 0.02814 0.023574 0.12 317.23 121.39
-42.0 0.028142 0.021835 0.13 318.68 142.21
-43.0 0.028119 0.007235 0.13 319.82 144.66
-44.0 0.028156 0.005943 0.13 321.05 55.05
-45.0 0.028117 0.015462 0.13 322.3 93.59
-46.0 0.028146 0.023443 0.13 323.38 104.29
-47.0 0.028144 0.016088 0.13 324.68 111.73
-48.0 0.028124 0.010251 0.14 325.87 55.89
-49.0 0.028151 0.024088 0.14 327.07 59.91
-50.0 0.028119 0.013861 0.14 328.36 86.73
-51.0 0.028145 0.01021 0.14 329.63 129.13
-52.0 0.028131 0.00461 0.14 330.82 56.27
-53.0 0.028135 0.016641 0.14 332.13 68.76
-54.0 0.028174 0.020059 0.14 333.25 94.35
-55.0 0.02816 0.025374 0.15 334.53 60.9
-56.0 0.028157 0.022759 0.15 335.7 45.58
-57.0 0.028184 0.021556 0.15 337.0 22.6
-58.0 0.028248 0.013363 0.15 338.08 9.99
-59.0 0.028274 0.015303 0.15 339.33 287.09
-60.0 0.028265 0.006942 0.15 340.56 32.16
-61.0 0.028251 0.022668 0.15 341.75 293.15
-62.0 0.028201 0.027351 0.15 342.91 290.09
-63.0 0.028263 0.014961 0.16 344.5 277.13
-64.0 0.028289 0.008635 0.16 345.85 257.27
-65.0 0.028208 0.022654 0.16 347.19 244.57
-66.0 0.028206 0.029801 0.16 348.35 245.27
-67.0 0.028273 0.013131 0.16 349.54 271.52
-68.0 0.028198 0.032105 0.16 350.62 269.2
-69.0 0.028221 0.027933 0.16 351.88 265.17
-70.0 0.028275 0.02051 0.16 353.06 298.67
-71.0 0.028236 0.02606 0.16 354.4 266.96
-72.0 0.028197 0.034356 0.16 355.51 273.13
-73.0 0.028259 0.025541 0.17 356.77 274.46
-74.0 0.028257 0.026751 0.17 358.1 292.77
-75.0 0.028203 0.044739 0.17 359.38 282.08
-76.0 0.028261 0.027004 0.17 0.74 273.03
-77.0 0.028245 0.035175 0.17 2.16 301.25
-78.0 0.028198 0.039649 0.17 3.74 304.05
-79.0 0.028263 0.025423 0.17 5.25 310.29
-80.0 0.02823 0.031145 0.17 6.68 315.74
-81.0 0.028209 0.024323 0.17 8.04 335.6
-82.0 0.028264 0.020575 0.17 9.8 342.6
-83.0 0.028234 0.015054 0.17 11.27 8.46
-84.0 0.028197 0.019771 0.17 12.69 33.07
-85.0 0.028256 0.01602 0.17 14.27 303.66
-86.0 0.028223 0.020857 0.17 16.02 254.15
-87.0 0.028189 0.028449 0.17 17.68 259.22
-88.0 0.028159 0.031895 0.17 19.51 243.87
-89.0 0.02816 0.02969 0.17 21.43 229.2
-90.0 0.028145 0.025876 0.17 23.18 209.18
-91.0 0.028169 0.023063 0.17 25.07 211.6
-92.0 0.028166 0.021191 0.17 26.87 223.04
-93.0 0.028151 0.028257 0.17 28.81 217.52
-94.0 0.028167 0.027864 0.16 30.74 195.65
-95.0 0.028159 0.01945 0.16 32.82 183.6
-96.0 0.02817 0.02204 0.16 34.98 174.33
-97.0 0.028215 0.016304 0.16 36.92 149.17
-98.0 0.028186 0.033524 0.16 39.2 155.21
-99.0 0.028176 0.028737 0.16 41.34 148.48
-100.0 0.028155 0.030333 0.16 43.59 143.24
-101.0 0.02814 0.028286 0.16 46.05 134.46
-102.0 0.028161 0.026804 0.15 48.26 135.62
-103.0 0.028127 0.026309 0.15 50.62 128.87
-104.0 0.028159 0.025398 0.15 53.21 109.41
-105.0 0.028174 0.022263 0.15 55.52 104.2
-106.0 0.028165 0.022987 0.15 58.24 67.86
-107.0 0.028143 0.01447 0.14 60.9 56.71
-108.0 0.028177 0.013972 0.14 63.4 47.01
-109.0 0.028194 0.010687 0.14 66.02 54.98
-110.0 0.028191 0.014645 0.14 68.74 40.39
-111.0 0.02818 0.013042 0.13 71.4 358.99
-112.0 0.028145 0.00646 0.13 74.38 297.32
-113.0 0.028185 0.006307 0.13 77.26 318.85
-114.0 0.028179 0.002943 0.13 80.18 321.63
-115.0 0.028198 0.005466 0.12 83.41 340.07
-116.0 0.028199 0.012098 0.12 86.39 277.79
-117.0 0.028194 0.005738 0.12 89.52 348.74
-118.0 0.028205 0.014528 0.11 92.6 290.89
-119.0 0.028203 0.01358 0.11 96.0 310.02
-120.0 0.028195 0.01724 0.11 99.59 240.3
-121.0 0.02817 0.014292 0.1 103.18 257.11
-122.0 0.028178 0.020582 0.1 107.11 235.5
-123.0 0.028172 0.018775 0.1 110.9 238.13
-124.0 0.02815 0.028532 0.1 114.96 206.9
-125.0 0.028193 0.021674 0.09 119.21 187.64
-126.0 0.028207 0.026001 0.09 123.06 152.62
-127.0 0.028187 0.027284 0.09 127.28 164.46
-128.0 0.028214 0.022646 0.09 132.02 152.89
-129.0 0.028189 0.02477 0.09 136.6 99.08
-130.0 0.028211 0.027706 0.08 141.11 102.94
-131.0 0.02821 0.010792 0.08 145.77 94.21
-132.0 0.028195 0.024784 0.08 150.65 69.59
-133.0 0.028196 0.018956 0.08 155.67 84.42
-134.0 0.028189 0.017282 0.08 160.65 25.39
-135.0 0.028211 0.016726 0.08 165.39 70.81
-136.0 0.028202 0.01291 0.08 170.59 48.93
-137.0 0.02819 0.02661 0.08 175.58 31.65
-138.0 0.028189 0.019212 0.08 180.62 33.4
-139.0 0.02821 0.017255 0.08 185.58 10.43
-140.0 0.028194 0.031809 0.08 190.38 12.04
-141.0 0.028214 0.021241 0.08 195.14 336.53
-142.0 0.028184 0.026876 0.08 199.55 309.06
-143.0 0.028207 0.025675 0.08 204.04 319.69
-144.0 0.028218 0.019814 0.08 209.16 282.22
-145.0 0.028187 0.031897 0.09 213.25 260.37
-146.0 0.028219 0.017598 0.09 217.39 242.66
-147.0 0.02818 0.017304 0.09 221.45 222.37
-148.0 0.028206 0.022811 0.09 225.28 235.13
-149.0 0.028204 0.010917 0.09 228.76 176.92
-150.0 0.02822 0.0171 0.1 232.3 179.54
-151.0 0.028198 0.005413 0.1 235.96 262.69
-152.0 0.028192 0.011405 0.1 239.03 158.34
-153.0 0.028191 0.010006 0.1 242.24 186.02
-154.0 0.028198 0.005708 0.1 245.29 95.02
-155.0 0.028196 0.008331 0.11 248.52 178.65
-156.0 0.0282 0.009238 0.11 251.26 163.06
-157.0 0.028162 0.015449 0.11 254.24 152.02
-158.0 0.028197 0.012418 0.11 256.86 102.2
-159.0 0.028197 0.010509 0.11 259.43 141.29
-160.0 0.028221 0.013557 0.12 262.39 74.05
-161.0 0.028193 0.020932 0.12 264.81 90.14
-162.0 0.028186 0.017958 0.12 267.56 28.11
-163.0 0.028177 0.020243 0.12 270.03 31.0
-164.0 0.028178 0.022027 0.12 272.37 29.4
-165.0 0.028156 0.022881 0.13 274.65 25.58
-166.0 0.028178 0.021844 0.13 276.8 3.55
-167.0 0.028183 0.022181 0.13 278.9 346.44
-168.0 0.028172 0.019872 0.13 280.97 328.97
-169.0 0.028183 0.0154 0.13 283.08 294.07
-170.0 0.028199 0.011354 0.13 285.2 299.34
-171.0 0.028159 0.018554 0.14 287.42 269.44
-172.0 0.028117 0.019461 0.14 289.31 246.87
-173.0 0.028099 0.015879 0.14 291.13 249.86
-174.0 0.028161 0.02446 0.14 292.98 238.47
-175.0 0.028096 0.014034 0.14 294.65 259.27
-176.0 0.02817 0.019141 0.14 296.34 263.65
-177.0 0.028087 0.010245 0.14 298.0 271.02
-178.0 0.028174 0.023805 0.14 299.67 288.46
-179.0 0.028089 0.016725 0.15 301.35 311.33
-180.0 0.028168 0.027233 0.15 302.98 325.67
-181.0 0.028192 0.030447 0.15 304.8 301.11
-182.0 0.028211 0.025685 0.15 306.46 281.68
-183.0 0.028143 0.024303 0.15 308.22 246.66
-184.0 0.028176 0.021306 0.15 309.79 235.91
-185.0 0.02816 0.022114 0.15 311.44 228.89
-186.0 0.028097 0.020712 0.15 312.98 226.53
-187.0 0.028142 0.021794 0.15 314.47 230.18
-188.0 0.028103 0.026191 0.15 315.99 232.48
-189.0 0.028129 0.026297 0.15 317.54 249.19
-190.0 0.028101 0.025517 0.15 319.06 254.38
-191.0 0.028135 0.025425 0.15 320.61 276.2
-192.0 0.02809 0.021689 0.16 322.12 279.29
-193.0 0.028133 0.024449 0.16 323.67 303.61
-194.0 0.028087 0.016029 0.16 325.21 305.0
-195.0 0.028131 0.021929 0.16 326.71 332.82
-196.0 0.028113 0.01539 0.16 328.01 311.16
-197.0 0.028158 0.025363 0.16 329.18 278.06
-198.0 0.028136 0.024382 0.16 330.63 267.97
-199.0 0.028049 0.010314 0.16 332.39 234.3
-200.0 0.028112 0.017987 0.16 333.9 209.32
-201.0 0.028149 0.01933 0.16 335.35 201.91
-202.0 0.028138 0.019802 0.16 336.94 206.77
-203.0 0.028111 0.024719 0.16 338.39 201.19
-204.0 0.028069 0.015131 0.16 339.72 189.27
-205.0 0.028175 0.02354 0.16 341.38 186.32
-206.0 0.028079 0.014203 0.16 342.7 174.75
-207.0 0.028191 0.019556 0.16 344.27 188.76
-208.0 0.028199 0.026531 0.16 345.77 173.27
-209.0 0.0282 0.024743 0.16 347.4 145.61
-210.0 0.028142 0.031296 0.16 348.92 142.35
-211.0 0.028059 0.021253 0.16 350.51 115.04
-212.0 0.02813 0.030037 0.15 352.01 102.92
-213.0 0.028116 0.03478 0.15 353.5 100.62
-214.0 0.028105 0.02758 0.15 355.14 103.04
-215.0 0.028148 0.027401 0.15 356.64 113.04
-216.0 0.02811 0.018592 0.15 358.37 119.79
-217.0 0.02815 0.02803 0.15 0.02 136.16
-218.0 0.028101 0.017231 0.15 1.55 144.32
-219.0 0.028151 0.013678 0.15 3.16 163.08
-220.0 0.028101 0.008555 0.15 4.78 216.23
-221.0 0.028147 0.018636 0.14 6.29 239.72
-222.0 0.02809 0.017279 0.14 8.03 270.71
-223.0 0.028153 0.027912 0.14 9.72 269.16
-224.0 0.028116 0.024195 0.14 11.43 284.76
-225.0 0.028168 0.028525 0.14 13.27 294.36
-226.0 0.028124 0.025997 0.13 14.89 305.8
-227.0 0.028167 0.027539 0.13 16.66 319.23
-228.0 0.0281 0.020498 0.13 18.51 320.72
-229.0 0.02816 0.028828 0.13 20.47 332.96
-230.0 0.028072 0.014315 0.12 22.43 329.58
-231.0 0.028182 0.022331 0.12 24.38 348.13
-232.0 0.028166 0.023741 0.12 26.39 309.26
-233.0 0.028187 0.02445 0.12 28.55 291.11
-234.0 0.028143 0.019703 0.11 30.6 276.81
-235.0 0.028168 0.021034 0.11 32.76 259.52
-236.0 0.028164 0.015479 0.11 34.78 239.94
-237.0 0.0282 0.021539 0.1 36.98 255.37
-238.0 0.028192 0.027473 0.1 39.28 228.89
-239.0 0.028174 0.026724 0.1 41.45 219.64
-240.0 0.028077 0.022669 0.1 43.73 182.32
-241.0 0.028122 0.021598 0.09 46.15 191.2
-242.0 0.028158 0.028496 0.09 48.91 188.71
-243.0 0.028126 0.029069 0.08 51.47 144.94
-244.0 0.028078 0.022575 0.08 54.28 121.47
-245.0 0.028131 0.032707 0.08 57.04 110.08
-246.0 0.028115 0.04526 0.07 60.65 91.61
-247.0 0.028093 0.04141 0.07 63.71 99.9
-248.0 0.028131 0.041514 0.07 67.38 96.84
-249.0 0.028092 0.03903 0.06 70.65 104.01
-250.0 0.02812 0.038868 0.06 74.69 94.95
-251.0 0.028106 0.035592 0.05 78.57 100.59
-252.0 0.028181 0.032867 0.05 83.37 78.76
-253.0 0.028114 0.030357 0.05 88.57 64.96
-254.0 0.028118 0.033256 0.04 94.43 55.73
-255.0 0.028178 0.034337 0.04 100.66 41.04
-256.0 0.028137 0.035047 0.04 107.68 23.46
-257.0 0.028123 0.031525 0.03 115.27 17.5
-258.0 0.028098 0.033326 0.03 124.15 3.77
-259.0 0.028144 0.032448 0.03 134.52 350.24
-260.0 0.02821 0.037685 0.03 145.3 321.25
-261.0 0.028213 0.041943 0.03 156.63 296.0
-262.0 0.028172 0.046122 0.03 167.81 275.7
-263.0 0.028152 0.043221 0.03 179.93 247.86
-264.0 0.028218 0.038521 0.03 190.8 224.83
-265.0 0.028212 0.038812 0.04 198.99 215.23
-266.0 0.02815 0.040749 0.04 206.29 192.89
-267.0 0.028163 0.039837 0.04 213.16 173.1
-268.0 0.028188 0.039019 0.05 218.42 154.51
-269.0 0.028236 0.032517 0.05 223.85 157.35
-270.0 0.028265 0.019005 0.05 229.52 133.39
-271.0 0.028255 0.022202 0.06 233.5 172.13
-272.0 0.028225 0.032101 0.06 236.2 121.33
-273.0 0.028149 0.033904 0.07 238.73 89.91
-274.0 0.02816 0.034034 0.07 243.07 61.55
-275.0 0.028092 0.025201 0.07 246.15 78.87
-276.0 0.028158 0.030068 0.08 248.69 92.82
-277.0 0.028105 0.024277 0.08 250.84 101.11
-278.0 0.028138 0.023835 0.09 253.56 114.87
-279.0 0.028134 0.019484 0.09 255.63 120.13
-280.0 0.028126 0.007905 0.09 257.74 125.97
-281.0 0.02816 0.012238 0.1 259.65 185.46
-282.0 0.028117 0.002776 0.1 262.14 5.07
-283.0 0.028162 0.017046 0.11 264.12 333.6
-284.0 0.028118 0.017018 0.11 265.94 343.22
-285.0 0.028167 0.024267 0.11 268.01 348.71
-286.0 0.028109 0.034448 0.12 269.84 357.28
-287.0 0.028113 0.036136 0.12 271.3 1.74
-288.0 0.028173 0.024823 0.13 272.82 2.13
-289.0 0.028117 0.019648 0.13 275.1 3.31
-290.0 0.028194 0.010163 0.13 276.83 351.31
-291.0 0.028127 0.023571 0.14 278.54 298.03
-292.0 0.028219 0.012904 0.14 280.75 286.93
-293.0 0.028232 0.014448 0.14 282.71 348.63
-294.0 0.028154 0.034252 0.15 284.82 318.66
-295.0 0.028137 0.017873 0.15 286.54 316.27
-296.0 0.02814 0.008865 0.15 288.22 350.91
-297.0 0.028158 0.015053 0.16 289.82 240.24
-298.0 0.028146 0.018545 0.16 291.75 271.82
-299.0 0.028165 0.029762 0.16 293.55 296.14
-300.0 0.028178 0.015674 0.17 295.6 248.74
-301.0 0.028145 0.020292 0.17 297.32 251.64
-302.0 0.028143 0.013416 0.17 299.0 187.97
-303.0 0.028184 0.019777 0.17 300.76 195.02
-304.0 0.028177 0.011827 0.18 302.54 140.51
-305.0 0.02816 0.020498 0.18 304.07 185.19
-306.0 0.028184 0.007944 0.18 305.91 162.02
-307.0 0.028192 0.009001 0.18 307.63 121.03
-308.0 0.028191 0.012281 0.18 309.14 186.16
-309.0 0.028167 0.012255 0.19 310.89 236.35
-310.0 0.028184 0.001944 0.19 312.39 253.99
-311.0 0.028192 0.013458 0.19 314.22 197.87
-312.0 0.028167 0.033663 0.19 315.66 198.66
-313.0 0.028152 0.019698 0.19 317.11 189.1
-314.0 0.028152 0.036941 0.19 318.88 167.17
-315.0 0.028162 0.023205 0.19 320.27 181.92
-316.0 0.028137 0.021733 0.2 321.9 148.54
-317.0 0.02816 0.023431 0.2 323.27 97.69
-318.0 0.028132 0.030774 0.2 324.79 125.07
-319.0 0.028142 0.031148 0.2 326.37 128.62
-320.0 0.028176 0.02093 0.2 327.65 156.92
-321.0 0.028165 0.030354 0.2 329.01 117.28
-322.0 0.028188 0.029318 0.2 330.44 143.49
-323.0 0.028194 0.024341 0.2 332.08 117.27
-324.0 0.028173 0.03162 0.2 333.54 79.85
-325.0 0.028171 0.029671 0.2 334.98 78.38
-326.0 0.028188 0.015858 0.2 336.3 81.07
-327.0 0.028166 0.021042 0.2 337.75 52.8
-328.0 0.028159 0.01639 0.2 339.2 77.37
-329.0 0.028166 0.026406 0.2 340.77 41.9
-330.0 0.028147 0.023734 0.2 342.18 74.6
-331.0 0.028179 0.024262 0.2 343.53 43.03
-332.0 0.028152 0.021568 0.2 345.01 65.98
-333.0 0.02819 0.029797 0.2 346.51 27.2
-334.0 0.028155 0.027548 0.2 347.9 40.23
-335.0 0.028174 0.028319 0.2 349.27 5.7
-336.0 0.028124 0.031615 0.2 350.64 33.95
-337.0 0.028165 0.030779 0.2 352.12 39.42
-338.0 0.028144 0.018991 0.2 353.58 45.76
-339.0 0.028149 0.012136 0.2 355.08 30.13
-340.0 0.028139 0.023599 0.2 356.48 346.96
-341.0 0.028128 0.036503 0.2 358.07 342.45
-342.0 0.028118 0.044948 0.2 359.56 350.59
-343.0 0.028107 0.041324 0.2 0.94 2.52
-344.0 0.028126 0.034367 0.2 2.44 10.06
-345.0 0.028127 0.020909 0.2 4.04 8.89
-346.0 0.028138 0.014234 0.2 5.53 325.12
-347.0 0.028145 0.022364 0.2 7.01 291.92
-348.0 0.028166 0.032605 0.2 8.55 301.18
-349.0 0.028114 0.031956 0.19 10.26 303.26
-350.0 0.028161 0.027707 0.19 12.02 314.47
-351.0 0.028138 0.01684 0.19 13.55 321.15
-352.0 0.028128 0.00589 0.19 15.3 249.54
-353.0 0.028119 0.015793 0.19 16.83 223.96
-354.0 0.028117 0.023573 0.19 18.32 245.49
-355.0 0.028138 0.03155 0.19 19.87 256.87
-356.0 0.028134 0.029426 0.18 21.54 277.6
-357.0 0.028129 0.025181 0.18 23.18 306.67
-358.0 0.028134 0.017797 0.18 24.76 307.27
-359.0 0.028122 0.00826 0.18 26.63 259.31
-360.0 0.028152 0.014564 0.18 28.4 211.61
-361.0 0.028116 0.02211 0.17 29.81 227.24
-362.0 0.02817 0.031245 0.17 31.21 232.25
-363.0 0.028115 0.02489 0.17 33.05 226.0
-364.0 0.02814 0.012404 0.17 35.26 240.44
-365.0 0.028141 0.009494 0.16 37.04 186.99
-366.0 0.028122 0.020669 0.16 39.09 194.93
-367.0 0.028137 0.034547 0.16 41.38 178.18
-368.0 0.02822 0.018527 0.15 43.44 154.69
-369.0 0.028261 0.014068 0.15 45.48 203.28
-370.0 0.028179 0.024191 0.15 47.41 151.11
-371.0 0.02819 0.031025 0.14 49.49 132.44
-372.0 0.028254 0.013755 0.14 51.35 154.92
-373.0 0.028172 0.028318 0.14 53.49 168.96
-374.0 0.028202 0.025241 0.13 55.74 156.81
-375.0 0.028249 0.010732 0.13 57.84 194.45
-376.0 0.028163 0.027179 0.13 60.19 191.84
-377.0 0.028193 0.024401 0.12 62.86 166.93
-378.0 0.02816 0.028302 0.12 65.19 142.65
-379.0 0.028197 0.02214 0.12 68.05 102.12
-380.0 0.02817 0.013536 0.11 70.57 111.22
-381.0 0.028134 0.021227 0.11 73.43 112.88
-382.0 0.028154 0.012945 0.11 76.05 152.37
-383.0 0.028145 0.014134 0.1 78.77 94.52
-384.0 0.028125 0.025592 0.1 82.13 110.84
-385.0 0.028139 0.01881 0.09 85.23 99.14
-386.0 0.028152 0.025985 0.09 88.59 100.93
-387.0 0.028137 0.02041 0.09 92.11 69.79
-388.0 0.028183 0.028875 0.08 95.61 64.69
-389.0 0.028227 0.027615 0.08 99.44 50.93
-390.0 0.028265 0.013746 0.07 103.47 26.76
-391.0 0.028185 0.031977 0.07 108.77 47.11
-392.0 0.028145 0.035929 0.07 113.2 30.12
-393.0 0.028168 0.034811 0.06 118.07 13.61
-394.0 0.028238 0.022317 0.06 123.47 2.44
-395.0 0.028261 0.009445 0.06 131.14 321.47
-396.0 0.028276 0.008706 0.05 137.1 308.17
-397.0 0.028231 0.011462 0.05 145.01 267.26
-398.0 0.028167 0.020793 0.05 152.76 197.06
-399.0 0.028164 0.024377 0.05 160.01 177.2
-400.0 0.028163 0.014412 0.05 167.62 161.73
-401.0 0.028161 0.017482 0.05 174.62 160.71
-402.0 0.028127 0.024693 0.05 182.31 147.68
-403.0 0.028126 0.007918 0.05 190.68 148.87
-404.0 0.028131 0.021309 0.05 197.72 169.88
-405.0 0.028164 0.015928 0.05 204.65 156.9
-406.0 0.028161 0.022287 0.05 211.24 165.46
-407.0 0.028158 0.026353 0.06 216.88 148.48
-408.0 0.028188 0.027002 0.06 222.6 118.43
-409.0 0.028142 0.016878 0.06 228.22 87.14
-410.0 0.028212 0.020436 0.06 232.85 73.57
-411.0 0.028145 0.030238 0.07 238.63 52.21
-412.0 0.028154 0.028467 0.07 243.11 19.82
-413.0 0.028252 0.027107 0.07 246.85 340.34
-414.0 0.028284 0.013859 0.08 251.24 277.81
-415.0 0.028234 0.025114 0.08 254.86 308.41
-416.0 0.028186 0.037752 0.08 258.15 293.63
-417.0 0.028216 0.027613 0.09 261.71 277.21
-418.0 0.02812 0.02506 0.09 264.46 284.16
-419.0 0.028193 0.034939 0.09 267.48 289.71
-420.0 0.028258 0.026714 0.1 270.15 288.78
-421.0 0.028198 0.027735 0.1 272.97 292.19
-422.0 0.0282 0.029487 0.1 275.05 301.02
-423.0 0.028263 0.027193 0.11 277.12 296.73
-424.0 0.028203 0.023515 0.11 279.72 323.37
-425.0 0.0282 0.021215 0.11 281.42 341.44
-426.0 0.028249 0.01515 0.11 283.53 339.13
-427.0 0.028191 0.019251 0.12 285.26 34.91
-428.0 0.028235 0.01889 0.12 287.38 42.34
-429.0 0.028252 0.018025 0.12 289.43 86.47
-430.0 0.028173 0.030923 0.12 291.13 82.63
-431.0 0.028252 0.027975 0.13 293.24 85.33
-432.0 0.028206 0.03226 0.13 295.15 111.63
-433.0 0.028163 0.04112 0.13 297.3 106.71
-434.0 0.028268 0.031483 0.13 299.02 105.81
-435.0 0.028167 0.040826 0.13 300.94 119.65
-436.0 0.028209 0.040532 0.14 302.86 114.76
-437.0 0.028255 0.027994 0.14 304.59 121.61
-438.0 0.028142 0.036195 0.14 306.54 128.32
-439.0 0.028229 0.028331 0.14 308.76 113.73
-440.0 0.028233 0.023069 0.14 310.67 116.64
-441.0 0.028193 0.028043 0.14 312.52 121.64
-442.0 0.028244 0.018922 0.15 314.39 118.7
-443.0 0.02821 0.009357 0.15 316.05 141.97
-444.0 0.02819 0.016977 0.15 317.74 193.79
-445.0 0.028241 0.008536 0.15 319.73 209.67
-446.0 0.028226 0.009616 0.15 321.37 246.09
-447.0 0.028172 0.026579 0.15 322.99 234.08
-448.0 0.028246 0.022581 0.15 324.65 246.44
-449.0 0.028248 0.018217 0.15 326.29 272.85
-450.0 0.028182 0.03632 0.15 327.64 260.59
-451.0 0.028243 0.030548 0.15 329.02 264.31
-452.0 0.028247 0.024914 0.15 330.51 287.42
-453.0 0.028199 0.038039 0.15 332.12 293.01
-454.0 0.028259 0.022038 0.15 333.35 282.34
-455.0 0.02821 0.026112 0.15 334.68 320.91
-456.0 0.028217 0.02966 0.15 336.14 322.26
-457.0 0.028271 0.018442 0.15 337.31 355.67
-458.0 0.028196 0.029808 0.15 338.59 356.98
-459.0 0.028238 0.022545 0.15 339.72 16.99
-460.0 0.028235 0.032153 0.15 340.92 42.82
-461.0 0.028209 0.037677 0.15 342.04 42.56
-462.0 0.028249 0.029918 0.15 343.3 64.24
-463.0 0.028212 0.039023 0.15 344.78 66.75
-464.0 0.028212 0.038982 0.15 346.15 78.26
-465.0 0.028266 0.035927 0.15 347.21 89.9
-466.0 0.028214 0.036439 0.15 348.81 89.94
-467.0 0.028239 0.030362 0.15 350.01 102.19
-468.0 0.028251 0.028085 0.15 351.1 103.96
-469.0 0.02818 0.022191 0.15 352.6 121.82
-470.0 0.02824 0.015189 0.15 353.59 135.2
-471.0 0.028224 0.011958 0.15 354.68 148.87
-472.0 0.028208 0.011825 0.15 355.64 193.07
-473.0 0.028241 0.014551 0.15 357.15 233.82
-474.0 0.028224 0.019183 0.15 358.15 256.4
-475.0 0.028215 0.028802 0.15 359.38 268.18
-476.0 0.028252 0.025999 0.15 1.13 276.27
-477.0 0.028213 0.040427 0.15 2.23 286.86
-478.0 0.02821 0.044627 0.15 3.73 293.43
-479.0 0.028264 0.034315 0.15 5.0 300.85
-480.0 0.028186 0.045905 0.15 6.6 308.99
-481.0 0.028224 0.044284 0.14 7.84 309.8
-482.0 0.028246 0.030483 0.14 9.1 322.86
-483.0 0.028201 0.042475 0.14 10.5 333.22
-484.0 0.028248 0.02578 0.14 12.16 322.48
-485.0 0.028229 0.02989 0.14 13.42 355.46
-486.0 0.02821 0.028618 0.14 15.08 348.42
-487.0 0.028253 0.016203 0.14 16.73 22.23
-488.0 0.02819 0.031757 0.14 18.05 24.78
-489.0 0.028257 0.014153 0.14 20.06 22.68
-490.0 0.028226 0.025322 0.14 21.66 61.36
-491.0 0.0282 0.029876 0.13 23.33 59.54
-492.0 0.028258 0.01805 0.13 25.04 95.73
-493.0 0.028214 0.030355 0.13 27.23 99.81
-494.0 0.0282 0.025419 0.13 29.18 111.24
-495.0 0.028252 0.019934 0.13 30.59 134.23
-496.0 0.0282 0.020518 0.13 32.91 139.41
-497.0 0.028221 0.019259 0.12 34.88 166.71
-498.0 0.028247 0.01728 0.12 36.93 185.5
-499.0 0.028202 0.024164 0.12 38.99 195.64
-500.0 0.028241 0.025737 0.12 41.03 222.4
-501.0 0.02823 0.026726 0.12 43.08 218.18
-502.0 0.028211 0.033167 0.11 44.83 229.31
-503.0 0.028245 0.032834 0.11 47.64 246.34
-504.0 0.028226 0.038263 0.11 49.76 238.78
-505.0 0.028219 0.031392 0.11 52.13 236.34
-506.0 0.028255 0.025716 0.1 55.12 244.12
-507.0 0.028238 0.026378 0.1 58.59 216.65
-508.0 0.028113 0.02793 0.1 62.34 208.96
-509.0 0.028106 0.023972 0.1 65.95 221.75
-510.0 0.028142 0.021332 0.1 69.34 174.51
-511.0 0.028166 0.024345 0.09 72.54 183.13
-512.0 0.028159 0.029765 0.09 76.09 167.57
-513.0 0.028172 0.025867 0.09 79.9 135.01
-514.0 0.0281 0.01718 0.08 83.26 158.84
-515.0 0.028148 0.030593 0.08 87.21 142.49
-516.0 0.028154 0.026001 0.08 91.25 138.92
-517.0 0.028182 0.028762 0.08 96.42 126.07
-518.0 0.028193 0.020439 0.07 101.05 105.44
-519.0 0.028131 0.024214 0.07 105.32 135.76
-520.0 0.028117 0.026392 0.07 110.96 157.43
-521.0 0.028171 0.03666 0.07 117.17 161.28
-522.0 0.028153 0.038474 0.07 123.11 136.28
-523.0 0.028127 0.032175 0.06 128.49 120.31
-524.0 0.028156 0.029934 0.06 135.73 97.64
-525.0 0.028239 0.026692 0.06 141.93 92.93
-526.0 0.028272 0.027489 0.06 147.96 79.46
-527.0 0.028165 0.034161 0.06 154.63 60.92
-528.0 0.028231 0.032009 0.06 160.62 67.7
-529.0 0.028244 0.034078 0.06 166.42 62.02
-530.0 0.028149 0.039166 0.06 172.02 57.64
-531.0 0.028254 0.029446 0.07 178.34 56.58
-532.0 0.028223 0.036037 0.07 184.21 40.02
-533.0 0.028148 0.038986 0.07 190.01 33.7
-534.0 0.028177 0.042663 0.07 195.17 15.9
-535.0 0.028183 0.045943 0.08 200.17 8.43
-536.0 0.028159 0.041369 0.08 205.49 340.05
-537.0 0.028232 0.030196 0.08 209.99 332.32
-538.0 0.028197 0.028401 0.08 214.58 315.81
-539.0 0.02822 0.036535 0.09 218.94 311.58
-540.0 0.028217 0.015888 0.09 223.01 299.66
-541.0 0.028221 0.023438 0.09 226.68 284.01
-542.0 0.028194 0.026246 0.1 230.61 294.99
-543.0 0.028219 0.016238 0.1 233.98 256.84
-544.0 0.028191 0.027947 0.1 237.1 282.98
-545.0 0.028215 0.022857 0.11 240.3 261.92
-546.0 0.028181 0.018224 0.11 243.22 258.36
-547.0 0.028194 0.015002 0.11 246.25 261.86
-548.0 0.028194 0.015024 0.12 249.14 259.57
-549.0 0.028175 0.015746 0.12 252.15 217.97
-550.0 0.028157 0.005891 0.12 254.87 194.04
-551.0 0.028168 0.004864 0.13 257.88 291.99
-552.0 0.028115 0.014411 0.13 260.54 281.71
-553.0 0.028124 0.031014 0.14 263.12 255.24
-554.0 0.02823 0.026275 0.14 265.36 252.5
-555.0 0.028273 0.021547 0.14 267.77 278.05
-556.0 0.028234 0.030042 0.14 270.56 230.67
-557.0 0.028185 0.034862 0.15 273.26 214.81
-558.0 0.028121 0.02863 0.15 275.5 198.63
-559.0 0.02817 0.036957 0.15 277.84 183.38
-560.0 0.028181 0.039179 0.15 280.07 168.43
-561.0 0.028201 0.033859 0.16 282.12 156.05
-562.0 0.028157 0.025192 0.16 284.33 145.08
-563.0 0.028138 0.028143 0.16 286.34 163.61
-564.0 0.028171 0.021604 0.16 288.8 133.82
-565.0 0.028135 0.022281 0.16 290.55 147.98
-566.0 0.028125 0.024885 0.17 292.32 189.87
-567.0 0.028161 0.023364 0.17 294.16 166.44
-568.0 0.028211 0.014345 0.17 296.21 168.04
-569.0 0.028276 0.003322 0.17 298.4 237.95
-570.0 0.028247 0.007873 0.17 300.31 175.74
-571.0 0.028171 0.02103 0.17 302.01 136.46
-572.0 0.028188 0.020147 0.17 303.56 157.68
-573.0 0.028246 0.012047 0.17 305.49 141.03
-574.0 0.02824 0.018414 0.17 307.16 164.18
-575.0 0.028179 0.033631 0.17 308.67 144.45
-576.0 0.028137 0.03641 0.17 310.43 115.05
-577.0 0.028149 0.038909 0.17 312.09 102.24
-578.0 0.028253 0.025777 0.17 313.54 101.9
-579.0 0.028158 0.029607 0.17 315.13 81.45
-580.0 0.028173 0.032962 0.17 316.7 66.9
-581.0 0.028147 0.031542 0.17 318.44 27.66
-582.0 0.028175 0.032481 0.17 319.97 27.37
-583.0 0.028182 0.038018 0.17 321.3 25.72
-584.0 0.02817 0.031596 0.17 322.88 350.94
-585.0 0.028211 0.028614 0.17 324.22 334.68
-586.0 0.028196 0.035482 0.17 325.45 335.84
-587.0 0.02821 0.0378 0.17 326.91 330.85
-588.0 0.028221 0.030887 0.17 328.21 320.61
-589.0 0.02817 0.036667 0.17 329.43 318.13
-590.0 0.028167 0.034414 0.17 330.76 302.22
-591.0 0.028212 0.028115 0.17 331.95 280.21
-592.0 0.028152 0.03008 0.17 333.2 281.6
-593.0 0.028182 0.030825 0.17 334.34 279.25
-594.0 0.028152 0.033082 0.17 335.48 266.31
-595.0 0.028183 0.0262 0.17 336.64 235.69
-596.0 0.028113 0.015503 0.16 337.67 260.1
-597.0 0.028102 0.018784 0.16 338.72 269.7
-598.0 0.028123 0.007744 0.16 339.8 256.54
-599.0 0.028132 0.012833 0.16 340.82 246.72
-600.0 0.028194 0.001825 0.16 341.74 183.94
-601.0 0.028185 0.001533 0.16 342.74 8.38
-602.0 0.02819 0.011 0.16 343.75 302.8
-603.0 0.02815 0.020366 0.16 344.7 293.72
-604.0 0.028164 0.015354 0.16 345.72 286.43
-605.0 0.028098 0.015454 0.16 346.54 255.26
-606.0 0.028088 0.014552 0.16 347.41 223.17
-607.0 0.028138 0.019734 0.16 348.5 280.83
-608.0 0.028134 0.022755 0.16 349.37 257.31
-609.0 0.028138 0.028342 0.15 350.35 247.52
-610.0 0.028164 0.030679 0.15 351.29 240.7
-611.0 0.028196 0.026438 0.15 352.08 228.9
-612.0 0.028159 0.033059 0.15 353.12 221.15
-613.0 0.02818 0.041426 0.15 354.15 207.9
-614.0 0.028196 0.037224 0.15 355.06 204.0
-615.0 0.02818 0.039723 0.15 356.08 210.64
-616.0 0.028147 0.038815 0.15 357.13 189.1
-617.0 0.028173 0.035832 0.15 358.18 172.06
-618.0 0.028159 0.036768 0.15 359.21 170.95
-619.0 0.028124 0.038228 0.15 0.22 173.58
-620.0 0.028146 0.045254 0.15 1.31 145.89
-621.0 0.028143 0.042368 0.14 2.38 135.33
-622.0 0.028167 0.034945 0.14 3.67 122.89
-623.0 0.028142 0.034934 0.14 4.78 125.51
-624.0 0.028147 0.04057 0.14 5.87 125.27
-625.0 0.02815 0.035697 0.14 7.35 99.83
-626.0 0.028156 0.0335 0.14 8.61 89.8
-627.0 0.028188 0.028326 0.14 9.79 84.94
-628.0 0.028187 0.027959 0.14 11.21 74.71
-629.0 0.028177 0.028135 0.13 12.48 61.81
-630.0 0.028196 0.024249 0.13 13.65 55.08
-631.0 0.028172 0.023868 0.13 15.09 69.44
-632.0 0.02817 0.02561 0.13 16.41 52.26
-633.0 0.028194 0.019748 0.13 17.73 39.03
-634.0 0.028177 0.017335 0.13 19.25 43.37
-635.0 0.028185 0.017324 0.12 20.76 32.07
-636.0 0.028184 0.013057 0.12 22.09 14.52
-637.0 0.028204 0.012949 0.12 23.64 14.88
-638.0 0.028189 0.015177 0.12 25.28 351.05
-639.0 0.028193 0.007894 0.11 26.79 342.6
-640.0 0.028186 0.012901 0.11 28.32 15.41
-641.0 0.028196 0.012052 0.11 29.8 327.83
-642.0 0.028197 0.007365 0.1 31.46 347.01
-643.0 0.028192 0.009795 0.1 33.3 326.99
-644.0 0.028199 0.007317 0.1 34.86 283.29
-645.0 0.028177 0.005119 0.1 36.56 27.14
-646.0 0.028168 0.007918 0.09 38.29 308.58
-647.0 0.028161 0.004832 0.09 40.17 118.1
-648.0 0.028178 0.007026 0.09 41.9 90.44
-649.0 0.028184 0.004062 0.08 43.72 163.66
-650.0 0.0282 0.009954 0.08 46.05 121.45
-651.0 0.028178 0.011847 0.07 48.06 67.77
-652.0 0.028202 0.012324 0.07 49.95 95.05
-653.0 0.02819 0.017581 0.07 52.12 94.74
-654.0 0.028177 0.013375 0.06 54.53 71.14
-655.0 0.0282 0.014692 0.06 57.04 83.52
-656.0 0.028184 0.015551 0.05 59.46 53.11
-657.0 0.02822 0.009401 0.05 61.89 49.76
-658.0 0.028217 0.020241 0.05 64.94 57.39
-659.0 0.028206 0.015265 0.04 68.85 28.1
-660.0 0.028222 0.009349 0.04 72.44 20.79
-661.0 0.028162 0.016513 0.03 76.53 22.03
-662.0 0.028182 0.020545 0.03 82.18 347.32
-663.0 0.028179 0.02034 0.02 89.87 335.43
-664.0 0.028174 0.025263 0.02 98.22 333.03
-665.0 0.028197 0.026852 0.02 110.71 305.13
-666.0 0.028184 0.022911 0.01 131.35 263.04
-667.0 0.028184 0.022877 0.01 154.72 236.08
-668.0 0.028132 0.025231 0.02 179.53 188.91
-669.0 0.028153 0.035861 0.02 197.47 166.28
-670.0 0.028093 0.022685 0.02 211.0 126.9
-671.0 0.028113 0.020791 0.03 220.73 136.11
-672.0 0.028193 0.02257 0.03 227.77 126.37
-673.0 0.028176 0.021759 0.04 233.18 112.2
-674.0 0.02816 0.029325 0.04 237.32 104.51
-675.0 0.028181 0.03287 0.05 241.53 93.75
-676.0 0.028176 0.03059 0.05 245.29 82.5
-677.0 0.028204 0.026507 0.06 248.42 83.36
-678.0 0.028156 0.02897 0.06 251.57 65.76
-679.0 0.028138 0.032769 0.07 254.51 40.64
-680.0 0.028173 0.032157 0.07 257.46 28.69
-681.0 0.028193 0.032238 0.08 259.9 40.16
-682.0 0.028157 0.03108 0.08 262.23 23.14
-683.0 0.028188 0.031886 0.09 265.08 1.58
-684.0 0.028215 0.026468 0.09 266.99 359.33
-685.0 0.028169 0.030389 0.1 269.05 340.52
-686.0 0.02819 0.032196 0.1 271.32 320.74
-687.0 0.02818 0.030962 0.11 273.51 316.4
-688.0 0.028152 0.035036 0.11 275.65 311.52
-689.0 0.028152 0.034518 0.12 277.66 303.67
-690.0 0.028183 0.03193 0.12 279.97 283.0
-691.0 0.028161 0.031665 0.13 281.86 268.2
-692.0 0.028147 0.024978 0.13 284.03 266.47
-693.0 0.028124 0.023322 0.14 285.79 269.59
-694.0 0.028144 0.025777 0.14 287.83 253.63
-695.0 0.028142 0.026834 0.15 289.85 240.35
-696.0 0.028127 0.023158 0.15 291.88 238.77
-697.0 0.028133 0.02242 0.16 293.93 215.69
-698.0 0.028142 0.016027 0.16 295.93 202.49
-699.0 0.028152 0.019347 0.16 297.77 195.52
-700.0 0.028145 0.013969 0.17 299.81 190.43
-701.0 0.028067 0.016471 0.17 301.69 214.16
-702.0 0.028126 0.02449 0.18 303.72 207.33
-703.0 0.028095 0.028125 0.18 305.51 219.56
-704.0 0.028105 0.036912 0.18 307.26 228.2
-705.0 0.028097 0.034372 0.19 309.21 227.93
-706.0 0.028108 0.035549 0.19 311.0 243.06
-707.0 0.028106 0.033961 0.19 312.94 240.86
-708.0 0.028104 0.02573 0.2 314.82 246.76
-709.0 0.028142 0.027245 0.2 316.56 263.99
-710.0 0.028059 0.018407 0.2 318.45 233.52
-711.0 0.028131 0.02432 0.21 320.34 247.89
-712.0 0.028099 0.020819 0.21 322.09 253.33
-713.0 0.028056 0.016441 0.21 324.2 215.96
-714.0 0.028114 0.029022 0.21 326.28 218.13
-715.0 0.028111 0.024743 0.21 328.06 218.92
-716.0 0.028065 0.0159 0.22 329.89 195.51
-717.0 0.02813 0.028908 0.22 331.84 213.5
-718.0 0.028059 0.022068 0.22 333.62 200.14
-719.0 0.0281 0.021792 0.22 335.43 213.68
-720.0 0.028096 0.01903 0.22 337.11 228.19
-721.0 0.028044 0.013728 0.22 338.92 174.31
-722.0 0.02809 0.022859 0.22 340.9 184.17
-723.0 0.028128 0.026448 0.22 342.8 188.99
-724.0 0.028145 0.027902 0.22 344.56 186.14
-725.0 0.028135 0.033701 0.22 346.3 171.73
-726.0 0.028166 0.033395 0.22 348.08 159.1
-727.0 0.028131 0.035949 0.22 349.9 143.51
-728.0 0.02815 0.034232 0.22 351.68 135.78
-729.0 0.028151 0.031176 0.22 353.64 113.61
-730.0 0.028174 0.035509 0.22 355.45 110.39
-731.0 0.028134 0.034863 0.22 357.21 113.61
-732.0 0.028101 0.033266 0.22 359.1 96.44
-733.0 0.028091 0.037542 0.22 0.94 86.41
-734.0 0.02807 0.028242 0.22 2.62 93.39
-735.0 0.028123 0.041803 0.22 4.24 95.93
-736.0 0.028062 0.025672 0.22 5.93 87.61
-737.0 0.028129 0.034599 0.22 7.5 102.25
-738.0 0.028081 0.028481 0.22 9.29 88.89
-739.0 0.028079 0.02414 0.22 10.95 96.28
-740.0 0.028114 0.03414 0.21 12.56 104.21
-741.0 0.028049 0.020763 0.21 14.24 84.06
-742.0 0.028133 0.027836 0.21 15.82 107.89
-743.0 0.028061 0.02354 0.21 17.71 83.78
-744.0 0.028075 0.016553 0.21 19.41 88.41
-745.0 0.028132 0.024033 0.21 21.02 111.34
-746.0 0.028132 0.02832 0.21 22.92 85.34
-747.0 0.028132 0.031055 0.2 24.66 82.5
-748.0 0.028131 0.029806 0.2 26.46 69.74
-749.0 0.0281 0.034811 0.2 28.32 50.74
-750.0 0.028092 0.032184 0.2 30.12 35.21
-751.0 0.028118 0.041191 0.2 31.88 29.41
-752.0 0.028071 0.03251 0.19 33.72 6.63
-753.0 0.028103 0.025438 0.19 35.59 328.17
-754.0 0.028075 0.026549 0.19 37.29 335.82
-755.0 0.028088 0.014433 0.19 39.05 353.43
-756.0 0.028109 0.011041 0.18 40.87 343.76
-757.0 0.0281 0.014256 0.18 42.64 325.11
-758.0 0.0281 0.018722 0.18 44.47 6.65
-759.0 0.028104 0.015566 0.17 46.24 2.09
-760.0 0.028104 0.014949 0.17 48.07 347.82
-761.0 0.028119 0.020156 0.17 49.95 16.18
-762.0 0.028078 0.022386 0.17 51.81 336.95
-763.0 0.028104 0.035179 0.16 53.81 319.82
-764.0 0.028103 0.034752 0.16 55.69 326.84
-765.0 0.028111 0.032413 0.16 57.86 291.41
-766.0 0.028123 0.028189 0.15 59.78 296.44
-767.0 0.028142 0.025895 0.15 61.89 280.02
-768.0 0.028157 0.027655 0.15 63.95 278.46
-769.0 0.028167 0.029918 0.14 66.06 274.32
-770.0 0.028165 0.027286 0.14 68.07 262.65
-771.0 0.028177 0.026144 0.14 70.3 245.98
-772.0 0.028153 0.025077 0.14 72.45 243.49
-773.0 0.02813 0.023075 0.13 74.71 245.44
-774.0 0.02813 0.023286 0.13 76.96 237.44
-775.0 0.028154 0.020075 0.13 79.18 216.37
-776.0 0.028094 0.00924 0.12 82.28 247.57
-777.0 0.028085 0.015929 0.12 85.0 252.44
-778.0 0.028161 0.003336 0.12 87.66 145.05
-779.0 0.028173 0.005179 0.11 90.25 11.03
-780.0 0.028151 0.009185 0.11 93.26 354.47
-781.0 0.028146 0.005197 0.11 96.11 314.71
-782.0 0.028082 0.012159 0.1 98.74 273.21
-783.0 0.028087 0.008377 0.1 101.81 239.35
-784.0 0.02815 0.004097 0.1 105.28 74.13
-785.0 0.028163 0.007108 0.09 108.79 333.82
-786.0 0.028136 0.010182 0.09 112.41 322.36
-787.0 0.028156 0.011981 0.09 116.06 297.32
-788.0 0.028129 0.011617 0.09 119.75 281.55
-789.0 0.028085 0.01966 0.08 124.72 217.9
-790.0 0.028063 0.020308 0.08 129.46 178.28
-791.0 0.028097 0.023487 0.08 134.34 193.93
-792.0 0.028121 0.033678 0.08 139.18 159.45
-793.0 0.028123 0.033738 0.07 144.04 147.32
-794.0 0.028147 0.031586 0.07 149.69 110.63
-795.0 0.028125 0.027067 0.07 155.25 99.94
-796.0 0.028138 0.021492 0.07 160.57 95.34
-797.0 0.02814 0.024908 0.07 166.19 82.17
-798.0 0.02813 0.028326 0.07 171.76 70.25
-799.0 0.028168 0.025222 0.07 177.38 36.6
-800.0 0.028065 0.016541 0.07 183.42 57.84
-801.0 0.028127 0.027023 0.07 189.49 33.87
-802.0 0.028123 0.021753 0.07 194.9 27.78
-803.0 0.028145 0.020215 0.07 200.38 14.83
-804.0 0.028122 0.020664 0.07 205.88 5.89
-805.0 0.02818 0.018778 0.07 211.01 319.92
-806.0 0.028169 0.022119 0.07 216.09 301.98
-807.0 0.028168 0.015965 0.07 221.13 270.33
-808.0 0.028149 0.015329 0.08 225.91 245.54
-809.0 0.028159 0.011329 0.08 230.51 246.98
-810.0 0.028174 0.014325 0.08 235.17 228.26
-811.0 0.028136 0.015441 0.08 239.15 211.11
-812.0 0.028155 0.01614 0.08 243.44 179.35
-813.0 0.02813 0.015144 0.09 247.27 163.6
-814.0 0.028121 0.009884 0.09 250.93 143.14
-815.0 0.028141 0.013445 0.09 254.41 131.84
-816.0 0.028143 0.016184 0.1 257.92 137.43
-817.0 0.028137 0.020392 0.1 261.36 121.36
-818.0 0.02813 0.019982 0.1 264.46 115.3
-819.0 0.028121 0.020677 0.1 267.63 93.72
-820.0 0.028124 0.018338 0.11 270.74 87.49
-821.0 0.028126 0.018745 0.11 273.7 77.11
-822.0 0.028138 0.014313 0.11 276.6 69.47
-823.0 0.028124 0.019835 0.11 279.5 61.54
-824.0 0.028133 0.021015 0.11 282.38 42.34
-825.0 0.028136 0.026058 0.12 285.0 36.16
-826.0 0.028137 0.024941 0.12 287.72 23.02
-827.0 0.028141 0.02469 0.12 290.16 18.32
-828.0 0.028123 0.024633 0.12 292.77 358.52
-829.0 0.028118 0.019224 0.12 295.13 338.67
-830.0 0.028108 0.017205 0.12 297.39 347.96
-831.0 0.028122 0.018148 0.13 299.78 338.55
-832.0 0.028133 0.016711 0.13 302.08 341.78
-833.0 0.028124 0.019084 0.13 304.41 322.97
-834.0 0.028115 0.017498 0.13 306.62 307.14
-835.0 0.02811 0.019548 0.13 308.9 299.58
-836.0 0.028096 0.018383 0.13 310.95 285.88
-837.0 0.028121 0.019039 0.13 313.11 270.47
-838.0 0.028077 0.007048 0.13 315.0 285.14
-839.0 0.028119 0.009953 0.13 316.88 203.51
-840.0 0.028115 0.008218 0.13 318.96 172.26
-841.0 0.02814 0.006318 0.13 320.92 135.92
-842.0 0.028098 0.005168 0.13 323.01 27.59
-843.0 0.028097 0.006878 0.13 324.78 82.42
-844.0 0.028084 0.014663 0.13 326.74 354.79
-845.0 0.028102 0.017997 0.13 328.56 9.81
-846.0 0.028092 0.014564 0.13 330.22 310.92
-847.0 0.028117 0.023662 0.13 331.77 306.68
-848.0 0.028101 0.013739 0.13 333.51 289.18
-849.0 0.028102 0.022038 0.13 335.19 284.58
-850.0 0.028076 0.007553 0.13 336.68 279.25
-851.0 0.028117 0.008108 0.13 338.11 116.47
-852.0 0.028085 0.002222 0.13 339.51 314.06
-853.0 0.0281 0.018392 0.13 340.82 334.4
-854.0 0.028094 0.014683 0.12 342.3 337.98
-855.0 0.02807 0.008056 0.12 343.79 257.28
-856.0 0.028123 0.015721 0.12 344.99 205.07
-857.0 0.028116 0.008344 0.12 346.34 200.23
-858.0 0.0281 0.010074 0.12 347.54 196.26
-859.0 0.028102 0.01152 0.12 348.75 175.42
-860.0 0.028113 0.011671 0.12 349.93 162.36
-861.0 0.028115 0.012168 0.12 350.98 136.44
-862.0 0.028113 0.011912 0.11 352.11 103.76
-863.0 0.028106 0.009588 0.11 353.13 76.7
-864.0 0.028099 0.009569 0.11 354.05 78.3
-865.0 0.028106 0.013636 0.11 354.91 65.12
-866.0 0.028116 0.016855 0.11 355.71 34.86
-867.0 0.028105 0.00957 0.11 356.47 352.27
-868.0 0.028098 0.012885 0.11 357.18 13.82
-869.0 0.028093 0.009727 0.1 357.85 298.47
-870.0 0.02809 0.014223 0.1 358.62 309.31
-871.0 0.02808 0.004781 0.1 359.07 212.62
-872.0 0.028106 0.011958 0.1 359.65 226.25
-873.0 0.028077 0.005464 0.1 0.06 346.25
-874.0 0.028106 0.016676 0.1 0.55 26.76
-875.0 0.028093 0.006412 0.1 1.05 25.19
-876.0 0.028083 0.01261 0.1 1.58 301.46
-877.0 0.028101 0.011649 0.1 2.07 336.94
-878.0 0.028108 0.009711 0.1 2.31 268.13
-879.0 0.028107 0.009098 0.1 2.78 267.96
-880.0 0.028093 0.00976 0.09 3.26 258.74
-881.0 0.028098 0.014144 0.09 3.7 211.72
-882.0 0.02809 0.006874 0.09 4.26 236.98
-883.0 0.028112 0.014006 0.09 4.8 165.26
-884.0 0.028103 0.01195 0.09 5.45 154.98
-885.0 0.0281 0.010521 0.09 6.15 148.84
-886.0 0.028125 0.01376 0.09 6.8 102.63
-887.0 0.028109 0.010766 0.09 7.42 80.61
-888.0 0.028101 0.01154 0.09 8.32 74.7
-889.0 0.028118 0.016463 0.09 9.14 45.09
-890.0 0.028097 0.009539 0.09 10.06 5.53
-891.0 0.028093 0.012922 0.09 11.11 16.5
-892.0 0.028113 0.019326 0.09 12.25 343.27
-893.0 0.028112 0.014485 0.09 13.4 314.31
-894.0 0.028106 0.010398 0.09 14.54 313.65
-895.0 0.028114 0.013841 0.09 15.78 297.2
-896.0 0.028117 0.01287 0.09 17.12 270.01
-897.0 0.028139 0.014045 0.09 18.65 278.08
-898.0 0.028121 0.013979 0.09 20.07 270.78
-899.0 0.028139 0.012132 0.09 21.6 284.18
-900.0 0.028128 0.013189 0.09 23.38 265.9
-901.0 0.028133 0.017002 0.09 25.13 256.98
-902.0 0.028126 0.018169 0.09 26.98 246.5
-903.0 0.02814 0.014669 0.09 29.02 230.39
-904.0 0.028122 0.016213 0.09 31.04 218.28
-905.0 0.028128 0.014134 0.08 32.99 223.65
-906.0 0.028128 0.0177 0.08 35.19 213.32
-907.0 0.028131 0.015961 0.08 37.48 215.47
-908.0 0.028124 0.018141 0.08 39.7 213.58
-909.0 0.028116 0.015718 0.08 42.22 197.38
-910.0 0.028108 0.016446 0.08 44.89 191.44
-911.0 0.028106 0.021794 0.08 47.58 169.99
-912.0 0.028089 0.017698 0.07 50.34 135.38
-913.0 0.028108 0.013766 0.07 53.46 145.31
-914.0 0.028105 0.01897 0.07 56.42 125.39
-915.0 0.028105 0.015258 0.07 59.99 86.37
-916.0 0.028103 0.010273 0.07 63.3 79.43
-917.0 0.028115 0.010689 0.07 67.02 86.05
-918.0 0.028111 0.012674 0.06 70.81 47.2
-919.0 0.02811 0.009814 0.06 75.03 349.97
-920.0 0.02811 0.003962 0.06 79.21 325.26
-921.0 0.02812 0.003383 0.06 83.67 11.92
-922.0 0.028115 0.003164 0.06 88.56 289.95
-923.0 0.028134 0.002259 0.06 93.66 162.25
-924.0 0.028128 0.003119 0.06 99.06 258.52
-925.0 0.02813 0.003432 0.05 104.29 226.96
-926.0 0.028124 0.003004 0.05 110.29 234.3
-927.0 0.02811 0.004505 0.05 116.12 197.58
-928.0 0.028102 0.002485 0.05 122.41 177.1
-929.0 0.028112 0.009464 0.05 128.34 167.14
-930.0 0.028123 0.011202 0.05 134.63 131.75
-931.0 0.028106 0.010733 0.05 141.48 93.44
-932.0 0.028092 0.007787 0.05 147.8 80.98
-933.0 0.02811 0.016076 0.06 154.18 86.12
-934.0 0.028107 0.015816 0.06 160.64 34.41
-935.0 0.028088 0.011054 0.06 166.29 25.59
-936.0 0.028116 0.018256 0.06 171.69 2.77
-937.0 0.028097 0.014754 0.06 177.07 336.05
-938.0 0.028093 0.014591 0.07 182.63 324.95
-939.0 0.028117 0.016948 0.07 187.58 300.31
-940.0 0.028113 0.013901 0.07 192.43 267.04
-941.0 0.028105 0.012845 0.08 197.0 255.91
-942.0 0.028116 0.011823 0.08 201.22 229.77
-943.0 0.028127 0.010062 0.09 205.48 213.12
-944.0 0.02813 0.012363 0.09 209.45 193.16
-945.0 0.028139 0.009422 0.09 213.18 180.96
-946.0 0.028124 0.009957 0.1 216.77 176.51
-947.0 0.028114 0.006305 0.1 220.37 169.27
-948.0 0.02811 0.006345 0.11 223.62 193.69
-949.0 0.028115 0.011561 0.11 226.7 173.23
-950.0 0.028128 0.012624 0.11 230.0 134.39
-951.0 0.02813 0.009571 0.12 233.05 127.99
-952.0 0.02814 0.013724 0.12 236.04 110.51
-953.0 0.02815 0.010434 0.13 239.03 98.08
-954.0 0.028134 0.010158 0.13 241.79 87.18
-955.0 0.02813 0.00628 0.14 244.66 76.26
-956.0 0.028138 0.006751 0.14 247.34 93.8
-957.0 0.028127 0.003406 0.14 249.91 76.52
-958.0 0.028143 0.009483 0.15 252.63 65.57
-959.0 0.028155 0.010168 0.15 255.15 41.55
-960.0 0.028129 0.011888 0.16 257.66 31.49
-961.0 0.02813 0.009583 0.16 260.2 358.61
-962.0 0.028134 0.008415 0.16 262.6 352.45
-963.0 0.028134 0.009283 0.17 264.99 335.7
-964.0 0.028132 0.010513 0.17 267.29 1.54
-965.0 0.028145 0.010547 0.18 269.6 352.98
-966.0 0.028135 0.012907 0.18 271.86 339.5
-967.0 0.028145 0.015346 0.18 274.11 312.97
-968.0 0.02814 0.013587 0.18 276.22 320.95
-969.0 0.028138 0.010191 0.19 278.5 285.37
-970.0 0.028114 0.006955 0.19 280.71 310.65
-971.0 0.028136 0.004471 0.19 282.88 293.94
-972.0 0.028127 0.005551 0.2 285.14 286.43
-973.0 0.028134 0.008759 0.2 287.26 243.77
-974.0 0.028139 0.009363 0.2 289.19 240.59
-975.0 0.028136 0.008042 0.2 291.29 215.96
-976.0 0.028131 0.004041 0.21 293.3 205.0
-977.0 0.028119 0.005158 0.21 295.29 187.03
-978.0 0.028131 0.009027 0.21 297.26 234.14
-979.0 0.028148 0.009775 0.21 299.19 221.62
-980.0 0.028118 0.010807 0.21 301.07 215.09
-981.0 0.028121 0.010207 0.21 302.97 172.07
-982.0 0.028132 0.009041 0.22 304.87 165.39
-983.0 0.028127 0.007934 0.22 306.78 151.46
-984.0 0.028129 0.009371 0.22 308.63 183.73
-985.0 0.02814 0.009073 0.22 310.38 184.7
-986.0 0.028136 0.011372 0.22 312.23 167.82
-987.0 0.028124 0.010126 0.22 314.08 132.36
-988.0 0.028132 0.012899 0.22 315.89 131.11
-989.0 0.028151 0.008175 0.22 317.7 158.87
-990.0 0.028148 0.009022 0.22 319.42 140.5
-991.0 0.02814 0.016463 0.22 321.23 126.65
-992.0 0.028194 0.012872 0.22 323.02 125.88
-993.0 0.028171 0.006588 0.23 324.85 94.44
-994.0 0.02817 0.01419 0.23 326.5 115.79
-995.0 0.028158 0.014892 0.23 328.21 108.03
-996.0 0.028158 0.013788 0.22 329.9 83.19
-997.0 0.028152 0.011105 0.22 331.63 78.83
-998.0 0.028159 0.008752 0.22 333.24 110.71
-999.0 0.028155 0.008954 0.22 334.88 77.41
-1000.0 0.028153 0.016982 0.22 336.46 68.89
