0.0 0.0371 0.022658 0.16 8.92 141.33
1.0 0.037031 0.014916 0.16 8.09 141.81
2.0 0.036998 0.025227 0.16 6.98 203.6
3.0 0.037104 0.017099 0.16 5.93 233.27
4.0 0.037155 0.016354 0.16 4.91 209.65
5.0 0.037239 0.015451 0.16 3.8 79.35
6.0 0.037115 0.030206 0.16 2.76 161.4
7.0 0.037169 0.027628 0.16 1.77 152.8
8.0 0.037256 0.015064 0.16 0.81 99.47
9.0 0.037074 0.041475 0.16 359.77 142.44
10.0 0.037233 0.026955 0.16 358.83 133.82
11.0 0.037167 0.028798 0.16 357.9 96.99
12.0 0.037104 0.032002 0.16 356.9 83.38
13.0 0.037255 0.008673 0.16 355.9 135.38
14.0 0.037094 0.028002 0.16 354.92 62.19
15.0 0.037209 0.016607 0.16 354.04 56.22
16.0 0.037187 0.014502 0.16 353.24 329.6
17.0 0.037167 0.01995 0.16 352.38 301.63
18.0 0.037211 0.020132 0.16 351.54 241.65
19.0 0.037138 0.028408 0.16 350.62 231.88
20.0 0.03725 0.022579 0.15 349.89 181.04
21.0 0.037048 0.038033 0.15 349.12 178.7
22.0 0.037259 0.009709 0.15 348.62 198.4
23.0 0.037146 0.032573 0.15 348.14 165.65
24.0 0.037217 0.031864 0.15 347.6 164.73
25.0 0.037197 0.027287 0.15 347.07 130.41
26.0 0.037141 0.029978 0.15 346.55 119.63
27.0 0.037257 0.002946 0.15 346.17 111.83
28.0 0.037053 0.026901 0.15 345.72 71.31
29.0 0.03728 0.008414 0.14 345.29 78.09
30.0 0.0371 0.025118 0.14 345.1 344.88
31.0 0.037207 0.01061 0.14 344.86 350.79
32.0 0.037229 0.015737 0.14 344.8 234.32
33.0 0.037044 0.03307 0.14 344.7 264.47
34.0 0.03703 0.030684 0.14 344.58 301.68
35.0 0.037228 0.006868 0.14 344.54 274.64
36.0 0.037145 0.031298 0.14 344.55 244.0
37.0 0.036979 0.019669 0.14 344.8 259.21
38.0 0.036954 0.011699 0.14 344.75 243.16
39.0 0.037011 0.022524 0.14 345.12 216.31
40.0 0.037044 0.029397 0.14 345.4 217.17
41.0 0.037009 0.018948 0.14 345.46 248.59
42.0 0.037051 0.026856 0.14 345.58 261.98
43.0 0.037046 0.020346 0.14 345.56 325.09
44.0 0.037188 0.001614 0.14 345.77 246.73
45.0 0.037176 0.033636 0.14 346.15 167.73
46.0 0.037071 0.029045 0.14 346.24 160.55
47.0 0.037066 0.038799 0.14 346.11 161.94
48.0 0.0371 0.045219 0.14 346.09 182.09
49.0 0.037188 0.019527 0.14 346.33 214.73
50.0 0.037042 0.02569 0.14 346.61 279.29
51.0 0.037208 0.001958 0.15 346.49 74.68
52.0 0.03705 0.027509 0.15 346.54 112.22
53.0 0.037093 0.028198 0.15 345.98 152.57
54.0 0.037177 0.024912 0.15 345.82 145.31
55.0 0.037202 0.000471 0.15 345.44 184.46
56.0 0.037061 0.014653 0.15 344.89 343.77
57.0 0.037095 0.018867 0.16 344.54 106.61
58.0 0.037192 0.010177 0.16 343.89 100.6
59.0 0.037197 0.012001 0.16 343.28 268.42
60.0 0.037064 0.023057 0.16 342.79 267.58
61.0 0.037001 0.018482 0.16 341.89 313.45
62.0 0.03703 0.009281 0.16 341.12 7.6
63.0 0.03702 0.01235 0.17 340.2 9.15
64.0 0.037016 0.005326 0.17 339.36 158.49
65.0 0.037084 0.018788 0.17 338.41 136.71
66.0 0.036996 0.013201 0.17 337.55 143.15
67.0 0.036998 0.00732 0.17 336.51 209.17
68.0 0.037032 0.013366 0.17 335.54 189.03
69.0 0.036984 0.002106 0.17 334.67 235.29
70.0 0.037061 0.013055 0.17 333.78 311.92
71.0 0.037026 0.0022 0.17 332.76 22.5
72.0 0.037073 0.007713 0.17 331.61 10.58
73.0 0.03707 0.009694 0.17 330.49 83.58
74.0 0.037047 0.021098 0.18 329.08 143.25
75.0 0.03704 0.022613 0.18 327.88 172.75
76.0 0.037041 0.022845 0.18 326.79 195.46
77.0 0.037037 0.022508 0.18 325.65 201.65
78.0 0.037072 0.023569 0.18 324.56 220.39
79.0 0.037149 0.020782 0.18 323.3 234.5
80.0 0.037101 0.025353 0.17 322.27 226.98
81.0 0.03703 0.034616 0.17 320.9 257.68
82.0 0.03705 0.028402 0.17 319.76 280.16
83.0 0.037058 0.022836 0.17 318.5 308.58
84.0 0.037157 0.009439 0.17 317.51 288.69
85.0 0.037051 0.015133 0.17 316.51 334.0
86.0 0.037041 0.019393 0.17 315.35 13.27
87.0 0.036994 0.004854 0.17 314.22 41.99
88.0 0.037164 0.010946 0.17 313.14 96.67
89.0 0.037117 0.022526 0.17 311.97 165.05
90.0 0.037071 0.023197 0.16 310.91 201.67
91.0 0.037065 0.014409 0.16 309.87 225.07
92.0 0.037135 0.014836 0.16 308.81 189.73
93.0 0.037063 0.026107 0.16 307.67 237.52
94.0 0.037065 0.027269 0.16 306.49 263.24
95.0 0.037035 0.024691 0.16 305.45 288.09
96.0 0.037107 0.016687 0.15 304.55 290.74
97.0 0.037124 0.025587 0.15 303.48 276.85
98.0 0.037104 0.015481 0.15 302.78 3.3
99.0 0.037149 0.009186 0.15 301.74 316.21
100.0 0.03712 0.013866 0.14 300.78 29.49
101.0 0.037167 0.014592 0.14 300.13 243.72
102.0 0.037117 0.018632 0.14 299.24 201.21
103.0 0.03714 0.027554 0.14 297.91 268.29
104.0 0.037178 0.027923 0.14 297.29 256.87
105.0 0.037117 0.014348 0.13 297.12 346.85
106.0 0.037138 0.02249 0.13 296.52 315.21
107.0 0.037118 0.009502 0.13 295.35 199.52
108.0 0.037145 0.006977 0.13 294.61 262.84
109.0 0.037113 0.025265 0.12 294.23 228.51
110.0 0.037147 0.02057 0.12 293.56 272.38
111.0 0.037046 0.015371 0.12 293.16 280.14
112.0 0.036974 0.019064 0.12 292.51 341.26
113.0 0.036963 0.008414 0.11 292.24 298.28
114.0 0.036968 0.01526 0.11 291.84 314.82
115.0 0.03702 0.021363 0.11 291.57 26.02
116.0 0.037145 0.016771 0.11 291.58 349.19
117.0 0.037082 0.020216 0.11 291.39 38.69
118.0 0.03707 0.010882 0.1 291.28 87.65
119.0 0.037075 0.008292 0.1 291.36 328.62
120.0 0.037142 0.015217 0.1 291.37 30.06
121.0 0.037094 0.006914 0.1 291.36 290.19
122.0 0.037067 0.016017 0.1 291.5 320.75
123.0 0.037075 0.017188 0.09 291.96 2.9
124.0 0.037093 0.007776 0.09 291.96 313.7
125.0 0.037078 0.026703 0.09 292.47 314.4
126.0 0.037144 0.016862 0.09 292.71 7.25
127.0 0.037124 0.032178 0.09 293.17 354.93
128.0 0.037134 0.009561 0.09 293.79 15.6
129.0 0.037116 0.025799 0.09 293.95 42.15
130.0 0.037144 0.012986 0.09 294.27 346.45
131.0 0.037075 0.00736 0.09 294.72 111.43
132.0 0.037056 0.008645 0.08 295.34 256.08
133.0 0.037015 0.010796 0.08 295.59 321.3
134.0 0.037043 0.023554 0.08 296.13 306.98
135.0 0.037054 0.019985 0.08 296.61 335.6
136.0 0.037108 0.020359 0.08 296.52 354.67
137.0 0.037085 0.020466 0.08 296.76 5.36
138.0 0.037018 0.025742 0.08 296.94 349.8
139.0 0.036994 0.009477 0.08 296.83 14.64
140.0 0.037007 0.010875 0.08 296.39 138.59
141.0 0.03702 0.014272 0.08 296.64 155.54
142.0 0.036992 0.005588 0.08 296.07 97.44
143.0 0.037019 0.016283 0.08 295.34 38.42
144.0 0.03708 0.016027 0.08 295.39 6.52
145.0 0.036998 0.009819 0.08 294.82 56.33
146.0 0.037029 0.020907 0.08 294.54 102.65
147.0 0.037084 0.006628 0.08 294.58 81.31
148.0 0.037154 0.020678 0.08 294.17 76.2
149.0 0.03713 0.011478 0.08 293.8 334.04
150.0 0.037121 0.006992 0.08 293.26 66.26
151.0 0.037103 0.017951 0.08 293.05 334.3
152.0 0.037128 0.012103 0.08 292.37 46.04
153.0 0.037078 0.022286 0.08 291.9 4.22
154.0 0.037046 0.027379 0.08 291.37 47.57
155.0 0.037039 0.016361 0.08 290.64 67.78
156.0 0.037056 0.015314 0.08 290.28 81.15
157.0 0.037074 0.010208 0.08 289.73 124.96
158.0 0.037089 0.005952 0.08 288.96 40.64
159.0 0.037074 0.017461 0.08 288.26 80.29
160.0 0.037073 0.008403 0.08 287.57 140.9
161.0 0.037108 0.008361 0.08 286.94 48.94
162.0 0.037097 0.013342 0.08 286.19 143.32
163.0 0.03709 0.010484 0.08 285.15 219.56
164.0 0.037064 0.007183 0.08 284.16 290.89
165.0 0.037093 0.004592 0.08 283.41 4.11
166.0 0.037051 0.003891 0.07 282.6 102.68
167.0 0.037122 0.002949 0.07 281.72 156.92
168.0 0.037076 0.003852 0.07 280.81 214.38
169.0 0.037077 0.008508 0.07 279.77 284.79
170.0 0.037087 0.01533 0.07 278.31 337.1
171.0 0.037088 0.018096 0.07 277.46 40.07
172.0 0.037108 0.002313 0.07 276.56 30.41
173.0 0.037073 0.010728 0.07 275.41 345.29
174.0 0.037046 0.014828 0.07 274.21 9.22
175.0 0.037059 0.013923 0.07 273.45 46.19
176.0 0.037061 0.013728 0.07 272.04 75.58
177.0 0.037087 0.009459 0.07 271.25 113.76
178.0 0.037129 0.00703 0.06 269.92 22.96
179.0 0.037077 0.009436 0.06 268.52 101.73
180.0 0.037017 0.009332 0.06 267.44 150.13
181.0 0.037058 0.002075 0.06 266.51 164.22
182.0 0.037073 0.005734 0.06 265.17 291.95
183.0 0.037081 0.011884 0.06 264.03 352.97
184.0 0.03708 0.010675 0.06 262.59 29.51
185.0 0.037062 0.012609 0.05 261.49 33.17
186.0 0.037016 0.007333 0.05 259.89 37.32
187.0 0.037058 0.017803 0.05 258.86 42.52
188.0 0.03705 0.013763 0.05 257.29 66.27
189.0 0.037073 0.009591 0.05 256.38 102.48
190.0 0.037085 0.007974 0.05 254.87 24.56
191.0 0.037054 0.016124 0.04 253.71 71.56
192.0 0.037114 0.018109 0.04 252.1 93.93
193.0 0.037026 0.015198 0.04 251.46 134.49
194.0 0.03704 0.019734 0.04 249.95 143.22
195.0 0.036996 0.008386 0.04 247.88 174.47
196.0 0.037048 0.010537 0.03 245.67 274.45
197.0 0.037106 0.015807 0.03 245.02 262.46
198.0 0.037045 0.013582 0.03 245.13 343.92
199.0 0.037131 0.011597 0.03 243.83 317.27
200.0 0.037036 0.024836 0.03 242.27 352.09
201.0 0.037022 0.026225 0.03 241.09 15.41
202.0 0.037041 0.018871 0.03 238.07 54.68
203.0 0.037002 0.018107 0.02 237.82 79.27
204.0 0.037068 0.021523 0.02 235.95 95.75
205.0 0.036959 0.015629 0.02 235.89 129.24
206.0 0.03699 0.010166 0.02 236.13 191.65
207.0 0.03705 0.013603 0.02 236.6 189.56
208.0 0.037103 0.014411 0.01 235.74 187.0
209.0 0.037081 0.017841 0.01 234.53 204.3
210.0 0.03705 0.018933 0.01 234.22 242.8
211.0 0.037049 0.025542 0.01 232.73 270.87
212.0 0.037082 0.017252 0.01 231.77 301.22
213.0 0.037081 0.009391 0.01 230.13 239.86
214.0 0.037132 0.021577 0.01 230.76 279.3
215.0 0.037139 0.00432 0.01 231.08 335.5
216.0 0.03715 0.016589 0.01 230.43 302.16
217.0 0.037115 0.002717 0.0 231.66 196.68
218.0 0.03709 0.011386 0.0 233.27 291.11
219.0 0.037097 0.003989 0.0 230.11 116.85
220.0 0.037136 0.016838 0.0 234.03 288.39
221.0 0.03712 0.011985 0.0 245.27 206.58
222.0 0.037107 0.013252 0.0 61.65 146.02
223.0 0.037128 0.015066 0.0 60.48 68.16
224.0 0.037115 0.003615 0.0 59.47 207.0
225.0 0.037122 0.020333 0.0 54.0 115.65
226.0 0.037112 0.006208 0.0 56.34 144.02
227.0 0.037096 0.006809 0.0 58.74 139.64
228.0 0.037048 0.011848 0.0 59.67 151.75
229.0 0.036975 0.012543 0.0 56.7 44.66
230.0 0.037003 0.028355 0.01 54.55 48.37
231.0 0.03704 0.031485 0.01 58.91 56.61
232.0 0.036965 0.019321 0.01 60.9 60.22
233.0 0.037012 0.013599 0.01 66.23 353.52
234.0 0.037051 0.015076 0.01 71.03 331.39
235.0 0.037011 0.003469 0.01 74.33 359.33
236.0 0.037015 0.01197 0.01 77.26 147.44
237.0 0.037057 0.021154 0.01 80.9 144.92
238.0 0.037022 0.019402 0.01 83.26 125.09
239.0 0.036986 0.022856 0.01 82.9 96.59
240.0 0.037047 0.02506 0.01 84.74 82.21
241.0 0.03699 0.015405 0.01 87.52 73.07
242.0 0.037003 0.00502 0.02 89.87 52.17
243.0 0.037046 0.00806 0.02 92.87 283.88
244.0 0.037035 0.008155 0.02 92.63 215.65
245.0 0.037006 0.016186 0.02 92.33 192.11
246.0 0.037032 0.023573 0.02 92.21 184.33
247.0 0.037031 0.023549 0.02 93.66 168.67
248.0 0.036989 0.023917 0.03 94.24 144.05
249.0 0.03703 0.025884 0.03 94.38 120.85
250.0 0.037013 0.016724 0.03 93.26 107.35
251.0 0.037006 0.008401 0.03 92.29 58.59
252.0 0.037044 0.013808 0.03 92.21 346.33
253.0 0.037024 0.013234 0.04 91.93 312.32
254.0 0.036991 0.014757 0.04 90.84 272.73
255.0 0.036989 0.020959 0.04 89.87 248.81
256.0 0.037026 0.016558 0.04 88.93 232.21
257.0 0.036986 0.015341 0.04 88.28 182.72
258.0 0.037028 0.020164 0.05 87.58 145.8
259.0 0.037016 0.01762 0.05 86.59 117.24
260.0 0.037012 0.014894 0.05 84.93 74.59
261.0 0.037021 0.023728 0.05 83.44 37.02
262.0 0.037018 0.021836 0.06 82.43 30.25
263.0 0.036969 0.015347 0.06 81.72 1.79
264.0 0.036991 0.017886 0.06 80.78 323.07
265.0 0.037022 0.012151 0.06 79.55 308.97
266.0 0.036984 0.006099 0.06 77.83 208.48
267.0 0.037021 0.020807 0.07 76.36 172.81
268.0 0.037054 0.020572 0.07 75.05 157.71
269.0 0.036991 0.015554 0.07 73.74 132.03
270.0 0.037022 0.026528 0.07 72.7 97.57
271.0 0.037033 0.024446 0.08 71.43 98.12
272.0 0.036978 0.015099 0.08 70.28 122.23
273.0 0.037009 0.005329 0.08 68.71 44.25
274.0 0.037068 0.002036 0.08 67.43 301.38
275.0 0.036992 0.007357 0.08 65.84 160.22
276.0 0.03702 0.01743 0.09 64.63 186.71
277.0 0.037119 0.026897 0.09 63.38 188.27
278.0 0.03701 0.019921 0.09 62.12 198.42
279.0 0.037057 0.013628 0.09 60.64 258.93
280.0 0.037102 0.022729 0.09 59.5 250.67
281.0 0.037055 0.008799 0.1 58.26 278.87
282.0 0.037073 0.020273 0.1 56.96 294.28
283.0 0.037105 0.015563 0.1 55.86 349.63
284.0 0.037148 0.008728 0.1 54.54 212.6
285.0 0.03714 0.017082 0.1 53.59 117.26
286.0 0.037152 0.003 0.1 52.68 267.62
287.0 0.037105 0.02435 0.1 51.38 209.56
288.0 0.037152 0.007088 0.11 50.21 211.96
289.0 0.03707 0.021267 0.11 49.23 268.25
290.0 0.037051 0.011107 0.11 48.1 324.26
291.0 0.037053 0.004117 0.11 47.3 187.88
292.0 0.037087 0.007958 0.11 46.26 209.66
293.0 0.037089 0.016322 0.11 45.34 209.6
294.0 0.037011 0.010688 0.11 44.37 262.44
295.0 0.03704 0.026261 0.11 43.28 248.75
296.0 0.037077 0.017433 0.12 42.28 256.83
297.0 0.037121 0.015352 0.12 41.42 244.91
298.0 0.037126 0.025259 0.12 40.38 275.93
299.0 0.037087 0.005336 0.12 39.54 230.24
300.0 0.037107 0.015053 0.12 38.64 251.79
301.0 0.037122 0.005081 0.12 37.71 188.91
302.0 0.037157 0.020999 0.12 36.9 249.47
303.0 0.037144 0.022572 0.12 36.02 200.9
304.0 0.037144 0.020307 0.12 35.21 253.34
305.0 0.037151 0.026228 0.13 34.48 233.99
306.0 0.037143 0.017862 0.13 33.5 287.64
307.0 0.037172 0.029626 0.13 32.68 262.2
308.0 0.037139 0.012788 0.13 31.92 250.15
309.0 0.037164 0.027518 0.13 31.05 285.35
310.0 0.037166 0.026376 0.13 30.18 249.88
311.0 0.037136 0.015109 0.13 29.35 296.1
312.0 0.037167 0.028581 0.13 28.5 273.62
313.0 0.037123 0.01329 0.13 27.66 251.19
314.0 0.037158 0.027885 0.13 26.68 296.93
315.0 0.037119 0.020773 0.14 25.96 279.51
316.0 0.037103 0.025553 0.14 25.0 317.41
317.0 0.037132 0.016638 0.14 23.98 263.76
318.0 0.037126 0.010993 0.14 23.16 341.46
319.0 0.037119 0.024478 0.14 22.35 293.67
320.0 0.037122 0.005474 0.14 21.46 258.41
321.0 0.037141 0.018986 0.14 20.56 327.28
322.0 0.037105 0.020814 0.14 19.77 267.4
323.0 0.037116 0.016703 0.14 18.86 312.04
324.0 0.037126 0.023319 0.14 17.95 278.64
325.0 0.037148 0.015167 0.14 17.2 336.89
326.0 0.037157 0.029045 0.14 16.36 308.0
327.0 0.03712 0.01103 0.14 15.56 312.37
328.0 0.037133 0.023659 0.14 14.66 317.09
329.0 0.037142 0.007092 0.14 13.84 280.67
330.0 0.037146 0.021423 0.14 13.03 339.22
331.0 0.037128 0.018252 0.14 12.36 281.87
332.0 0.037104 0.019046 0.14 11.52 328.16
333.0 0.037084 0.013263 0.14 10.83 321.66
334.0 0.037038 0.020402 0.14 9.99 288.12
335.0 0.037066 0.019598 0.14 9.37 313.27
336.0 0.037098 0.02928 0.14 8.7 314.62
337.0 0.037076 0.020674 0.14 8.04 335.7
338.0 0.037141 0.015073 0.14 7.33 306.29
339.0 0.037098 0.028651 0.14 6.85 344.14
340.0 0.037083 0.015781 0.14 6.29 356.91
341.0 0.037087 0.014734 0.14 5.9 329.31
342.0 0.037076 0.02627 0.14 5.34 347.72
343.0 0.03709 0.017818 0.14 4.91 26.15
344.0 0.037143 0.015753 0.14 4.63 314.52
345.0 0.03711 0.014398 0.14 4.18 350.39
346.0 0.037108 0.01824 0.13 3.74 312.52
347.0 0.037125 0.023367 0.13 3.42 0.33
348.0 0.037071 0.02105 0.13 3.07 315.75
349.0 0.037086 0.035815 0.13 2.68 333.26
350.0 0.037073 0.029236 0.13 2.45 358.05
351.0 0.03718 0.016833 0.13 2.09 343.0
352.0 0.037123 0.034663 0.13 1.86 354.77
353.0 0.03705 0.030676 0.13 1.71 21.19
354.0 0.0371 0.016983 0.13 1.55 1.99
355.0 0.037129 0.032924 0.13 1.36 2.59
356.0 0.037093 0.02441 0.13 1.29 33.24
357.0 0.037066 0.015489 0.13 1.26 356.76
358.0 0.037117 0.025013 0.13 1.2 8.01
359.0 0.037119 0.019867 0.13 1.27 45.13
360.0 0.037081 0.018461 0.13 1.13 340.66
361.0 0.037092 0.029314 0.13 1.23 11.53
362.0 0.037061 0.015763 0.13 1.09 22.62
363.0 0.037103 0.021323 0.13 1.18 37.37
364.0 0.037041 0.013961 0.13 1.19 5.0
365.0 0.037044 0.008364 0.13 1.37 33.4
366.0 0.037046 0.019222 0.13 1.46 8.91
367.0 0.037028 0.014616 0.13 1.34 351.7
368.0 0.037094 0.023018 0.13 1.45 24.9
369.0 0.037118 0.012941 0.13 1.35 51.01
370.0 0.037083 0.026669 0.13 1.46 3.96
371.0 0.037084 0.02575 0.14 1.51 37.25
372.0 0.037113 0.017552 0.14 1.54 52.64
373.0 0.037086 0.022679 0.14 1.57 21.77
374.0 0.037093 0.033878 0.14 1.37 42.87
375.0 0.037126 0.014042 0.14 1.39 58.11
376.0 0.03711 0.022372 0.14 1.13 56.74
377.0 0.037105 0.001765 0.14 0.87 354.3
378.0 0.037103 0.01653 0.14 0.69 33.69
379.0 0.037062 0.010517 0.15 0.35 88.48
380.0 0.037065 0.008909 0.15 0.03 6.67
381.0 0.037052 0.014425 0.15 359.81 358.09
382.0 0.037064 0.029679 0.15 359.24 3.5
383.0 0.037094 0.027444 0.15 358.82 39.41
384.0 0.037112 0.020298 0.15 358.34 7.46
385.0 0.037085 0.032844 0.15 357.85 34.36
386.0 0.037057 0.035865 0.16 357.33 58.5
387.0 0.037114 0.02047 0.16 356.75 59.63
388.0 0.037089 0.034377 0.16 356.17 49.94
389.0 0.03707 0.034302 0.16 355.45 80.22
390.0 0.037058 0.018649 0.16 354.77 89.2
391.0 0.037137 0.026106 0.16 354.11 59.25
392.0 0.037094 0.022657 0.17 353.27 97.12
393.0 0.037044 0.0098 0.17 352.44 95.66
394.0 0.037096 0.020072 0.17 351.78 49.81
395.0 0.037117 0.022562 0.17 350.82 90.81
396.0 0.037047 0.008749 0.17 349.97 39.7
397.0 0.037085 0.02542 0.17 349.26 45.2
398.0 0.037125 0.026864 0.17 348.21 74.29
399.0 0.037093 0.013647 0.17 347.35 64.91
400.0 0.037079 0.032271 0.17 346.45 53.16
401.0 0.03709 0.036729 0.17 345.39 83.38
402.0 0.03708 0.022842 0.17 344.46 87.28
403.0 0.037116 0.033441 0.17 343.49 66.92
404.0 0.037112 0.034706 0.17 342.59 106.17
405.0 0.037083 0.024126 0.17 341.48 123.3
406.0 0.037098 0.027977 0.17 340.62 97.93
407.0 0.037099 0.037011 0.17 339.68 123.64
408.0 0.03712 0.017994 0.17 338.67 137.01
409.0 0.037049 0.016929 0.17 337.68 113.68
410.0 0.037162 0.024831 0.17 336.77 137.75
411.0 0.037124 0.00872 0.17 335.83 187.29
412.0 0.037074 0.009239 0.17 334.91 74.84
413.0 0.03709 0.01837 0.17 334.06 120.25
414.0 0.037111 0.005987 0.17 333.12 163.44
415.0 0.037078 0.019874 0.17 332.24 71.52
416.0 0.037095 0.025186 0.17 331.4 108.79
417.0 0.037095 0.013332 0.17 330.55 121.09
418.0 0.037092 0.023255 0.17 329.66 83.52
419.0 0.037112 0.031702 0.17 328.93 126.5
420.0 0.037083 0.021492 0.16 328.04 141.21
421.0 0.037074 0.023995 0.16 327.33 113.42
422.0 0.037116 0.035071 0.16 326.59 137.26
423.0 0.037137 0.018595 0.16 325.86 169.06
424.0 0.03712 0.016371 0.16 325.24 143.81
425.0 0.037064 0.025663 0.16 324.59 150.55
426.0 0.03707 0.018223 0.16 324.05 185.47
427.0 0.037124 0.009062 0.15 323.45 94.95
428.0 0.037103 0.017515 0.15 322.88 145.68
429.0 0.037051 0.008176 0.15 322.35 171.59
430.0 0.037088 0.013826 0.15 321.83 89.09
431.0 0.037125 0.026713 0.15 321.41 128.61
432.0 0.037086 0.015992 0.15 320.91 142.07
433.0 0.037043 0.022124 0.14 320.59 107.03
434.0 0.037084 0.032278 0.14 320.27 131.65
435.0 0.03716 0.023656 0.14 320.0 166.62
436.0 0.037106 0.023385 0.14 319.91 148.04
437.0 0.037056 0.035188 0.14 319.77 155.55
438.0 0.037062 0.028828 0.14 319.56 183.7
439.0 0.037088 0.016954 0.14 319.76 205.77
440.0 0.037176 0.023217 0.13 319.52 176.27
441.0 0.037119 0.010411 0.13 319.59 111.37
442.0 0.037168 0.018732 0.13 319.65 188.81
443.0 0.037149 0.037233 0.13 319.95 158.33
444.0 0.037155 0.020356 0.13 320.09 162.21
445.0 0.037117 0.03549 0.13 320.07 204.79
446.0 0.037063 0.022851 0.13 320.4 223.74
447.0 0.037108 0.022389 0.13 320.57 195.41
448.0 0.037139 0.028445 0.13 320.85 218.67
449.0 0.037089 0.008244 0.13 321.04 276.59
450.0 0.037066 0.006778 0.13 321.24 155.15
451.0 0.037108 0.009156 0.13 321.51 219.97
452.0 0.037103 0.005779 0.13 321.57 5.47
453.0 0.03712 0.021056 0.13 322.1 151.48
454.0 0.037126 0.017925 0.13 322.27 148.53
455.0 0.03709 0.038712 0.13 322.09 183.68
456.0 0.037116 0.029807 0.13 322.25 205.04
457.0 0.037082 0.024356 0.13 322.18 194.23
458.0 0.037136 0.032962 0.13 321.97 199.59
459.0 0.037123 0.009154 0.13 321.77 256.86
460.0 0.037136 0.023313 0.13 321.67 251.49
461.0 0.037176 0.019288 0.14 321.76 165.1
462.0 0.03711 0.013071 0.14 321.54 138.67
463.0 0.037122 0.033145 0.14 320.69 187.75
464.0 0.037111 0.01962 0.14 320.34 180.9
465.0 0.037058 0.033357 0.14 319.65 177.91
466.0 0.037052 0.033427 0.14 319.07 206.11
467.0 0.037118 0.023763 0.14 318.46 241.33
468.0 0.037132 0.026804 0.15 317.72 213.84
469.0 0.037038 0.028689 0.15 316.8 253.11
470.0 0.037044 0.015523 0.15 315.92 278.81
471.0 0.037072 0.006242 0.15 314.9 275.59
472.0 0.037118 0.006386 0.15 313.99 233.19
473.0 0.037127 0.006043 0.15 313.09 54.52
474.0 0.037136 0.018773 0.15 311.75 188.62
475.0 0.03715 0.018044 0.15 310.71 167.03
476.0 0.037126 0.023304 0.15 309.88 241.11
477.0 0.037177 0.025066 0.16 308.84 213.5
478.0 0.037145 0.004626 0.16 307.42 125.27
479.0 0.037135 0.01379 0.16 306.34 267.53
480.0 0.037148 0.026184 0.16 304.77 201.83
481.0 0.037156 0.015208 0.16 303.43 186.9
482.0 0.037122 0.021081 0.16 302.22 271.36
483.0 0.037161 0.026733 0.16 300.93 232.13
484.0 0.037163 0.012216 0.16 299.82 170.19
485.0 0.037148 0.006333 0.16 298.51 305.37
486.0 0.03713 0.026172 0.16 297.11 247.0
487.0 0.037145 0.022691 0.16 295.85 205.16
488.0 0.037168 0.007175 0.15 294.19 308.89
489.0 0.037141 0.025981 0.15 292.79 294.45
490.0 0.037172 0.022306 0.15 291.04 242.79
491.0 0.037137 0.007902 0.15 289.73 209.9
492.0 0.037187 0.022335 0.15 288.09 298.75
493.0 0.037151 0.034376 0.15 286.7 267.73
494.0 0.037177 0.010692 0.15 285.32 247.61
495.0 0.037143 0.017133 0.15 283.81 351.54
496.0 0.037202 0.019951 0.15 282.27 289.67
497.0 0.037104 0.022629 0.14 280.46 224.34
498.0 0.037188 0.012616 0.14 278.6 302.97
499.0 0.037138 0.034746 0.14 276.88 298.71
500.0 0.037167 0.014796 0.14 275.34 294.11
501.0 0.037134 0.026341 0.14 273.76 2.37
502.0 0.037181 0.012991 0.13 272.05 308.62
503.0 0.037143 0.009735 0.13 270.17 110.22
504.0 0.037199 0.010561 0.13 268.61 306.14
505.0 0.037105 0.014331 0.12 267.09 222.31
506.0 0.037173 0.021057 0.12 264.96 306.36
507.0 0.037135 0.017269 0.12 263.57 286.78
508.0 0.037071 0.028146 0.12 261.66 323.32
509.0 0.037169 0.016949 0.11 260.05 2.71
510.0 0.037111 0.02747 0.11 258.63 348.83
511.0 0.037135 0.01695 0.1 256.42 60.34
512.0 0.037151 0.016051 0.1 255.1 28.22
513.0 0.037094 0.015802 0.1 253.34 119.34
514.0 0.037163 0.006915 0.09 251.7 338.14
515.0 0.037101 0.003356 0.09 250.49 186.83
516.0 0.037065 0.016491 0.09 248.77 270.68
517.0 0.037129 0.014867 0.08 247.23 338.61
518.0 0.037101 0.010378 0.08 245.87 334.12
519.0 0.03707 0.007384 0.07 244.33 348.37
520.0 0.037009 0.012405 0.07 243.25 324.59
521.0 0.036964 0.017154 0.07 242.1 295.43
522.0 0.036994 0.033236 0.06 241.34 275.04
523.0 0.037021 0.028841 0.06 240.73 295.23
524.0 0.037028 0.032888 0.06 240.66 315.04
525.0 0.037024 0.027197 0.05 240.44 333.98
526.0 0.037017 0.036412 0.05 240.35 343.4
527.0 0.037023 0.031259 0.04 240.73 7.15
528.0 0.037022 0.028276 0.04 241.63 41.7
529.0 0.037032 0.027506 0.03 243.37 77.6
530.0 0.036941 0.019468 0.03 245.92 59.55
531.0 0.036984 0.015103 0.03 249.31 354.09
532.0 0.037079 0.019988 0.03 253.42 335.16
533.0 0.037017 0.009008 0.02 258.68 343.67
534.0 0.03697 0.021806 0.02 264.56 48.08
535.0 0.036988 0.025847 0.02 273.39 35.93
536.0 0.036996 0.011986 0.02 279.69 39.54
537.0 0.037093 0.014421 0.02 286.82 93.92
538.0 0.037005 0.012795 0.02 294.64 85.39
539.0 0.03698 0.00543 0.03 299.78 81.97
540.0 0.037032 0.007533 0.03 303.1 189.56
541.0 0.037001 0.007098 0.03 305.4 145.43
542.0 0.036982 0.005874 0.03 306.27 101.07
543.0 0.037024 0.010954 0.03 307.08 58.11
544.0 0.036977 0.004676 0.04 307.41 111.12
545.0 0.037024 0.013523 0.04 307.29 142.0
546.0 0.03706 0.015298 0.04 306.55 139.23
547.0 0.036992 0.015241 0.04 306.21 178.7
548.0 0.03699 0.024712 0.04 304.9 196.27
549.0 0.037011 0.021656 0.05 304.01 189.8
550.0 0.037003 0.0114 0.05 302.05 243.27
551.0 0.037019 0.018708 0.05 300.07 268.93
552.0 0.03697 0.020774 0.05 298.19 250.13
553.0 0.037004 0.011225 0.05 295.86 222.77
554.0 0.03705 0.004433 0.05 294.66 209.6
555.0 0.036985 0.014845 0.05 292.32 274.17
556.0 0.036997 0.025727 0.05 291.06 269.79
557.0 0.037045 0.026275 0.05 288.52 261.77
558.0 0.036987 0.015171 0.05 286.43 290.34
559.0 0.036997 0.018729 0.06 284.46 329.61
560.0 0.037032 0.026888 0.06 281.84 339.73
561.0 0.036996 0.020743 0.06 279.6 325.95
562.0 0.036992 0.016384 0.06 276.28 315.87
563.0 0.037026 0.014708 0.06 273.21 305.3
564.0 0.036989 0.01472 0.06 270.4 344.32
565.0 0.037029 0.023209 0.06 266.55 13.09
566.0 0.037048 0.025627 0.06 263.63 11.83
567.0 0.036976 0.021131 0.06 259.03 38.44
568.0 0.037023 0.016186 0.06 254.35 84.13
569.0 0.037056 0.020432 0.06 250.89 86.87
570.0 0.037001 0.008166 0.05 247.33 125.07
571.0 0.037016 0.018142 0.05 243.85 164.46
572.0 0.036979 0.01218 0.05 239.19 142.3
573.0 0.037066 0.002959 0.05 234.38 238.06
574.0 0.037023 0.006166 0.05 230.54 155.35
575.0 0.037058 0.011856 0.05 225.81 42.03
576.0 0.037007 0.010683 0.05 221.08 10.15
577.0 0.037019 0.00945 0.05 216.53 12.16
578.0 0.03701 0.003908 0.05 211.22 20.68
579.0 0.037024 0.004048 0.05 205.66 112.47
580.0 0.037067 0.009158 0.05 200.65 111.87
581.0 0.037021 0.011346 0.05 195.36 108.62
582.0 0.037015 0.012721 0.05 189.86 107.19
583.0 0.037033 0.012787 0.05 184.24 97.59
584.0 0.037052 0.009821 0.05 178.35 87.68
585.0 0.037041 0.005872 0.05 172.62 87.82
586.0 0.037037 0.002262 0.05 166.84 74.75
587.0 0.03702 0.003313 0.05 161.33 252.53
588.0 0.037015 0.00243 0.05 154.65 115.45
589.0 0.037038 0.005691 0.05 148.99 135.41
590.0 0.036998 0.011131 0.05 143.75 116.6
591.0 0.03701 0.009495 0.05 138.03 86.51
592.0 0.036982 0.005136 0.05 132.72 114.64
593.0 0.037027 0.013058 0.05 127.56 145.95
594.0 0.037023 0.015845 0.05 122.43 165.08
595.0 0.037047 0.016564 0.06 117.6 181.25
596.0 0.037109 0.013799 0.06 112.86 225.82
597.0 0.037123 0.004903 0.06 108.31 188.53
598.0 0.037096 0.01132 0.06 104.33 191.69
599.0 0.037088 0.015359 0.06 99.9 231.84
600.0 0.037078 0.010716 0.06 96.11 268.69
601.0 0.037077 0.006438 0.06 92.16 327.58
602.0 0.03708 0.004978 0.07 88.54 55.99
603.0 0.037068 0.003746 0.07 84.98 148.09
604.0 0.037121 0.007093 0.07 81.4 218.51
605.0 0.037101 0.006486 0.07 78.09 73.72
606.0 0.037096 0.015628 0.07 74.9 144.63
607.0 0.037094 0.014743 0.07 71.58 189.09
608.0 0.037109 0.009779 0.07 68.31 188.39
609.0 0.037103 0.021156 0.08 65.48 191.47
610.0 0.03709 0.019269 0.08 62.57 247.98
611.0 0.037115 0.008808 0.08 60.03 225.35
612.0 0.037103 0.018364 0.08 57.02 251.35
613.0 0.037144 0.012841 0.08 54.27 319.94
614.0 0.037111 0.006632 0.08 51.77 234.78
615.0 0.037077 0.012532 0.08 49.37 260.92
616.0 0.037059 0.015511 0.08 46.99 293.48
617.0 0.03707 0.012934 0.08 44.41 314.16
618.0 0.037082 0.005122 0.08 42.19 1.39
619.0 0.037067 0.004191 0.08 40.03 248.28
620.0 0.037064 0.007305 0.08 37.55 255.37
621.0 0.037103 0.012118 0.08 35.58 265.48
622.0 0.037094 0.012149 0.08 33.51 291.39
623.0 0.03707 0.007125 0.08 31.36 287.72
624.0 0.037083 0.007039 0.08 29.59 262.65
625.0 0.037107 0.013083 0.07 27.67 236.19
626.0 0.037068 0.017084 0.07 26.16 260.28
627.0 0.037044 0.019639 0.07 24.41 263.26
628.0 0.037046 0.020194 0.07 22.7 262.4
629.0 0.037028 0.016151 0.07 21.4 275.26
630.0 0.037042 0.014668 0.07 20.07 291.6
631.0 0.037025 0.013576 0.07 18.91 294.63
632.0 0.037053 0.01374 0.06 17.8 304.37
633.0 0.037101 0.010333 0.06 16.93 298.97
634.0 0.037103 0.013772 0.06 15.89 299.26
635.0 0.03707 0.014727 0.06 15.48 314.6
636.0 0.037072 0.017867 0.06 15.26 329.3
637.0 0.037094 0.018927 0.05 14.85 355.6
638.0 0.037067 0.01276 0.05 15.36 19.35
639.0 0.037065 0.010357 0.05 15.52 26.99
640.0 0.037053 0.00561 0.05 16.3 12.65
641.0 0.037089 0.005639 0.05 17.75 1.28
642.0 0.037118 0.007686 0.04 19.87 310.21
643.0 0.037085 0.00912 0.04 21.29 330.15
644.0 0.037076 0.005808 0.04 24.12 330.9
645.0 0.037069 0.004672 0.04 27.27 291.65
646.0 0.037065 0.00793 0.04 30.59 277.81
647.0 0.037058 0.009627 0.04 34.12 261.37
648.0 0.03709 0.012421 0.04 37.92 273.91
649.0 0.037057 0.013332 0.04 42.28 280.77
650.0 0.03705 0.014593 0.04 46.03 286.89
651.0 0.037023 0.009079 0.04 49.67 289.82
652.0 0.037065 0.016156 0.04 52.85 296.74
653.0 0.037035 0.01719 0.05 55.69 323.4
654.0 0.037035 0.019292 0.05 58.07 316.15
655.0 0.037057 0.017356 0.05 60.0 328.27
656.0 0.037087 0.011718 0.05 61.17 346.82
657.0 0.037083 0.010392 0.06 62.41 335.69
658.0 0.036983 0.006682 0.06 63.2 355.98
659.0 0.037035 0.009453 0.06 63.64 18.35
660.0 0.037036 0.008324 0.07 64.03 18.78
661.0 0.037041 0.014413 0.07 64.08 47.94
662.0 0.037057 0.011833 0.08 63.88 64.34
663.0 0.037038 0.00959 0.08 63.55 66.97
664.0 0.037 0.008632 0.08 63.0 133.71
665.0 0.037035 0.007052 0.09 62.4 79.74
666.0 0.037018 0.007794 0.09 61.63 195.93
667.0 0.037088 0.00405 0.1 60.78 166.95
668.0 0.037096 0.004505 0.1 59.74 164.44
669.0 0.037092 0.013997 0.1 58.65 184.54
670.0 0.037069 0.019953 0.11 57.58 251.17
671.0 0.037093 0.015465 0.11 56.44 288.65
672.0 0.037062 0.013764 0.12 55.08 313.99
673.0 0.03707 0.011778 0.12 53.59 309.17
674.0 0.037143 0.012482 0.12 52.44 294.02
675.0 0.037072 0.023558 0.13 50.81 321.95
676.0 0.037046 0.02431 0.13 49.39 352.72
677.0 0.03705 0.019461 0.13 47.9 20.12
678.0 0.03709 0.012522 0.14 46.57 45.09
679.0 0.03713 0.01195 0.14 44.91 0.07
680.0 0.037067 0.017898 0.14 43.57 31.79
681.0 0.037058 0.019174 0.15 41.89 51.13
682.0 0.037047 0.017284 0.15 40.23 88.41
683.0 0.037074 0.011927 0.15 38.46 151.79
684.0 0.03712 0.003082 0.16 37.14 49.3
685.0 0.037082 0.010669 0.16 35.41 92.56
686.0 0.037038 0.012762 0.16 33.91 147.86
687.0 0.03706 0.011786 0.16 32.34 206.61
688.0 0.037103 0.011439 0.16 30.75 295.17
689.0 0.037111 0.00329 0.17 29.09 14.11
690.0 0.037108 0.003312 0.17 27.5 210.5
691.0 0.037071 0.008122 0.17 25.88 293.31
692.0 0.037072 0.014838 0.17 24.23 336.8
693.0 0.037121 0.018036 0.17 22.58 42.57
694.0 0.03707 0.011667 0.17 21.07 77.4
695.0 0.037072 0.006743 0.17 19.5 41.61
696.0 0.037102 0.015446 0.17 18.12 36.62
697.0 0.037077 0.024604 0.17 16.54 85.92
698.0 0.037053 0.021397 0.17 15.04 119.27
699.0 0.037109 0.012868 0.17 13.53 147.09
700.0 0.037105 0.015327 0.17 12.16 106.24
701.0 0.037081 0.025363 0.17 10.66 126.52
702.0 0.037091 0.028566 0.17 9.32 155.18
703.0 0.037111 0.021121 0.17 7.96 192.29
704.0 0.037039 0.013637 0.17 6.56 194.23
705.0 0.037138 0.015954 0.17 5.07 207.35
706.0 0.037129 0.018552 0.17 3.95 226.15
707.0 0.037104 0.023695 0.17 2.47 279.01
708.0 0.037136 0.005142 0.17 1.32 293.64
709.0 0.037083 0.008772 0.17 0.02 314.8
710.0 0.037059 0.007917 0.17 358.91 339.0
711.0 0.037046 0.011977 0.16 357.76 35.52
712.0 0.03702 0.007777 0.16 356.58 32.39
713.0 0.037064 0.015617 0.16 355.49 88.43
714.0 0.037043 0.017558 0.16 354.34 121.3
715.0 0.037005 0.023897 0.16 353.4 142.55
716.0 0.037031 0.01563 0.15 352.53 173.54
717.0 0.037045 0.023793 0.15 351.65 174.98
718.0 0.037008 0.012616 0.15 351.05 161.61
719.0 0.037065 0.010319 0.15 350.36 220.59
720.0 0.037018 0.013461 0.15 349.66 187.33
721.0 0.037021 0.007034 0.14 349.17 106.82
722.0 0.037054 0.001186 0.14 348.65 245.69
723.0 0.037024 0.010426 0.14 348.33 155.15
724.0 0.037053 0.008978 0.14 348.05 114.77
725.0 0.037027 0.009549 0.13 347.73 212.05
726.0 0.037068 0.019502 0.13 347.73 201.35
727.0 0.037087 0.012085 0.13 347.59 203.09
728.0 0.03701 0.020648 0.13 347.58 254.68
729.0 0.037013 0.030545 0.13 347.6 251.98
730.0 0.036995 0.023468 0.12 347.7 242.91
731.0 0.037019 0.01619 0.12 347.96 273.33
732.0 0.037052 0.02168 0.12 348.17 282.58
733.0 0.037025 0.017078 0.12 348.85 256.16
734.0 0.037039 0.004584 0.12 349.33 199.8
735.0 0.03704 0.006116 0.12 349.83 357.56
736.0 0.037023 0.013892 0.12 350.21 301.84
737.0 0.037019 0.020104 0.12 350.69 273.1
738.0 0.037017 0.010135 0.12 351.23 280.5
739.0 0.03699 0.017743 0.12 352.12 316.89
740.0 0.037021 0.026626 0.12 352.81 304.01
741.0 0.037037 0.015622 0.12 353.56 305.47
742.0 0.037045 0.01333 0.12 354.13 347.57
743.0 0.037049 0.014872 0.12 354.71 326.66
744.0 0.037064 0.002508 0.12 355.45 237.17
745.0 0.03707 0.00657 0.12 355.92 82.62
746.0 0.037042 0.001396 0.12 356.56 258.72
747.0 0.03703 0.014104 0.12 356.67 193.54
748.0 0.037018 0.012575 0.12 356.99 171.69
749.0 0.037008 0.002772 0.13 357.47 260.16
750.0 0.037048 0.012552 0.13 357.62 245.28
751.0 0.037005 0.004627 0.13 357.59 221.74
752.0 0.037085 0.005726 0.13 357.51 288.79
753.0 0.037031 0.005596 0.14 357.42 195.95
754.0 0.037081 0.004845 0.14 357.08 288.49
755.0 0.037067 0.006414 0.14 356.8 211.57
756.0 0.037111 0.00777 0.14 356.33 285.04
757.0 0.03711 0.003198 0.14 355.91 111.2
758.0 0.037061 0.02108 0.15 355.44 203.32
759.0 0.037102 0.023896 0.15 354.86 246.4
760.0 0.037094 0.020447 0.15 354.27 270.46
761.0 0.037129 0.014413 0.15 353.55 257.18
762.0 0.037063 0.030226 0.16 352.92 256.15
763.0 0.037053 0.035334 0.16 352.14 286.91
764.0 0.0371 0.028704 0.16 351.27 310.95
765.0 0.037147 0.018667 0.16 350.47 294.51
766.0 0.037032 0.028343 0.16 349.45 318.91
767.0 0.037067 0.033226 0.16 348.54 342.77
768.0 0.037086 0.024804 0.17 347.52 19.62
769.0 0.03711 0.012778 0.17 346.55 11.98
770.0 0.037129 0.018316 0.17 345.57 359.1
771.0 0.037082 0.024039 0.17 344.48 31.56
772.0 0.037092 0.012295 0.17 343.32 110.77
773.0 0.037091 0.009605 0.17 342.15 176.51
774.0 0.037039 0.005188 0.17 341.05 243.71
775.0 0.037126 0.008322 0.17 339.78 219.03
776.0 0.037108 0.023822 0.17 338.6 218.93
777.0 0.037178 0.015057 0.18 337.31 311.78
778.0 0.037072 0.026715 0.18 336.05 304.39
779.0 0.037048 0.028146 0.18 334.78 345.07
780.0 0.037186 0.01085 0.18 333.43 8.07
781.0 0.037103 0.025278 0.18 332.25 38.12
782.0 0.037175 0.003167 0.18 331.03 264.35
783.0 0.037075 0.008574 0.18 329.84 136.07
784.0 0.037061 0.017526 0.17 328.58 230.34
785.0 0.037158 0.013884 0.17 327.3 298.18
786.0 0.037084 0.025451 0.17 325.96 283.86
787.0 0.037089 0.032989 0.17 324.78 328.34
788.0 0.037131 0.024486 0.17 323.65 340.74
789.0 0.037095 0.021764 0.17 322.41 3.93
790.0 0.037053 0.019733 0.17 321.28 355.09
791.0 0.037118 0.022949 0.17 320.19 2.57
792.0 0.037061 0.02854 0.16 319.03 34.16
793.0 0.037043 0.019518 0.16 317.86 65.43
794.0 0.037059 0.01164 0.16 316.74 97.8
795.0 0.037101 0.002793 0.16 315.76 147.67
796.0 0.037098 0.006273 0.16 314.69 95.27
797.0 0.037081 0.004608 0.15 313.7 144.84
798.0 0.037023 0.002637 0.15 312.68 187.08
799.0 0.037076 0.008495 0.15 311.83 243.21
800.0 0.037084 0.011064 0.15 310.84 277.51
801.0 0.037095 0.013365 0.14 309.93 297.28
802.0 0.037114 0.015036 0.14 308.97 284.57
803.0 0.037046 0.024078 0.14 308.3 314.78
804.0 0.037043 0.025582 0.14 307.58 334.1
805.0 0.037059 0.028295 0.13 306.85 0.84
806.0 0.037124 0.017627 0.13 306.14 21.41
807.0 0.037151 0.023161 0.13 305.71 1.21
808.0 0.037078 0.020712 0.13 305.21 48.22
809.0 0.037138 0.007289 0.12 305.02 65.2
810.0 0.037133 0.01779 0.12 304.46 51.29
811.0 0.037092 0.00347 0.12 304.31 174.82
812.0 0.037142 0.011491 0.12 304.13 342.8
813.0 0.037122 0.007045 0.11 303.86 254.27
814.0 0.037136 0.023987 0.11 304.2 347.69
815.0 0.037143 0.013231 0.11 304.05 334.15
816.0 0.037066 0.02711 0.11 304.29 5.16
817.0 0.037156 0.016699 0.1 304.59 41.95
818.0 0.037142 0.025398 0.1 304.72 24.27
819.0 0.037119 0.014161 0.1 305.61 98.28
820.0 0.037141 0.016746 0.1 305.96 42.84
821.0 0.037086 0.005146 0.1 306.71 135.04
822.0 0.037149 0.012738 0.09 307.62 0.85
823.0 0.037108 0.006919 0.09 308.18 271.89
824.0 0.037142 0.02357 0.09 309.36 8.58
825.0 0.037123 0.016611 0.09 310.27 331.12
826.0 0.037123 0.024715 0.09 310.77 47.12
827.0 0.037134 0.020913 0.09 311.62 11.33
828.0 0.037113 0.016524 0.09 313.1 78.13
829.0 0.037144 0.016157 0.09 313.84 28.67
830.0 0.037094 0.002075 0.09 314.69 166.78
831.0 0.037129 0.015098 0.09 315.82 355.63
832.0 0.037096 0.007669 0.09 316.39 343.23
833.0 0.037065 0.01397 0.09 317.35 339.03
834.0 0.03704 0.023893 0.09 318.14 338.28
835.0 0.037075 0.027058 0.09 318.81 3.21
836.0 0.037106 0.024242 0.09 319.26 44.3
837.0 0.037083 0.017865 0.09 319.55 16.68
838.0 0.037048 0.028775 0.1 320.07 24.19
839.0 0.037073 0.03054 0.1 320.22 51.89
840.0 0.037121 0.019739 0.1 320.33 90.12
841.0 0.037095 0.018585 0.1 320.25 63.64
842.0 0.037092 0.021759 0.1 320.06 96.57
843.0 0.037081 0.008436 0.1 319.86 131.04
844.0 0.037118 0.006241 0.1 319.73 68.57
845.0 0.037084 0.004415 0.11 319.3 69.87
846.0 0.037073 0.006375 0.11 318.66 57.78
847.0 0.037087 0.010016 0.11 318.18 69.57
848.0 0.037063 0.010157 0.11 317.51 82.01
849.0 0.037037 0.00507 0.11 316.81 50.13
850.0 0.037083 0.013301 0.11 315.96 46.41
851.0 0.037031 0.00781 0.12 315.09 5.79
852.0 0.037044 0.015084 0.12 314.13 43.52
853.0 0.037031 0.009812 0.12 313.2 15.37
854.0 0.037013 0.014163 0.12 312.12 22.33
855.0 0.037054 0.014121 0.12 311.12 34.77
856.0 0.037093 0.017953 0.12 309.77 44.45
857.0 0.0371 0.018091 0.12 308.74 70.68
858.0 0.037104 0.012077 0.12 307.37 76.2
859.0 0.037094 0.016914 0.12 306.33 51.77
860.0 0.037049 0.020851 0.12 304.94 84.19
861.0 0.037036 0.024919 0.13 303.65 99.22
862.0 0.037037 0.024854 0.13 302.32 108.1
863.0 0.036981 0.007982 0.13 300.78 119.88
864.0 0.037057 0.01368 0.13 299.48 195.24
865.0 0.036955 0.006412 0.13 298.02 224.35
866.0 0.036957 0.012343 0.13 296.73 8.14
867.0 0.037007 0.02973 0.13 295.18 359.69
868.0 0.03699 0.022142 0.13 293.52 12.66
869.0 0.036979 0.014514 0.13 291.74 78.76
870.0 0.037001 0.026805 0.13 290.36 127.89
871.0 0.037028 0.026719 0.12 288.35 134.84
872.0 0.037043 0.030483 0.12 286.71 148.56
873.0 0.037064 0.029718 0.12 285.05 163.34
874.0 0.037104 0.027388 0.12 283.14 189.67
875.0 0.037077 0.02252 0.12 281.49 203.64
876.0 0.037039 0.020365 0.12 279.67 221.61
877.0 0.037094 0.015732 0.12 277.7 235.34
878.0 0.037106 0.008348 0.12 275.6 233.73
879.0 0.037082 0.009768 0.12 273.97 227.8
880.0 0.037037 0.008128 0.11 271.93 232.4
881.0 0.037101 0.009813 0.11 269.99 259.38
882.0 0.037129 0.011958 0.11 267.83 301.53
883.0 0.037069 0.016043 0.11 265.92 26.8
884.0 0.037086 0.01258 0.11 263.8 81.49
885.0 0.037098 0.012287 0.1 261.47 107.49
886.0 0.037033 0.018605 0.1 259.13 137.74
887.0 0.037086 0.014266 0.1 256.87 149.71
888.0 0.037146 0.009554 0.1 255.1 145.55
889.0 0.037067 0.023338 0.09 252.81 169.93
890.0 0.037041 0.026715 0.09 250.34 203.19
891.0 0.037042 0.026439 0.09 248.15 229.02
892.0 0.037099 0.021111 0.09 245.63 257.08
893.0 0.037126 0.012607 0.08 243.37 249.34
894.0 0.037129 0.015851 0.08 240.63 267.5
895.0 0.037022 0.015927 0.08 237.75 272.49
896.0 0.03709 0.013597 0.07 235.16 315.73
897.0 0.037081 0.013625 0.07 232.84 355.5
898.0 0.037093 0.017423 0.07 229.9 71.29
899.0 0.037145 0.002487 0.07 227.36 53.86
900.0 0.037087 0.017115 0.06 224.21 113.83
901.0 0.037144 0.009174 0.06 221.85 219.17
902.0 0.037144 0.018571 0.06 219.21 180.14
903.0 0.037161 0.007369 0.05 214.95 356.02
904.0 0.037134 0.014259 0.05 212.03 262.31
905.0 0.037132 0.007917 0.05 209.13 68.67
906.0 0.037144 0.01111 0.05 205.96 313.19
907.0 0.03715 0.015111 0.04 201.01 150.7
908.0 0.037127 0.005642 0.04 197.75 137.26
909.0 0.037063 0.014255 0.04 193.72 178.68
910.0 0.037098 0.018395 0.03 188.81 257.75
911.0 0.037117 0.009055 0.03 184.58 216.88
912.0 0.037115 0.022298 0.03 178.3 294.17
913.0 0.037136 0.00748 0.03 173.07 277.8
914.0 0.037111 0.019926 0.03 166.81 318.0
915.0 0.037148 0.004183 0.02 159.1 105.83
916.0 0.03711 0.008821 0.02 152.74 3.65
917.0 0.037105 0.012464 0.02 143.63 114.86
918.0 0.037144 0.003629 0.02 136.03 303.28
919.0 0.037108 0.014479 0.02 126.77 186.3
920.0 0.037103 0.011379 0.02 116.9 298.14
921.0 0.037093 0.014584 0.02 106.97 350.97
922.0 0.037047 0.007417 0.02 98.93 332.38
923.0 0.037036 0.016098 0.02 90.57 49.96
924.0 0.037084 0.009352 0.02 82.39 17.81
925.0 0.037132 0.019158 0.02 76.24 32.33
926.0 0.037124 0.01668 0.02 69.05 106.94
927.0 0.03713 0.011358 0.02 63.72 80.64
928.0 0.037109 0.021133 0.02 58.19 135.38
929.0 0.037108 0.003159 0.02 52.94 142.16
930.0 0.037051 0.010562 0.02 48.09 104.43
931.0 0.037104 0.015341 0.03 44.04 157.73
932.0 0.037069 0.010575 0.03 39.62 179.42
933.0 0.037042 0.016499 0.03 35.46 207.97
934.0 0.037056 0.007754 0.03 32.06 272.09
935.0 0.037117 0.006734 0.03 28.27 69.48
936.0 0.037136 0.00674 0.03 25.44 215.78
937.0 0.037058 0.006223 0.03 22.88 36.39
938.0 0.03705 0.016087 0.03 19.83 89.1
939.0 0.037088 0.015214 0.03 17.15 142.64
940.0 0.037126 0.004543 0.03 14.82 180.63
941.0 0.037072 0.021435 0.03 11.57 150.21
942.0 0.037084 0.024463 0.03 8.94 186.09
943.0 0.037044 0.021932 0.03 6.19 218.88
944.0 0.037124 0.011389 0.03 3.74 227.82
945.0 0.037081 0.026479 0.03 2.33 216.44
946.0 0.037075 0.019895 0.03 359.38 265.36
947.0 0.037091 0.010556 0.03 357.53 276.02
948.0 0.037128 0.012402 0.03 355.49 262.22
949.0 0.037064 0.011546 0.03 353.95 313.87
950.0 0.037054 0.004875 0.02 351.93 28.36
951.0 0.03707 0.007687 0.02 350.21 125.93
952.0 0.037107 0.009187 0.02 348.32 186.41
953.0 0.037148 0.005174 0.02 347.62 212.13
954.0 0.037082 0.007026 0.02 346.03 189.14
955.0 0.037091 0.011107 0.02 345.68 179.87
956.0 0.037106 0.02048 0.01 345.63 209.66
957.0 0.037085 0.016554 0.01 347.33 239.44
958.0 0.037124 0.006045 0.01 350.09 242.27
959.0 0.03706 0.019359 0.01 355.41 230.22
960.0 0.037096 0.024461 0.01 5.12 260.29
961.0 0.037073 0.01891 0.01 21.22 260.22
962.0 0.037051 0.016094 0.01 47.05 226.5
963.0 0.037039 0.017724 0.01 70.93 214.33
964.0 0.037022 0.018217 0.01 86.28 204.45
965.0 0.037046 0.015665 0.01 94.6 206.16
966.0 0.037122 0.012922 0.01 99.29 205.69
967.0 0.037134 0.02202 0.02 100.65 201.14
968.0 0.03711 0.009374 0.02 102.42 300.86
969.0 0.037141 0.01226 0.02 102.09 201.11
970.0 0.037076 0.002941 0.03 101.21 52.09
971.0 0.037082 0.018279 0.03 100.66 127.31
972.0 0.037116 0.012752 0.03 99.61 163.22
973.0 0.037094 0.014243 0.03 98.61 120.47
974.0 0.037073 0.024445 0.04 97.23 169.57
975.0 0.037176 0.021584 0.04 95.55 203.65
976.0 0.037133 0.022989 0.05 93.99 185.76
977.0 0.037082 0.029663 0.05 92.46 220.72
978.0 0.037117 0.014301 0.05 90.77 251.96
979.0 0.037095 0.01433 0.06 88.86 233.17
980.0 0.037056 0.014517 0.06 87.09 251.69
981.0 0.037031 0.00988 0.06 85.31 251.36
982.0 0.037096 0.009563 0.07 83.48 278.18
983.0 0.037116 0.009467 0.07 81.6 283.12
984.0 0.037111 0.010211 0.07 79.75 322.3
985.0 0.037045 0.005766 0.08 77.98 354.05
986.0 0.037038 0.005072 0.08 76.25 24.58
987.0 0.037075 0.008497 0.08 74.42 117.02
988.0 0.03706 0.017618 0.09 72.31 154.51
989.0 0.037098 0.031421 0.09 70.33 185.13
990.0 0.037119 0.024157 0.09 68.57 213.92
991.0 0.037067 0.019783 0.09 66.77 222.19
992.0 0.037151 0.025981 0.1 64.74 217.96
993.0 0.037065 0.039837 0.1 62.88 244.17
994.0 0.037091 0.034713 0.1 60.92 274.62
995.0 0.037099 0.020924 0.11 59.13 271.94
996.0 0.037112 0.03216 0.11 57.46 264.96
997.0 0.037072 0.027374 0.11 55.48 309.32
998.0 0.037049 0.019107 0.11 53.71 338.12
999.0 0.037107 0.009691 0.11 52.07 303.86
1000.0 0.03712 0.0208 0.12 50.31 315.33
0.0 0.0371 0.022658 0.16 8.92 141.33
-1.0 0.037165 0.027645 0.16 10.11 127.99
-2.0 0.037089 0.033218 0.16 11.28 66.72
-3.0 0.037176 0.02708 0.15 12.46 81.35
-4.0 0.037123 0.019831 0.15 13.34 6.09
-5.0 0.037193 0.025092 0.15 14.38 19.81
-6.0 0.037186 0.029885 0.15 15.3 71.9
-7.0 0.037168 0.028521 0.15 16.42 96.96
-8.0 0.037196 0.005536 0.15 17.4 352.01
-9.0 0.037102 0.019399 0.14 18.38 320.94
-10.0 0.037224 0.019542 0.14 19.47 32.42
-11.0 0.037132 0.03914 0.14 20.51 62.16
-12.0 0.037199 0.014524 0.14 21.67 40.14
-13.0 0.037107 0.015846 0.14 22.73 285.48
-14.0 0.037185 0.015041 0.13 23.76 334.2
-15.0 0.037169 0.033101 0.13 24.73 39.63
-16.0 0.037161 0.024024 0.13 25.8 59.91
-17.0 0.037201 0.00645 0.13 26.81 304.18
-18.0 0.037106 0.01944 0.12 27.76 288.63
-19.0 0.037253 0.018188 0.12 28.72 10.33
-20.0 0.037086 0.036864 0.12 29.55 41.51
-21.0 0.037203 0.019105 0.12 30.3 356.61
-22.0 0.037084 0.038776 0.11 30.69 330.83
-23.0 0.037122 0.02185 0.11 30.67 304.59
-24.0 0.037185 0.022214 0.11 31.21 312.85
-25.0 0.037126 0.012996 0.1 30.22 205.56
-26.0 0.037183 0.005537 0.1 30.23 177.24
-27.0 0.037153 0.01255 0.1 29.98 172.39
-28.0 0.037224 0.01619 0.1 28.58 353.67
-29.0 0.037068 0.03319 0.09 28.25 337.7
-30.0 0.037206 0.011213 0.09 26.04 295.31
-31.0 0.037075 0.023487 0.09 24.52 216.42
-32.0 0.037246 0.00732 0.09 23.04 313.0
-33.0 0.037067 0.033742 0.09 21.38 346.03
-34.0 0.037216 0.017171 0.09 20.43 354.08
-35.0 0.037156 0.019879 0.08 19.74 91.06
-36.0 0.037204 0.012455 0.08 19.37 134.14
-37.0 0.03719 0.01557 0.08 18.84 265.65
-38.0 0.037126 0.029084 0.08 18.36 273.25
-39.0 0.037226 0.015172 0.09 17.43 351.69
-40.0 0.037075 0.032056 0.09 16.21 11.96
-41.0 0.037235 0.009864 0.09 14.62 351.12
-42.0 0.037134 0.019632 0.09 14.3 158.12
-43.0 0.037243 0.006501 0.09 13.59 190.45
-44.0 0.037193 0.022435 0.09 13.48 304.64
-45.0 0.03712 0.03166 0.09 13.65 312.72
-46.0 0.037195 0.009929 0.09 14.1 199.52
-47.0 0.037095 0.025905 0.09 14.42 182.36
-48.0 0.037256 0.009046 0.09 14.5 289.61
-49.0 0.037104 0.035134 0.09 14.68 277.92
-50.0 0.037252 0.018833 0.09 14.88 312.72
-51.0 0.037118 0.029587 0.1 14.43 2.95
-52.0 0.037207 0.018432 0.1 14.61 21.65
-53.0 0.037186 0.014462 0.1 15.24 127.68
-54.0 0.03712 0.019473 0.1 15.93 151.09
-55.0 0.037271 0.009444 0.1 17.22 249.13
-56.0 0.037097 0.03598 0.1 17.0 246.94
-57.0 0.037164 0.018759 0.1 18.21 212.83
-58.0 0.037008 0.010249 0.1 19.82 164.55
-59.0 0.036961 0.002669 0.1 20.72 98.01
-60.0 0.036954 0.010809 0.11 21.64 210.57
-61.0 0.037031 0.013464 0.11 22.87 76.82
-62.0 0.037126 0.022393 0.11 24.65 46.98
-63.0 0.036975 0.018305 0.11 25.7 7.36
-64.0 0.036924 0.01434 0.11 26.79 38.15
-65.0 0.037051 0.024535 0.11 27.59 11.63
-66.0 0.037051 0.029869 0.11 29.03 13.15
-67.0 0.036958 0.017722 0.11 30.25 2.28
-68.0 0.037036 0.031203 0.11 31.97 12.69
-69.0 0.037024 0.021351 0.11 33.39 7.27
-70.0 0.036948 0.013721 0.11 35.04 0.86
-71.0 0.03702 0.019644 0.11 36.59 24.86
-72.0 0.037055 0.027161 0.11 38.09 26.18
-73.0 0.036944 0.008629 0.11 40.04 354.98
-74.0 0.036993 0.011934 0.11 41.74 17.23
-75.0 0.03706 0.016637 0.11 43.53 19.23
-76.0 0.036964 0.006577 0.11 45.46 345.38
-77.0 0.036994 0.012218 0.11 46.92 101.34
-78.0 0.037052 0.022555 0.1 48.52 100.56
-79.0 0.036942 0.0183 0.1 50.66 135.34
-80.0 0.036987 0.024766 0.1 52.22 156.76
-81.0 0.037049 0.032337 0.1 53.99 157.55
-82.0 0.036959 0.023314 0.1 55.82 165.21
-83.0 0.037005 0.032309 0.1 57.91 156.42
-84.0 0.037092 0.028701 0.1 59.94 156.63
-85.0 0.036996 0.022054 0.1 62.25 109.19
-86.0 0.037009 0.027998 0.09 64.07 56.07
-87.0 0.037184 0.009592 0.09 65.69 46.28
-88.0 0.037103 0.023294 0.09 67.27 274.75
-89.0 0.037183 0.010035 0.09 69.48 249.15
-90.0 0.037058 0.021956 0.09 72.13 226.01
-91.0 0.037012 0.023276 0.08 74.34 191.76
-92.0 0.037044 0.025538 0.08 76.58 169.14
-93.0 0.037025 0.024494 0.08 78.91 147.97
-94.0 0.037041 0.030479 0.08 81.5 114.61
-95.0 0.037155 0.023475 0.07 84.56 76.5
-96.0 0.037107 0.019544 0.07 86.63 62.41
-97.0 0.037032 0.019821 0.07 89.36 67.27
-98.0 0.037034 0.017606 0.07 92.06 10.28
-99.0 0.03709 0.017648 0.06 94.6 7.98
-100.0 0.037108 0.014305 0.06 97.31 332.36
-101.0 0.037135 0.012153 0.06 99.69 336.62
-102.0 0.037072 0.021146 0.05 102.53 267.53
-103.0 0.037092 0.013152 0.05 105.22 209.03
-104.0 0.037122 0.008853 0.05 107.65 243.35
-105.0 0.03704 0.015539 0.05 110.24 203.33
-106.0 0.03707 0.02015 0.04 112.6 172.69
-107.0 0.037073 0.024546 0.04 115.72 135.92
-108.0 0.037111 0.016735 0.04 119.27 86.62
-109.0 0.037102 0.015806 0.04 122.6 58.12
-110.0 0.037054 0.012599 0.03 126.12 55.85
-111.0 0.037107 0.012137 0.03 129.14 42.89
-112.0 0.037133 0.019814 0.03 133.0 42.67
-113.0 0.037072 0.017733 0.03 136.66 328.66
-114.0 0.037089 0.012911 0.02 142.01 284.07
-115.0 0.037093 0.011956 0.02 146.16 243.8
-116.0 0.037049 0.004519 0.02 151.79 228.23
-117.0 0.037086 0.015379 0.02 157.22 186.96
-118.0 0.037035 0.010809 0.02 163.72 174.57
-119.0 0.03702 0.018425 0.01 170.64 144.25
-120.0 0.037023 0.009909 0.01 177.27 139.98
-121.0 0.037031 0.017778 0.01 185.73 109.96
-122.0 0.03703 0.009792 0.01 195.07 92.34
-123.0 0.037006 0.01359 0.01 205.16 85.18
-124.0 0.03704 0.004418 0.01 215.47 12.55
-125.0 0.037012 0.008969 0.01 223.44 48.67
-126.0 0.037014 0.003321 0.01 235.19 111.61
-127.0 0.037053 0.006276 0.01 243.02 325.21
-128.0 0.036986 0.016049 0.01 252.12 23.15
-129.0 0.037007 0.021606 0.01 256.38 60.23
-130.0 0.037021 0.013782 0.01 261.75 42.98
-131.0 0.03707 0.019518 0.01 268.79 8.11
-132.0 0.037045 0.014702 0.01 272.45 10.88
-133.0 0.037014 0.01898 0.01 275.99 308.29
-134.0 0.037057 0.022984 0.01 279.82 312.38
-135.0 0.037012 0.020911 0.01 282.96 276.94
-136.0 0.037015 0.025998 0.01 285.58 270.9
-137.0 0.037003 0.015569 0.01 286.67 266.24
-138.0 0.037047 0.021619 0.01 288.25 242.22
-139.0 0.037015 0.013474 0.01 290.63 252.86
-140.0 0.037054 0.009321 0.01 290.32 196.3
-141.0 0.03707 0.008039 0.01 288.64 232.78
-142.0 0.037043 0.005548 0.01 289.39 29.75
-143.0 0.037036 0.006582 0.01 288.24 99.99
-144.0 0.036993 0.00785 0.01 285.12 242.37
-145.0 0.037054 0.007852 0.01 280.78 305.25
-146.0 0.037008 0.01072 0.01 277.48 237.0
-147.0 0.037019 0.020036 0.01 272.44 258.43
-148.0 0.036998 0.010676 0.01 267.46 248.39
-149.0 0.037031 0.02022 0.01 262.1 235.92
-150.0 0.037026 0.013813 0.01 256.84 241.81
-151.0 0.037055 0.010989 0.01 249.46 182.86
-152.0 0.037071 0.009673 0.01 245.89 208.2
-153.0 0.037049 0.011774 0.01 241.98 117.88
-154.0 0.037038 0.014645 0.01 238.16 138.73
-155.0 0.037005 0.015721 0.02 234.47 96.04
-156.0 0.03703 0.018104 0.02 232.56 93.19
-157.0 0.037021 0.023433 0.02 230.39 63.03
-158.0 0.037013 0.019998 0.02 229.73 51.38
-159.0 0.037022 0.027152 0.02 229.1 35.44
-160.0 0.037004 0.016845 0.03 228.3 16.35
-161.0 0.037085 0.023822 0.03 228.73 9.14
-162.0 0.03701 0.010636 0.03 227.95 341.83
-163.0 0.0371 0.016606 0.03 228.86 332.91
-164.0 0.037108 0.018534 0.04 229.3 323.26
-165.0 0.037145 0.024305 0.04 230.18 279.93
-166.0 0.037142 0.01311 0.04 231.09 310.5
-167.0 0.037104 0.02445 0.04 232.13 276.38
-168.0 0.037092 0.015383 0.05 233.33 245.7
-169.0 0.037034 0.007132 0.05 234.65 227.54
-170.0 0.03711 0.006237 0.05 235.64 278.46
-171.0 0.037115 0.006033 0.05 237.17 285.26
-172.0 0.037117 0.009594 0.06 238.35 221.41
-173.0 0.037116 0.01254 0.06 239.87 19.42
-174.0 0.037114 0.009664 0.06 241.27 308.8
-175.0 0.037095 0.009622 0.06 242.79 1.41
-176.0 0.037087 0.025684 0.07 244.33 311.97
-177.0 0.037141 0.012225 0.07 245.84 296.38
-178.0 0.037083 0.018701 0.07 247.17 303.28
-179.0 0.037077 0.02441 0.08 248.89 268.37
-180.0 0.037107 0.018939 0.08 250.67 240.48
-181.0 0.037059 0.014569 0.08 252.12 220.92
-182.0 0.037054 0.008687 0.08 253.57 245.27
-183.0 0.03715 0.009331 0.09 255.37 269.53
-184.0 0.037061 0.014509 0.09 256.92 221.0
-185.0 0.037044 0.012719 0.09 258.62 179.58
-186.0 0.037046 0.010542 0.09 260.11 142.72
-187.0 0.037008 0.006401 0.1 261.79 138.41
-188.0 0.037061 0.007745 0.1 263.35 104.79
-189.0 0.037056 0.00513 0.1 264.92 81.8
-190.0 0.037058 0.004718 0.1 266.6 59.4
-191.0 0.037055 0.00488 0.1 268.19 9.04
-192.0 0.037058 0.005994 0.11 269.74 2.1
-193.0 0.03706 0.006812 0.11 271.3 318.66
-194.0 0.037069 0.008678 0.11 272.86 322.03
-195.0 0.037111 0.012285 0.11 274.45 293.58
-196.0 0.037055 0.012511 0.11 276.04 290.4
-197.0 0.037101 0.011306 0.11 277.62 281.86
-198.0 0.03712 0.009977 0.12 278.98 299.11
-199.0 0.037079 0.017501 0.12 280.48 281.35
-200.0 0.037069 0.021041 0.12 282.06 271.44
-201.0 0.037031 0.021635 0.12 283.56 261.45
-202.0 0.037046 0.01931 0.12 285.02 243.17
-203.0 0.037077 0.016346 0.12 286.51 227.6
-204.0 0.037077 0.018189 0.12 287.87 224.54
-205.0 0.037022 0.016316 0.12 289.26 218.39
-206.0 0.037048 0.012104 0.12 290.6 210.2
-207.0 0.037071 0.008464 0.12 292.05 199.31
-208.0 0.037011 0.010146 0.12 293.36 133.25
-209.0 0.03701 0.009691 0.12 294.66 184.72
-210.0 0.037032 0.00623 0.12 295.92 134.67
-211.0 0.037041 0.004941 0.12 297.16 147.79
-212.0 0.037046 0.005578 0.12 298.43 160.86
-213.0 0.037078 0.005421 0.12 299.55 101.79
-214.0 0.037042 0.004065 0.12 300.56 11.32
-215.0 0.037021 0.006359 0.12 301.73 319.78
-216.0 0.037006 0.006762 0.12 302.77 291.87
-217.0 0.03704 0.007154 0.12 303.84 292.62
-218.0 0.03701 0.01603 0.12 304.89 269.17
-219.0 0.037011 0.021989 0.12 305.9 268.1
-220.0 0.037047 0.018881 0.12 306.89 265.98
-221.0 0.037055 0.017915 0.12 307.85 253.21
-222.0 0.03707 0.014765 0.12 308.7 237.16
-223.0 0.037044 0.0129 0.12 309.53 197.86
-224.0 0.037015 0.015517 0.12 310.28 194.88
-225.0 0.037008 0.014363 0.12 310.98 187.87
-226.0 0.037036 0.013989 0.12 311.74 171.78
-227.0 0.037009 0.010549 0.12 312.34 168.39
-228.0 0.037026 0.00839 0.12 312.89 163.83
-229.0 0.037079 0.005782 0.11 313.39 150.6
-230.0 0.037082 0.003078 0.11 313.78 122.16
-231.0 0.037064 0.002792 0.11 314.25 119.64
-232.0 0.037107 0.002242 0.11 314.39 151.94
-233.0 0.037088 0.004297 0.11 314.73 71.81
-234.0 0.037115 0.010356 0.11 314.73 51.14
-235.0 0.037061 0.014361 0.11 314.92 322.72
-236.0 0.037055 0.014133 0.11 314.93 272.23
-237.0 0.037064 0.016005 0.11 314.89 230.55
-238.0 0.037077 0.011379 0.1 314.78 211.84
-239.0 0.037107 0.005799 0.1 314.34 188.08
-240.0 0.037103 0.013518 0.1 314.22 227.26
-241.0 0.037079 0.023879 0.1 313.57 193.49
-242.0 0.037046 0.022829 0.1 312.96 167.56
-243.0 0.037006 0.023259 0.1 312.54 151.81
-244.0 0.036992 0.022574 0.1 312.3 150.55
-245.0 0.037021 0.018767 0.1 311.8 146.29
-246.0 0.037058 0.011895 0.1 311.45 93.56
-247.0 0.037052 0.015751 0.1 310.94 93.29
-248.0 0.037049 0.010846 0.1 310.59 97.19
-249.0 0.037083 0.010507 0.1 309.99 66.6
-250.0 0.037076 0.00614 0.1 309.62 35.99
-251.0 0.037059 0.005422 0.1 309.04 50.52
-252.0 0.037021 0.00433 0.11 308.54 351.9
-253.0 0.037042 0.007547 0.11 308.18 347.66
-254.0 0.037061 0.01105 0.11 307.91 302.69
-255.0 0.037056 0.00966 0.11 307.56 241.87
-256.0 0.037085 0.004344 0.11 307.29 165.18
-257.0 0.037074 0.005613 0.11 307.2 326.2
-258.0 0.037086 0.012198 0.11 306.93 283.71
-259.0 0.037088 0.01459 0.12 306.9 263.4
-260.0 0.037026 0.01517 0.12 306.82 246.42
-261.0 0.03705 0.013716 0.12 306.73 207.61
-262.0 0.037108 0.003031 0.12 306.8 290.79
-263.0 0.037096 0.016228 0.12 307.08 252.61
-264.0 0.037074 0.021845 0.12 307.76 215.01
-265.0 0.037059 0.014257 0.13 307.82 170.36
-266.0 0.037118 0.010286 0.13 307.98 250.65
-267.0 0.037069 0.018476 0.13 308.36 199.61
-268.0 0.03707 0.021547 0.13 308.91 177.8
-269.0 0.036968 0.017282 0.13 309.03 158.94
-270.0 0.036961 0.015834 0.14 309.54 97.42
-271.0 0.036931 0.011495 0.14 309.92 68.17
-272.0 0.037005 0.011769 0.14 310.71 140.72
-273.0 0.037095 0.018386 0.14 311.26 147.39
-274.0 0.037152 0.021936 0.14 311.72 134.54
-275.0 0.037066 0.015544 0.15 312.26 90.3
-276.0 0.037108 0.003603 0.15 313.0 343.73
-277.0 0.037106 0.005545 0.15 313.47 141.97
-278.0 0.037089 0.006927 0.15 314.23 76.01
-279.0 0.03702 0.004569 0.15 314.72 258.99
-280.0 0.037047 0.007339 0.16 315.46 210.5
-281.0 0.037023 0.00921 0.16 316.26 206.98
-282.0 0.037055 0.016795 0.16 317.01 185.32
-283.0 0.037036 0.024103 0.16 317.79 176.62
-284.0 0.037004 0.019125 0.16 318.64 179.7
-285.0 0.036974 0.013799 0.17 319.68 180.34
-286.0 0.037048 0.016815 0.17 320.47 142.66
-287.0 0.037051 0.022242 0.17 321.51 119.6
-288.0 0.036977 0.01671 0.17 322.64 107.91
-289.0 0.036988 0.016217 0.17 323.59 105.53
-290.0 0.036956 0.021476 0.17 324.72 59.86
-291.0 0.037016 0.024056 0.17 325.65 74.06
-292.0 0.036899 0.011266 0.17 326.58 36.59
-293.0 0.0369 0.007191 0.17 327.54 116.98
-294.0 0.03702 0.026699 0.17 328.48 93.53
-295.0 0.037002 0.019303 0.17 329.37 96.89
-296.0 0.036992 0.017986 0.18 330.33 98.58
-297.0 0.037014 0.023144 0.18 331.31 52.07
-298.0 0.036993 0.019222 0.18 332.14 52.63
-299.0 0.037014 0.021226 0.18 333.16 68.28
-300.0 0.036948 0.010936 0.18 333.95 354.72
-301.0 0.037006 0.023436 0.18 334.82 2.07
-302.0 0.037047 0.01394 0.18 335.75 349.3
-303.0 0.036981 0.004554 0.18 336.68 341.63
-304.0 0.036978 0.014148 0.18 337.72 271.79
-305.0 0.037026 0.009029 0.18 338.64 311.06
-306.0 0.036973 0.013691 0.18 339.54 186.83
-307.0 0.036975 0.017682 0.18 340.46 211.58
-308.0 0.036993 0.005358 0.18 341.49 137.37
-309.0 0.036985 0.020504 0.18 342.34 123.56
-310.0 0.036972 0.018272 0.18 343.29 142.84
-311.0 0.036961 0.012439 0.18 344.0 122.47
-312.0 0.03699 0.009445 0.18 344.8 70.32
-313.0 0.036987 0.018849 0.18 345.64 80.44
-314.0 0.036987 0.008955 0.17 346.42 87.24
-315.0 0.037002 0.011574 0.17 347.16 86.11
-316.0 0.037042 0.013278 0.17 347.95 28.61
-317.0 0.036969 0.013863 0.17 348.74 81.42
-318.0 0.037023 0.012528 0.17 349.43 59.14
-319.0 0.036999 0.006008 0.17 350.16 30.73
-320.0 0.037004 0.016741 0.17 350.81 54.52
-321.0 0.037003 0.005294 0.17 351.52 84.72
-322.0 0.036992 0.010875 0.17 352.14 47.19
-323.0 0.036946 0.020532 0.17 352.59 86.0
-324.0 0.037007 0.023164 0.16 353.1 126.9
-325.0 0.037003 0.012962 0.16 353.72 93.17
-326.0 0.036941 0.031498 0.16 354.37 75.75
-327.0 0.03703 0.030675 0.16 354.9 83.78
-328.0 0.036993 0.029206 0.16 355.43 47.88
-329.0 0.036999 0.033945 0.16 355.97 46.21
-330.0 0.036999 0.03849 0.16 356.4 34.22
-331.0 0.037 0.025181 0.16 356.88 20.95
-332.0 0.037041 0.035578 0.16 357.25 0.23
-333.0 0.036953 0.027864 0.15 357.53 3.47
-334.0 0.037048 0.020347 0.15 357.92 333.08
-335.0 0.036971 0.02211 0.15 358.31 331.84
-336.0 0.037016 0.021848 0.15 358.58 320.34
-337.0 0.036994 0.008352 0.15 358.76 331.18
-338.0 0.03708 0.008146 0.15 359.1 284.86
-339.0 0.037018 0.014338 0.15 359.32 249.26
-340.0 0.03702 0.013586 0.15 359.58 233.9
-341.0 0.037064 0.01135 0.15 359.79 224.81
-342.0 0.037084 0.013458 0.15 0.02 186.37
-343.0 0.037108 0.008879 0.15 0.25 135.63
-344.0 0.037117 0.005145 0.15 0.46 108.68
-345.0 0.037121 0.007749 0.15 0.64 147.18
-346.0 0.03704 0.013228 0.15 0.83 111.09
-347.0 0.037038 0.016017 0.15 0.99 85.1
-348.0 0.036986 0.014823 0.15 1.25 74.32
-349.0 0.037047 0.019258 0.15 1.36 44.48
-350.0 0.037046 0.029911 0.15 1.52 22.44
-351.0 0.037004 0.028942 0.15 1.81 18.33
-352.0 0.037063 0.029374 0.15 2.04 357.78
-353.0 0.037109 0.019045 0.15 2.31 347.89
-354.0 0.037136 0.020206 0.15 2.58 355.16
-355.0 0.037096 0.025462 0.15 2.89 340.71
-356.0 0.037073 0.01727 0.15 3.23 306.06
-357.0 0.037104 0.005669 0.15 3.58 249.51
-358.0 0.037115 0.003399 0.15 3.92 319.82
-359.0 0.037117 0.001439 0.15 4.32 320.73
-360.0 0.037088 0.00208 0.15 4.73 222.87
-361.0 0.037047 0.009481 0.15 5.19 157.89
-362.0 0.037005 0.010899 0.15 5.68 114.6
-363.0 0.037057 0.013591 0.15 6.17 84.03
-364.0 0.037059 0.016893 0.15 6.71 77.39
-365.0 0.03706 0.025352 0.15 7.28 61.81
-366.0 0.037051 0.027633 0.15 7.87 47.04
-367.0 0.037033 0.030446 0.15 8.52 39.72
-368.0 0.036942 0.014555 0.15 9.04 10.25
-369.0 0.036876 0.010973 0.15 9.68 30.36
-370.0 0.036976 0.025938 0.15 10.67 350.33
-371.0 0.037003 0.031958 0.15 11.54 352.35
-372.0 0.036897 0.01565 0.15 12.44 11.64
-373.0 0.036986 0.032172 0.15 13.17 18.28
-374.0 0.036967 0.027764 0.15 13.92 23.47
-375.0 0.036909 0.015988 0.15 14.75 26.97
-376.0 0.037012 0.032918 0.15 15.51 41.48
-377.0 0.037001 0.026594 0.15 16.39 23.29
-378.0 0.037071 0.031883 0.15 17.47 15.14
-379.0 0.037041 0.025237 0.15 18.36 339.92
-380.0 0.037063 0.027053 0.15 19.36 340.52
-381.0 0.037153 0.028209 0.15 20.33 331.26
-382.0 0.037061 0.026505 0.15 21.52 280.61
-383.0 0.037164 0.00885 0.15 22.44 294.62
-384.0 0.037095 0.016465 0.15 23.49 235.96
-385.0 0.037165 0.013923 0.15 24.69 15.85
-386.0 0.037121 0.008708 0.15 25.79 58.38
-387.0 0.037153 0.026202 0.15 26.68 324.02
-388.0 0.037076 0.022754 0.15 27.89 329.26
-389.0 0.036987 0.025887 0.14 29.13 323.24
-390.0 0.036903 0.023271 0.14 30.41 320.44
-391.0 0.037062 0.037092 0.14 31.66 317.79
-392.0 0.037141 0.037253 0.14 32.88 285.63
-393.0 0.037145 0.023647 0.14 34.02 277.21
-394.0 0.037016 0.017935 0.14 35.35 264.02
-395.0 0.036923 0.020796 0.14 37.21 190.04
-396.0 0.036913 0.007924 0.14 38.44 207.16
-397.0 0.036947 0.025024 0.13 40.01 159.14
-398.0 0.037085 0.033103 0.13 41.09 129.55
-399.0 0.037241 0.007628 0.13 41.66 51.57
-400.0 0.037063 0.028243 0.13 43.21 265.43
-401.0 0.037145 0.014004 0.12 43.78 231.41
-402.0 0.037102 0.017473 0.12 44.9 218.25
-403.0 0.037043 0.027598 0.12 45.58 152.01
-404.0 0.037172 0.019679 0.11 46.67 103.44
-405.0 0.037107 0.034574 0.11 48.24 89.38
-406.0 0.037231 0.007354 0.11 48.95 55.61
-407.0 0.037074 0.022363 0.1 50.08 245.59
-408.0 0.037181 0.005042 0.1 50.7 163.69
-409.0 0.037029 0.022099 0.1 51.0 165.32
-410.0 0.037016 0.02534 0.09 51.51 119.88
-411.0 0.03705 0.029369 0.09 52.87 89.8
-412.0 0.037139 0.028657 0.09 52.79 57.95
-413.0 0.036986 0.019065 0.09 52.98 45.66
-414.0 0.036905 0.009916 0.08 53.48 83.35
-415.0 0.036974 0.018668 0.08 53.72 25.22
-416.0 0.037054 0.031915 0.08 53.84 356.23
-417.0 0.037008 0.024155 0.07 53.93 350.83
-418.0 0.037044 0.026879 0.07 53.52 331.24
-419.0 0.036984 0.026732 0.07 53.14 322.79
-420.0 0.03691 0.00924 0.07 52.68 352.58
-421.0 0.037 0.025096 0.07 52.46 345.18
-422.0 0.036984 0.028303 0.06 51.16 359.21
-423.0 0.036941 0.019863 0.06 49.78 33.14
-424.0 0.037054 0.025234 0.06 48.71 33.11
-425.0 0.037023 0.027491 0.06 46.75 43.95
-426.0 0.036938 0.02978 0.06 45.33 66.17
-427.0 0.037039 0.035464 0.06 43.13 85.22
-428.0 0.036957 0.02828 0.06 41.54 91.57
-429.0 0.03696 0.025918 0.06 39.85 96.77
-430.0 0.03703 0.032796 0.06 38.19 110.06
-431.0 0.036937 0.023132 0.06 36.32 122.28
-432.0 0.03699 0.016871 0.06 35.5 158.31
-433.0 0.037045 0.017048 0.06 34.04 166.59
-434.0 0.036928 0.011296 0.06 33.29 172.24
-435.0 0.037007 0.021563 0.06 32.96 221.52
-436.0 0.036989 0.019026 0.06 32.23 236.56
-437.0 0.03694 0.014392 0.06 31.6 247.76
-438.0 0.037017 0.030785 0.06 31.29 248.65
-439.0 0.036916 0.019722 0.06 31.76 269.58
-440.0 0.036933 0.026018 0.06 31.6 271.75
-441.0 0.036992 0.036163 0.06 31.77 270.57
-442.0 0.036936 0.023048 0.06 32.32 285.2
-443.0 0.036938 0.032277 0.07 32.36 290.65
-444.0 0.037009 0.039681 0.07 32.19 295.89
-445.0 0.036946 0.021708 0.07 32.49 295.52
-446.0 0.036951 0.025901 0.07 33.04 308.71
-447.0 0.037029 0.034353 0.07 33.2 321.47
-448.0 0.036952 0.018 0.07 33.73 319.94
-449.0 0.03697 0.01493 0.07 34.64 332.42
-450.0 0.037018 0.027954 0.07 35.66 355.12
-451.0 0.036959 0.017655 0.07 36.56 16.19
-452.0 0.036978 0.013875 0.07 37.47 58.15
-453.0 0.037098 0.022016 0.07 38.9 57.96
-454.0 0.036959 0.018975 0.07 41.06 56.25
-455.0 0.036986 0.030136 0.08 42.2 82.3
-456.0 0.036988 0.034162 0.08 43.89 80.0
-457.0 0.036992 0.023681 0.08 46.07 96.95
-458.0 0.037075 0.027585 0.08 47.78 92.86
-459.0 0.037009 0.023647 0.08 49.92 91.81
-460.0 0.036942 0.025043 0.08 52.04 109.41
-461.0 0.037037 0.027576 0.08 54.16 129.32
-462.0 0.036982 0.015742 0.08 56.08 148.76
-463.0 0.036999 0.01056 0.08 58.45 179.88
-464.0 0.03703 0.012297 0.08 60.45 206.76
-465.0 0.036972 0.012793 0.08 62.61 226.95
-466.0 0.036998 0.027482 0.08 64.68 247.37
-467.0 0.036987 0.031069 0.08 67.15 252.74
-468.0 0.036945 0.026947 0.08 69.64 275.89
-469.0 0.037061 0.035092 0.07 72.37 261.15
-470.0 0.036971 0.036443 0.07 75.27 265.62
-471.0 0.036947 0.040347 0.07 77.93 281.02
-472.0 0.03704 0.042843 0.07 80.38 285.58
-473.0 0.036967 0.030413 0.07 84.43 275.69
-474.0 0.036982 0.037713 0.07 87.36 282.86
-475.0 0.036996 0.03546 0.07 90.51 282.73
-476.0 0.036972 0.022253 0.07 93.32 290.72
-477.0 0.037032 0.0155 0.07 97.23 315.83
-478.0 0.037003 0.010701 0.07 100.14 337.73
-479.0 0.036951 0.003006 0.07 102.9 313.99
-480.0 0.037063 0.017507 0.06 106.48 42.92
-481.0 0.036973 0.018748 0.06 109.95 68.94
-482.0 0.036947 0.021019 0.06 113.49 105.32
-483.0 0.037077 0.028021 0.06 116.63 98.25
-484.0 0.036982 0.023373 0.06 122.08 85.71
-485.0 0.036955 0.035774 0.06 125.65 92.97
-486.0 0.036981 0.035246 0.06 130.44 79.31
-487.0 0.036958 0.028648 0.06 134.98 96.28
-488.0 0.037095 0.029007 0.06 139.3 85.4
-489.0 0.036967 0.020382 0.05 144.43 76.44
-490.0 0.03697 0.027013 0.05 148.75 95.77
-491.0 0.036995 0.028908 0.05 153.34 103.05
-492.0 0.036968 0.013338 0.05 157.64 133.06
-493.0 0.037006 0.015636 0.05 163.06 152.3
-494.0 0.037023 0.018809 0.05 167.52 171.22
-495.0 0.036974 0.016399 0.05 172.01 182.26
-496.0 0.036984 0.03121 0.05 177.06 207.14
-497.0 0.036972 0.034963 0.05 181.92 203.97
-498.0 0.036938 0.023913 0.05 187.02 213.08
-499.0 0.037115 0.035214 0.05 191.84 200.73
-500.0 0.036936 0.035006 0.05 196.63 202.42
-501.0 0.036968 0.03017 0.05 200.82 217.19
-502.0 0.037073 0.028734 0.05 204.55 218.65
-503.0 0.036919 0.023262 0.05 210.08 196.99
-504.0 0.036996 0.027167 0.05 213.64 222.8
-505.0 0.036977 0.021099 0.06 217.67 207.23
-506.0 0.036911 0.014292 0.06 222.24 136.75
-507.0 0.036955 0.012619 0.06 227.36 165.18
-508.0 0.03709 0.022466 0.06 232.7 142.21
-509.0 0.037083 0.019646 0.06 237.46 109.63
-510.0 0.03714 0.017253 0.06 241.28 104.7
-511.0 0.037046 0.023534 0.06 245.67 58.24
-512.0 0.037025 0.022882 0.06 249.66 36.09
-513.0 0.037039 0.02698 0.06 252.95 21.73
-514.0 0.037036 0.028118 0.06 256.27 356.34
-515.0 0.037019 0.024323 0.06 259.88 328.3
-516.0 0.036981 0.029222 0.06 263.4 309.77
-517.0 0.037042 0.023581 0.06 266.88 286.3
-518.0 0.036991 0.019114 0.06 270.1 271.36
-519.0 0.037082 0.020375 0.06 272.9 239.8
-520.0 0.037114 0.019636 0.06 275.97 221.81
-521.0 0.037035 0.028274 0.06 278.41 201.61
-522.0 0.037077 0.028591 0.06 281.26 174.65
-523.0 0.037093 0.028594 0.06 284.0 120.38
-524.0 0.037071 0.036003 0.06 287.7 92.46
-525.0 0.036943 0.029393 0.06 290.18 81.98
-526.0 0.036909 0.016051 0.05 292.23 76.14
-527.0 0.037051 0.034325 0.05 294.51 64.04
-528.0 0.036957 0.027638 0.05 295.88 63.55
-529.0 0.036939 0.016196 0.05 297.25 71.96
-530.0 0.037088 0.021488 0.05 298.22 70.24
-531.0 0.036903 0.015361 0.05 299.34 39.5
-532.0 0.036948 0.014043 0.05 300.57 51.75
-533.0 0.037106 0.01254 0.04 301.25 52.07
-534.0 0.037139 0.01666 0.04 302.11 73.56
-535.0 0.037084 0.011739 0.04 302.61 351.09
-536.0 0.037078 0.010924 0.04 302.91 307.33
-537.0 0.037017 0.012474 0.04 302.36 250.16
-538.0 0.037111 0.019316 0.03 300.28 261.84
-539.0 0.037013 0.015031 0.03 298.08 225.07
-540.0 0.037009 0.028303 0.03 295.72 220.73
-541.0 0.037046 0.024637 0.03 290.72 220.37
-542.0 0.037031 0.026335 0.03 286.06 186.11
-543.0 0.037063 0.024368 0.03 281.4 186.25
-544.0 0.037113 0.024849 0.03 275.85 150.8
-545.0 0.037134 0.020331 0.03 270.26 160.74
-546.0 0.037091 0.032074 0.03 266.09 166.51
-547.0 0.037115 0.022592 0.03 257.69 97.88
-548.0 0.037124 0.026134 0.03 255.08 120.71
-549.0 0.037176 0.013617 0.03 251.83 344.14
-550.0 0.037117 0.021289 0.04 249.78 343.58
-551.0 0.037273 0.008854 0.04 246.91 141.78
-552.0 0.037065 0.032356 0.04 246.23 130.16
-553.0 0.037184 0.020532 0.04 243.83 75.86
-554.0 0.037002 0.017869 0.05 243.22 61.34
-555.0 0.036894 0.012208 0.05 242.81 50.1
-556.0 0.036993 0.020327 0.06 242.33 32.84
-557.0 0.037174 0.017363 0.06 242.03 33.83
-558.0 0.037061 0.035013 0.07 243.03 321.07
-559.0 0.037209 0.018557 0.07 243.96 308.75
-560.0 0.037043 0.027737 0.07 244.95 237.53
-561.0 0.03711 0.023428 0.08 246.66 199.22
-562.0 0.03706 0.021405 0.08 247.89 170.65
-563.0 0.037052 0.019451 0.09 249.04 137.45
-564.0 0.037014 0.019606 0.09 250.46 122.23
-565.0 0.037054 0.020881 0.1 251.92 107.55
-566.0 0.037159 0.014516 0.1 253.76 75.85
-567.0 0.03709 0.020777 0.1 255.15 54.0
-568.0 0.037044 0.018389 0.11 257.05 34.0
-569.0 0.036904 0.013692 0.11 258.48 328.82
-570.0 0.036948 0.012923 0.12 260.02 18.77
-571.0 0.037094 0.027632 0.12 261.99 332.76
-572.0 0.036973 0.02696 0.12 263.9 331.43
-573.0 0.036905 0.013335 0.13 265.33 315.12
-574.0 0.036942 0.023054 0.13 267.17 322.92
-575.0 0.037028 0.033714 0.13 269.02 327.59
-576.0 0.037075 0.034378 0.14 270.81 307.72
-577.0 0.037142 0.021028 0.14 273.22 255.97
-578.0 0.037053 0.01857 0.14 274.86 231.93
-579.0 0.037184 0.030043 0.14 276.56 234.59
-580.0 0.03719 0.015548 0.15 278.74 302.78
-581.0 0.037081 0.02018 0.15 280.39 338.41
-582.0 0.037218 0.015898 0.15 282.97 223.17
-583.0 0.03706 0.035919 0.15 285.1 195.64
-584.0 0.037039 0.036009 0.16 286.96 162.66
-585.0 0.037171 0.01363 0.16 288.98 170.61
-586.0 0.037064 0.014686 0.16 291.66 357.96
-587.0 0.037148 0.002972 0.16 293.33 318.29
-588.0 0.037022 0.027345 0.16 294.81 278.75
-589.0 0.03709 0.025841 0.16 296.71 241.43
-590.0 0.03714 0.013812 0.16 298.36 230.12
-591.0 0.037029 0.023858 0.16 300.24 246.36
-592.0 0.037091 0.026291 0.16 302.02 218.36
-593.0 0.03716 0.02026 0.16 303.34 143.44
-594.0 0.037117 0.035125 0.16 304.61 147.57
-595.0 0.037197 0.007064 0.16 306.02 185.89
-596.0 0.037093 0.014196 0.16 307.42 324.84
-597.0 0.037191 0.007347 0.17 308.87 125.39
-598.0 0.037127 0.035377 0.17 310.49 147.78
-599.0 0.037174 0.016791 0.17 312.24 139.97
-600.0 0.03707 0.026572 0.16 314.51 67.34
-601.0 0.037209 0.01363 0.16 316.13 105.35
-602.0 0.037108 0.022615 0.16 318.05 181.72
-603.0 0.037198 0.00901 0.16 319.37 212.6
-604.0 0.037147 0.018537 0.16 321.37 10.46
-605.0 0.037171 0.02489 0.16 322.45 53.55
-606.0 0.037199 0.023291 0.16 324.0 113.01
-607.0 0.037175 0.027516 0.16 325.18 147.94
-608.0 0.037214 0.004422 0.16 325.88 220.06
-609.0 0.037123 0.019493 0.16 326.88 334.68
-610.0 0.037204 0.017321 0.15 327.54 45.18
-611.0 0.037091 0.030476 0.15 328.11 78.18
-612.0 0.037172 0.017479 0.15 329.35 107.71
-613.0 0.037158 0.010876 0.14 330.33 206.15
-614.0 0.037185 0.010645 0.14 331.26 319.0
-615.0 0.037178 0.025754 0.14 332.76 25.23
-616.0 0.037189 0.028073 0.14 333.22 57.09
-617.0 0.037145 0.021187 0.14 334.1 106.79
-618.0 0.037162 0.014499 0.14 334.96 157.52
-619.0 0.037183 0.010053 0.13 334.85 285.48
-620.0 0.037171 0.026964 0.13 335.32 325.46
-621.0 0.037248 0.026129 0.13 335.78 14.84
-622.0 0.037142 0.026968 0.13 335.77 58.96
-623.0 0.037186 0.016436 0.13 336.33 93.91
-624.0 0.037164 0.013095 0.12 337.22 186.24
-625.0 0.037183 0.019905 0.12 337.03 263.44
-626.0 0.037197 0.025645 0.12 337.34 326.43
-627.0 0.037189 0.026168 0.12 337.66 6.07
-628.0 0.037161 0.020387 0.12 337.04 69.35
-629.0 0.037175 0.015424 0.12 337.21 140.39
-630.0 0.037173 0.016085 0.11 337.27 231.98
-631.0 0.037198 0.022314 0.11 336.67 289.93
-632.0 0.037164 0.025486 0.11 336.94 343.28
-633.0 0.037178 0.018393 0.11 336.4 35.55
-634.0 0.037173 0.018024 0.11 335.59 115.4
-635.0 0.037178 0.015156 0.11 335.62 183.13
-636.0 0.037174 0.018241 0.11 334.6 262.07
-637.0 0.037113 0.019474 0.11 333.91 312.51
-638.0 0.037173 0.012238 0.1 333.32 46.89
-639.0 0.03711 0.021327 0.1 332.35 112.33
-640.0 0.037201 0.006137 0.1 331.61 225.3
-641.0 0.037095 0.022967 0.1 330.2 294.04
-642.0 0.037178 0.009988 0.1 329.61 359.68
-643.0 0.037126 0.018895 0.09 328.21 105.08
-644.0 0.037187 0.011932 0.09 327.36 165.12
-645.0 0.037156 0.022749 0.09 326.53 266.42
-646.0 0.037148 0.015011 0.09 325.4 301.98
-647.0 0.037151 0.011697 0.09 324.05 109.89
-648.0 0.037112 0.020285 0.09 322.79 168.68
-649.0 0.037185 0.011176 0.09 320.4 299.66
-650.0 0.037115 0.022627 0.1 318.87 340.36
-651.0 0.037192 0.008724 0.1 317.64 62.81
-652.0 0.037122 0.016701 0.1 316.23 151.07
-653.0 0.037234 0.011975 0.1 316.0 243.99
-654.0 0.037139 0.025797 0.1 315.31 305.68
-655.0 0.037175 0.009328 0.1 314.43 290.47
-656.0 0.037079 0.027818 0.11 312.39 223.91
-657.0 0.03713 0.016798 0.11 312.12 182.22
-658.0 0.037094 0.009733 0.11 311.33 205.86
-659.0 0.037098 0.022923 0.12 311.64 180.82
-660.0 0.037129 0.010717 0.12 309.99 56.74
-661.0 0.037137 0.019694 0.13 310.13 81.19
-662.0 0.037223 0.013997 0.13 310.0 198.4
-663.0 0.037178 0.031175 0.14 310.44 230.62
-664.0 0.037218 0.014838 0.14 310.67 280.79
-665.0 0.037098 0.023858 0.14 310.84 354.48
-666.0 0.037182 0.004104 0.15 311.57 313.2
-667.0 0.037052 0.027257 0.15 311.72 223.02
-668.0 0.037208 0.011342 0.16 312.67 232.29
-669.0 0.03712 0.017396 0.16 313.04 18.78
-670.0 0.037199 0.009526 0.16 314.03 84.71
-671.0 0.037142 0.023716 0.17 314.58 198.92
-672.0 0.037113 0.021533 0.17 315.7 215.05
-673.0 0.03708 0.03328 0.18 317.45 156.99
-674.0 0.037209 0.017264 0.18 319.12 175.17
-675.0 0.037151 0.015646 0.19 321.14 299.56
-676.0 0.037166 0.00435 0.19 322.68 344.6
-677.0 0.037117 0.023561 0.19 324.52 185.92
-678.0 0.037153 0.018462 0.19 325.93 209.3
-679.0 0.037181 0.01 0.19 327.18 40.13
-680.0 0.037154 0.024288 0.19 328.55 70.68
-681.0 0.037209 0.019358 0.2 329.94 143.7
-682.0 0.03711 0.030067 0.2 331.2 181.45
-683.0 0.0372 0.011062 0.2 332.69 121.99
-684.0 0.037073 0.028774 0.2 334.13 72.63
-685.0 0.037237 0.007963 0.2 335.52 94.56
-686.0 0.03709 0.016846 0.2 336.68 248.2
-687.0 0.037191 0.005139 0.2 338.23 113.16
-688.0 0.037116 0.029717 0.21 340.08 128.47
-689.0 0.037198 0.010967 0.21 341.81 116.97
-690.0 0.037106 0.02324 0.21 343.92 1.05
-691.0 0.037184 0.024793 0.21 345.49 38.11
-692.0 0.037174 0.027043 0.21 347.33 100.09
-693.0 0.037157 0.017918 0.21 348.76 130.39
-694.0 0.037188 0.007028 0.21 350.4 278.26
-695.0 0.037167 0.023772 0.21 351.95 327.06
-696.0 0.037198 0.023428 0.21 353.15 31.02
-697.0 0.03714 0.031475 0.21 354.46 58.07
-698.0 0.037211 0.014334 0.21 355.87 102.25
-699.0 0.037143 0.015644 0.2 357.15 208.58
-700.0 0.037207 0.007554 0.2 358.75 329.09
-701.0 0.037205 0.030523 0.2 0.45 359.42
-702.0 0.037211 0.021981 0.2 1.81 32.02
-703.0 0.037178 0.015599 0.2 3.54 109.39
-704.0 0.037158 0.010509 0.19 4.88 185.01
-705.0 0.037189 0.017124 0.19 6.52 311.51
-706.0 0.037146 0.029451 0.19 7.86 348.8
-707.0 0.037218 0.016303 0.19 9.24 33.3
-708.0 0.037121 0.019002 0.19 10.51 105.78
-709.0 0.037214 0.002397 0.18 11.59 266.6
-710.0 0.037138 0.027659 0.18 12.68 295.97
-711.0 0.037214 0.02052 0.18 13.8 330.35
-712.0 0.037136 0.02361 0.18 14.77 45.7
-713.0 0.037191 0.011752 0.17 15.87 80.35
-714.0 0.037166 0.014706 0.17 16.88 253.82
-715.0 0.037158 0.025488 0.17 17.91 282.0
-716.0 0.037222 0.019197 0.16 18.91 343.05
-717.0 0.037145 0.025832 0.16 19.77 33.41
-718.0 0.03721 0.002741 0.15 20.87 344.08
-719.0 0.037129 0.024462 0.15 21.8 239.81
-720.0 0.037205 0.015885 0.15 22.67 291.17
-721.0 0.037131 0.026506 0.14 23.64 1.09
-722.0 0.037202 0.013663 0.14 24.3 18.26
-723.0 0.037163 0.017279 0.14 25.14 226.69
-724.0 0.037162 0.023836 0.13 25.6 256.89
-725.0 0.037204 0.021701 0.13 26.18 320.0
-726.0 0.037116 0.023993 0.13 26.52 9.62
-727.0 0.037195 0.008917 0.12 26.88 251.15
-728.0 0.037078 0.028163 0.12 27.17 240.94
-729.0 0.037178 0.006323 0.11 27.1 264.3
-730.0 0.037092 0.012804 0.11 26.99 97.93
-731.0 0.037177 0.010129 0.11 26.32 308.6
-732.0 0.037095 0.025079 0.1 25.63 352.21
-733.0 0.037179 0.014942 0.1 24.77 266.27
-734.0 0.037085 0.028218 0.1 24.03 284.2
-735.0 0.037167 0.015008 0.1 22.54 219.92
-736.0 0.037128 0.024529 0.09 21.17 225.06
-737.0 0.037131 0.009884 0.09 20.08 113.07
-738.0 0.037158 0.012572 0.09 18.7 173.42
-739.0 0.03709 0.015221 0.09 16.69 23.18
-740.0 0.037196 0.004258 0.09 15.38 311.41
-741.0 0.037085 0.027043 0.09 13.98 304.06
-742.0 0.037172 0.010559 0.09 12.4 273.29
-743.0 0.037097 0.033027 0.09 10.66 250.45
-744.0 0.037187 0.010388 0.09 9.54 224.33
-745.0 0.037077 0.022187 0.09 8.54 178.07
-746.0 0.037191 0.002123 0.09 7.19 224.6
-747.0 0.0371 0.013056 0.1 6.18 69.65
-748.0 0.037194 0.011773 0.1 5.59 278.43
-749.0 0.037129 0.023208 0.1 5.15 317.49
-750.0 0.037214 0.017839 0.1 4.58 225.92
-751.0 0.037163 0.028542 0.1 4.2 250.37
-752.0 0.037212 0.008484 0.11 4.03 173.66
-753.0 0.03716 0.021692 0.11 4.19 163.77
-754.0 0.037174 0.008247 0.11 4.78 300.86
-755.0 0.037141 0.011829 0.11 5.06 32.09
-756.0 0.03716 0.014149 0.12 5.18 233.24
-757.0 0.037125 0.025833 0.12 5.54 260.5
-758.0 0.037165 0.01461 0.12 6.45 172.56
-759.0 0.037134 0.027883 0.12 7.3 190.4
-760.0 0.037181 0.000628 0.12 8.43 25.05
-761.0 0.037107 0.013586 0.13 9.26 67.49
-762.0 0.037195 0.014104 0.13 9.94 233.92
-763.0 0.037096 0.019586 0.13 10.87 286.18
-764.0 0.037192 0.015233 0.13 12.4 178.33
-765.0 0.037111 0.028195 0.14 13.71 185.59
-766.0 0.037184 0.005204 0.14 15.28 104.56
-767.0 0.037109 0.021685 0.14 16.41 93.35
-768.0 0.037204 0.008129 0.14 17.51 242.21
-769.0 0.037118 0.01424 0.14 18.82 308.63
-770.0 0.03714 0.017609 0.14 21.12 196.64
-771.0 0.037149 0.020083 0.14 22.58 231.49
-772.0 0.037189 0.012825 0.14 23.95 84.22
-773.0 0.037163 0.026743 0.14 25.32 111.17
-774.0 0.037192 0.010718 0.14 26.59 183.0
-775.0 0.037125 0.016604 0.14 27.99 255.12
-776.0 0.037185 0.005319 0.14 29.37 43.09
-777.0 0.037115 0.027062 0.15 30.69 99.77
-778.0 0.037182 0.014796 0.15 32.25 135.38
-779.0 0.037149 0.017645 0.15 33.63 236.4
-780.0 0.037188 0.009949 0.15 35.33 307.74
-781.0 0.037203 0.021178 0.14 36.68 64.26
-782.0 0.037171 0.024396 0.14 38.41 104.6
-783.0 0.037186 0.014721 0.14 40.07 174.47
-784.0 0.037133 0.016977 0.14 41.76 253.96
-785.0 0.037188 0.009657 0.14 43.77 18.18
-786.0 0.037119 0.024894 0.14 45.46 58.18
-787.0 0.037197 0.018556 0.14 47.65 103.61
-788.0 0.037161 0.021477 0.14 49.75 182.13
-789.0 0.037201 0.0078 0.14 51.77 255.37
-790.0 0.03717 0.020782 0.14 54.47 8.46
-791.0 0.037164 0.022807 0.13 56.44 46.69
-792.0 0.03717 0.019404 0.13 59.1 120.23
-793.0 0.037129 0.017008 0.13 61.47 171.71
-794.0 0.037186 0.007658 0.13 63.89 298.93
-795.0 0.037148 0.026774 0.13 66.54 352.41
-796.0 0.037261 0.015347 0.13 68.8 45.06
-797.0 0.037114 0.021282 0.13 71.04 111.83
-798.0 0.037206 0.006132 0.13 73.22 148.66
-799.0 0.037141 0.019186 0.12 75.3 289.03
-800.0 0.03718 0.022205 0.12 77.75 339.42
-801.0 0.037177 0.021222 0.12 79.74 46.61
-802.0 0.037163 0.018494 0.12 82.29 91.93
-803.0 0.037188 0.011626 0.11 84.79 231.12
-804.0 0.037178 0.023686 0.11 87.42 278.1
-805.0 0.037179 0.017904 0.11 90.89 339.79
-806.0 0.037144 0.023658 0.1 93.58 22.6
-807.0 0.037191 0.013488 0.1 96.85 76.95
-808.0 0.03715 0.019915 0.1 100.62 172.5
-809.0 0.037185 0.013713 0.1 103.43 246.68
-810.0 0.037166 0.022212 0.1 106.78 310.11
-811.0 0.037197 0.019003 0.09 109.86 351.26
-812.0 0.03717 0.014591 0.09 112.51 63.15
-813.0 0.037159 0.017721 0.09 116.22 131.29
-814.0 0.037197 0.016543 0.09 119.1 227.81
-815.0 0.037136 0.024452 0.08 122.04 273.14
-816.0 0.03721 0.016556 0.08 126.61 320.79
-817.0 0.037163 0.025025 0.08 130.86 21.92
-818.0 0.037213 0.011879 0.08 135.28 87.93
-819.0 0.037155 0.017785 0.07 140.98 165.11
-820.0 0.03719 0.019799 0.07 144.58 219.61
-821.0 0.037164 0.025364 0.07 148.53 283.69
-822.0 0.037155 0.022517 0.07 153.55 313.85
-823.0 0.037207 0.015407 0.07 156.96 23.06
-824.0 0.037173 0.015278 0.07 161.28 98.67
-825.0 0.0372 0.015049 0.07 167.18 169.56
-826.0 0.03715 0.029315 0.06 172.11 215.48
-827.0 0.037197 0.023261 0.06 177.36 260.34
-828.0 0.037169 0.022845 0.06 184.22 302.04
-829.0 0.037199 0.01112 0.06 188.43 9.68
-830.0 0.037172 0.016051 0.06 192.86 101.58
-831.0 0.0372 0.024411 0.06 198.81 157.9
-832.0 0.037167 0.025413 0.06 202.86 202.14
-833.0 0.037186 0.025796 0.06 207.68 237.09
-834.0 0.03717 0.012156 0.06 214.61 304.96
-835.0 0.037157 0.013219 0.06 219.27 24.32
-836.0 0.037201 0.019768 0.07 224.6 108.79
-837.0 0.037172 0.02828 0.07 230.22 142.53
-838.0 0.0372 0.022254 0.07 233.52 184.98
-839.0 0.037166 0.019744 0.07 237.25 235.68
-840.0 0.037191 0.00882 0.07 242.03 322.71
-841.0 0.037168 0.018891 0.07 245.38 54.61
-842.0 0.037183 0.025929 0.07 249.66 100.89
-843.0 0.037185 0.026771 0.07 255.09 142.74
-844.0 0.037178 0.021802 0.07 258.1 188.27
-845.0 0.037191 0.010652 0.08 263.05 255.02
-846.0 0.03717 0.014964 0.08 267.55 355.89
-847.0 0.037194 0.023134 0.08 269.92 62.46
-848.0 0.037148 0.029982 0.08 273.57 99.34
-849.0 0.03721 0.022026 0.08 276.62 138.94
-850.0 0.037192 0.01751 0.08 278.72 196.19
-851.0 0.037197 0.007918 0.09 282.59 295.63
-852.0 0.037184 0.021523 0.08 286.9 9.86
-853.0 0.037162 0.027059 0.09 289.27 52.56
-854.0 0.0372 0.02781 0.09 293.81 98.17
-855.0 0.03716 0.022296 0.09 297.03 133.68
-856.0 0.037197 0.006495 0.09 299.22 231.88
-857.0 0.037142 0.017577 0.09 302.65 311.42
-858.0 0.037211 0.023126 0.09 304.96 17.81
-859.0 0.03717 0.032747 0.09 306.77 52.47
-860.0 0.037193 0.021167 0.09 310.55 93.46
-861.0 0.037169 0.01479 0.09 313.7 159.78
-862.0 0.037185 0.010202 0.09 316.31 275.01
-863.0 0.037196 0.022549 0.09 320.47 330.13
-864.0 0.037176 0.030085 0.09 323.04 8.79
-865.0 0.037189 0.023855 0.09 325.49 51.62
-866.0 0.037154 0.020863 0.09 328.89 103.25
-867.0 0.037204 0.005891 0.09 330.52 199.78
-868.0 0.03716 0.021611 0.09 332.58 284.74
-869.0 0.037223 0.023608 0.09 336.09 335.44
-870.0 0.037161 0.031247 0.09 338.38 22.05
-871.0 0.037213 0.020574 0.09 341.79 53.6
-872.0 0.03715 0.011221 0.09 346.3 133.57
-873.0 0.037186 0.013035 0.08 348.15 240.89
-874.0 0.037177 0.025278 0.08 351.65 299.94
-875.0 0.037178 0.028233 0.08 354.71 339.67
-876.0 0.037227 0.023985 0.08 355.99 24.98
-877.0 0.03715 0.016533 0.08 358.97 70.77
-878.0 0.037198 0.00798 0.08 1.9 198.78
-879.0 0.037135 0.022359 0.07 3.61 255.64
-880.0 0.037217 0.025339 0.07 7.99 306.99
-881.0 0.037179 0.030224 0.07 12.05 343.72
-882.0 0.037197 0.017683 0.07 14.64 25.79
-883.0 0.037178 0.011213 0.07 20.16 123.07
-884.0 0.037182 0.016377 0.06 23.13 217.62
-885.0 0.037184 0.027767 0.06 25.7 266.6
-886.0 0.037147 0.029223 0.06 30.32 303.64
-887.0 0.037185 0.020907 0.06 32.67 347.51
-888.0 0.037154 0.01256 0.05 35.67 56.95
-889.0 0.037223 0.010012 0.05 41.5 164.17
-890.0 0.037145 0.025298 0.05 46.23 218.23
-891.0 0.037205 0.027264 0.05 51.42 251.22
-892.0 0.037159 0.026134 0.04 60.05 294.21
-893.0 0.037198 0.017159 0.04 64.49 334.85
-894.0 0.03717 0.009041 0.04 70.36 93.04
-895.0 0.03719 0.01958 0.04 78.84 147.2
-896.0 0.037191 0.026365 0.04 83.88 207.73
-897.0 0.037156 0.030331 0.03 90.53 232.03
-898.0 0.037197 0.018629 0.03 102.71 271.17
-899.0 0.037137 0.012699 0.03 112.29 338.93
-900.0 0.037189 0.008425 0.03 123.8 94.07
-901.0 0.037163 0.029565 0.03 136.33 126.41
-902.0 0.037233 0.025706 0.04 143.14 163.5
-903.0 0.037145 0.023396 0.04 149.18 206.64
-904.0 0.037173 0.01554 0.04 157.66 239.12
-905.0 0.037183 0.011313 0.04 162.17 32.11
-906.0 0.037152 0.02172 0.05 168.17 74.92
-907.0 0.037208 0.027692 0.05 176.2 119.68
-908.0 0.037159 0.031345 0.05 180.84 156.2
-909.0 0.037206 0.015552 0.06 187.88 181.56
-910.0 0.037158 0.011692 0.06 194.32 294.54
-911.0 0.037207 0.013941 0.06 197.31 35.68
-912.0 0.037168 0.032587 0.07 201.38 75.39
-913.0 0.037181 0.027702 0.07 205.21 104.28
-914.0 0.037188 0.021766 0.08 207.19 155.57
-915.0 0.037214 0.009782 0.08 211.38 199.29
-916.0 0.037202 0.014618 0.08 214.83 358.33
-917.0 0.037143 0.027092 0.09 217.14 28.95
-918.0 0.03722 0.02938 0.09 221.52 71.19
-919.0 0.037147 0.028903 0.09 224.98 105.87
-920.0 0.037211 0.009578 0.1 227.62 145.98
-921.0 0.037142 0.011589 0.11 231.2 297.77
-922.0 0.03721 0.022691 0.11 233.35 357.07
-923.0 0.037155 0.032123 0.11 235.23 42.01
-924.0 0.03718 0.029635 0.12 238.21 66.28
-925.0 0.037174 0.014603 0.12 239.9 126.63
-926.0 0.037153 0.006978 0.12 242.18 227.97
-927.0 0.037201 0.019137 0.13 245.23 332.0
-928.0 0.037164 0.031999 0.13 247.27 5.65
-929.0 0.03722 0.027037 0.13 250.05 39.24
-930.0 0.037131 0.022645 0.14 252.95 86.28
-931.0 0.037202 0.007692 0.14 254.84 127.39
-932.0 0.037153 0.017892 0.15 257.16 292.4
-933.0 0.037192 0.025207 0.15 259.29 330.16
-934.0 0.037167 0.030521 0.15 260.8 19.23
-935.0 0.037182 0.028481 0.15 263.13 47.02
-936.0 0.037184 0.006343 0.16 264.98 99.61
-937.0 0.037163 0.012376 0.16 266.66 237.42
-938.0 0.037203 0.023311 0.16 269.2 318.14
-939.0 0.037147 0.036008 0.16 271.2 345.06
-940.0 0.037195 0.023468 0.17 273.35 21.2
-941.0 0.037186 0.017856 0.17 275.73 74.73
-942.0 0.037228 0.004926 0.17 277.29 218.52
-943.0 0.037146 0.022673 0.17 279.17 278.05
-944.0 0.037195 0.032882 0.17 281.14 309.73
-945.0 0.037166 0.027577 0.18 282.59 354.77
-946.0 0.037172 0.023243 0.18 284.4 27.91
-947.0 0.037192 0.002397 0.18 286.26 173.37
-948.0 0.037158 0.019623 0.18 287.76 236.42
-949.0 0.037212 0.026684 0.18 289.91 291.19
-950.0 0.037147 0.034425 0.18 291.92 323.07
-951.0 0.037199 0.02344 0.18 293.49 357.66
-952.0 0.037145 0.008804 0.18 295.56 76.09
-953.0 0.037175 0.008673 0.18 297.1 204.61
-954.0 0.037202 0.028173 0.19 298.52 259.84
-955.0 0.037203 0.033699 0.19 300.2 290.34
-956.0 0.037184 0.025825 0.19 301.63 324.44
-957.0 0.037156 0.021839 0.19 302.98 16.22
-958.0 0.037187 0.002828 0.19 304.85 199.39
-959.0 0.037135 0.0221 0.18 306.48 216.01
-960.0 0.037203 0.02695 0.18 308.1 257.29
-961.0 0.037167 0.033927 0.18 309.91 302.21
-962.0 0.037185 0.020382 0.18 311.22 326.09
-963.0 0.037181 0.009989 0.18 312.61 60.86
-964.0 0.037185 0.013684 0.18 314.11 174.11
-965.0 0.037167 0.025623 0.18 315.21 236.85
-966.0 0.03715 0.033216 0.18 316.54 263.41
-967.0 0.037223 0.02234 0.18 317.91 311.05
-968.0 0.037168 0.015586 0.18 319.03 9.27
-969.0 0.037214 0.003924 0.17 320.55 200.48
-970.0 0.037152 0.028665 0.17 322.07 202.35
-971.0 0.037202 0.026832 0.17 323.19 245.14
-972.0 0.037158 0.027828 0.17 324.66 291.41
-973.0 0.037186 0.018294 0.17 325.6 322.38
-974.0 0.037187 0.009389 0.17 326.59 125.35
-975.0 0.037165 0.020996 0.16 327.63 179.75
-976.0 0.037195 0.026329 0.16 328.3 230.83
-977.0 0.037153 0.035041 0.16 329.08 264.21
-978.0 0.0372 0.013867 0.16 329.92 301.87
-979.0 0.037123 0.008539 0.15 330.53 48.72
-980.0 0.037211 0.012794 0.15 331.46 171.64
-981.0 0.037183 0.03405 0.15 332.3 208.84
-982.0 0.037223 0.027633 0.15 332.79 240.04
-983.0 0.037174 0.024438 0.15 333.48 285.57
-984.0 0.037183 0.013247 0.14 333.88 329.33
-985.0 0.037178 0.014584 0.14 334.07 156.7
-986.0 0.037143 0.027559 0.14 334.41 182.24
-987.0 0.037199 0.027093 0.14 334.3 227.62
-988.0 0.037154 0.031921 0.14 334.32 269.42
-989.0 0.0372 0.00699 0.13 334.35 282.63
-990.0 0.037126 0.015893 0.13 334.16 128.96
-991.0 0.037204 0.020042 0.13 334.11 191.13
-992.0 0.037097 0.032514 0.13 333.98 232.55
-993.0 0.03718 0.01839 0.12 333.66 255.42
-994.0 0.037151 0.003048 0.12 333.57 33.74
-995.0 0.037185 0.014179 0.12 333.0 143.46
-996.0 0.037197 0.029729 0.12 332.71 187.08
-997.0 0.037186 0.036183 0.12 332.21 219.35
-998.0 0.037181 0.019418 0.12 331.55 261.33
-999.0 0.03713 0.008424 0.12 331.06 343.39
-1000.0 0.037185 0.012646 0.12 330.16 158.78
