0.0 0.999988 0.016717 0.0 0.0 103.03
-1000.0 1.000004 0.017069 0.13 357.27 102.48
-2000.0 1.000006 0.017474 0.26 359.71 96.94
-3000.0 1.000001 0.017858 0.4 2.12 91.38
-4000.0 0.999993 0.018137 0.53 4.57 85.78
-5000.0 1.000018 0.018476 0.67 7.01 80.29
-6000.0 0.999983 0.018726 0.81 9.46 74.96
-7000.0 1.000014 0.018986 0.95 11.92 69.28
-8000.0 1.0 0.019165 1.08 14.38 64.03
-9000.0 0.999997 0.01934 1.22 16.85 58.71
-10000.0 1.000006 0.019509 1.36 19.32 53.23
-11000.0 1.000006 0.019576 1.5 21.8 48.07
-12000.0 0.999991 0.019631 1.63 24.29 42.77
-13000.0 1.000015 0.019726 1.77 26.78 37.62
-14000.0 0.999998 0.019661 1.9 29.27 32.41
-15000.0 0.999999 0.019644 2.04 31.78 27.3
-16000.0 1.000015 0.019598 2.17 34.28 22.35
-17000.0 0.999992 0.019463 2.29 36.8 17.23
-18000.0 1.00001 0.019364 2.42 39.32 12.26
-19000.0 1.000007 0.019165 2.54 41.84 7.49
-20000.0 0.999997 0.019033 2.66 44.38 2.52
-21000.0 1.000008 0.018802 2.78 46.91 357.73
-22000.0 1.000011 0.018558 2.89 49.45 353.14
-23000.0 0.999987 0.018376 3.0 52.0 348.35
-24000.0 1.00002 0.018089 3.11 54.54 343.92
-25000.0 0.999994 0.017815 3.21 57.09 339.36
-26000.0 0.999999 0.01758 3.3 59.65 335.16
-27000.0 1.000008 0.017288 3.39 62.2 330.84
-28000.0 1.0 0.016976 3.48 64.76 326.71
-29000.0 0.99999 0.016727 3.55 67.32 322.88
-30000.0 1.00002 0.016393 3.63 69.88 318.96
-31000.0 0.999982 0.016139 3.7 72.45 315.23
-32000.0 1.00001 0.015801 3.76 75.01 311.8
-33000.0 1.0 0.015544 3.81 77.57 308.32
-34000.0 0.999993 0.015278 3.86 80.13 305.05
-35000.0 0.999999 0.014966 3.9 82.69 301.99
-36000.0 1.0 0.014745 3.94 85.25 299.02
-37000.0 0.999981 0.014545 3.96 87.8 296.21
-38000.0 1.000006 0.014263 3.98 90.35 293.42
-39000.0 0.999983 0.014149 4.0 92.9 290.98
-40000.0 0.999995 0.013979 4.0 95.43 288.45
-41000.0 0.999996 0.01385 4.0 97.97 285.96
-42000.0 0.999994 0.013784 3.99 100.5 283.78
-43000.0 0.999989 0.013754 3.97 103.01 281.53
-44000.0 1.000015 0.01375 3.95 105.53 279.05
-45000.0 0.999982 0.013796 3.91 108.03 277.16
-46000.0 1.000016 0.01388 3.87 110.52 274.77
-47000.0 0.999999 0.01405 3.83 112.99 272.57
-48000.0 1.000004 0.014187 3.77 115.45 270.36
-49000.0 1.000012 0.014406 3.71 117.89 268.12
-50000.0 1.000009 0.014708 3.64 120.31 265.77
-51000.0 0.999996 0.014934 3.57 122.69 263.45
-52000.0 1.000023 0.015285 3.49 125.06 261.0
-53000.0 0.999995 0.015636 3.4 127.38 258.7
-54000.0 1.000003 0.015978 3.31 129.66 255.99
-55000.0 1.000013 0.016367 3.21 131.9 253.56
-56000.0 0.999993 0.016786 3.1 134.09 251.08
-57000.0 1.000004 0.017177 2.99 136.21 248.2
-58000.0 1.000006 0.017613 2.87 138.27 245.77
-59000.0 0.999991 0.018023 2.75 140.24 243.08
-60000.0 1.000007 0.018496 2.62 142.11 240.37
-61000.0 1.000003 0.018922 2.49 143.88 237.82
-62000.0 0.99999 0.019338 2.36 145.5 235.26
-63000.0 1.000014 0.019868 2.22 146.97 232.8
-64000.0 0.999994 0.020257 2.08 148.24 230.45
-65000.0 1.000002 0.020742 1.94 149.26 228.27
-66000.0 1.000005 0.021229 1.79 149.99 226.47
-67000.0 1.0 0.021688 1.65 150.32 224.79
-68000.0 0.999996 0.022167 1.51 150.18 223.62
-69000.0 1.000017 0.022676 1.37 149.4 223.27
-70000.0 0.999985 0.023169 1.23 147.79 223.3
-71000.0 1.000015 0.023685 1.1 145.11 224.71
-72000.0 0.999998 0.024181 0.98 141.03 227.38
-73000.0 0.999998 0.024752 0.88 135.25 231.67
-74000.0 1.000001 0.025274 0.81 127.54 237.92
-75000.0 1.000005 0.025796 0.76 118.15 245.85
-76000.0 0.999981 0.026423 0.75 107.87 254.57
-77000.0 1.000011 0.026946 0.78 98.0 262.97
-78000.0 0.999985 0.027533 0.84 89.57 269.76
-79000.0 0.999993 0.028128 0.93 83.03 274.83
-80000.0 1.000002 0.028709 1.04 78.31 277.89
-81000.0 0.999992 0.02929 1.16 75.11 279.43
-82000.0 0.999991 0.029875 1.29 73.11 279.84
-83000.0 1.000017 0.030466 1.42 72.01 279.2
-84000.0 0.999982 0.03108 1.55 71.62 277.8
-85000.0 1.000016 0.031608 1.69 71.76 275.96
-86000.0 1.000001 0.032262 1.82 72.32 273.54
-87000.0 0.999999 0.032835 1.96 73.2 270.79
-88000.0 1.000005 0.033402 2.09 74.34 267.77
-89000.0 1.000005 0.034012 2.22 75.7 264.47
-90000.0 0.999988 0.034622 2.34 77.22 261.01
-91000.0 1.000014 0.03515 2.47 78.89 257.26
-92000.0 0.999983 0.035773 2.58 80.67 253.53
-93000.0 1.000002 0.036335 2.7 82.55 249.54
-94000.0 1.0 0.036896 2.8 84.51 245.46
-95000.0 0.999992 0.037455 2.91 86.54 241.34
-96000.0 1.000001 0.037971 3.0 88.63 237.11
-97000.0 1.000008 0.038564 3.1 90.77 232.73
-98000.0 0.999993 0.03901 3.18 92.96 228.39
-99000.0 1.000019 0.039525 3.26 95.18 223.95
-100000.0 1.000005 0.04005 3.34 97.43 219.44
-101000.0 1.000001 0.04044 3.41 99.71 214.9
-102000.0 1.000025 0.040907 3.47 102.02 210.31
-103000.0 1.000001 0.041325 3.52 104.35 205.74
-104000.0 1.000008 0.041674 3.57 106.7 201.0
-105000.0 1.000014 0.042044 3.62 109.06 196.37
-106000.0 1.000004 0.042346 3.65 111.44 191.66
-107000.0 0.999998 0.042651 3.69 113.83 186.84
-108000.0 1.000016 0.042916 3.71 116.24 182.11
-109000.0 0.999984 0.043089 3.73 118.66 177.28
-110000.0 1.000011 0.043381 3.74 121.08 172.47
-111000.0 0.999993 0.043474 3.74 123.53 167.62
-112000.0 0.999995 0.043621 3.74 125.97 162.77
-113000.0 0.999996 0.043742 3.73 128.44 157.93
-114000.0 1.000002 0.043776 3.72 130.9 153.04
-115000.0 0.999982 0.043803 3.7 133.38 148.12
-116000.0 1.00001 0.043774 3.68 135.87 143.37
-117000.0 0.999986 0.043741 3.64 138.37 138.37
-118000.0 0.999997 0.043616 3.61 140.88 133.54
-119000.0 1.000001 0.043468 3.56 143.41 128.71
-120000.0 0.999992 0.043313 3.52 145.94 123.79
-121000.0 0.999995 0.04307 3.46 148.49 118.96
-122000.0 1.000008 0.042776 3.41 151.05 114.11
-123000.0 0.999981 0.042503 3.34 153.62 109.27
-124000.0 1.000012 0.042128 3.28 156.21 104.45
-125000.0 0.999996 0.041732 3.2 158.82 99.58
-126000.0 0.999994 0.04131 3.13 161.45 94.84
-127000.0 1.000006 0.040869 3.05 164.1 90.0
-128000.0 1.000001 0.040352 2.96 166.76 85.19
-129000.0 0.999985 0.039862 2.88 169.46 80.48
-130000.0 1.000023 0.039298 2.79 172.19 75.69
-131000.0 0.999982 0.03879 2.69 174.95 70.94
-132000.0 1.00001 0.038155 2.59 177.76 66.24
-133000.0 1.000006 0.037607 2.49 180.6 61.56
-134000.0 1.0 0.03703 2.39 183.51 56.82
-135000.0 1.000003 0.036369 2.28 186.47 52.2
-136000.0 1.000016 0.035805 2.18 189.49 47.51
-137000.0 0.99999 0.03519 2.07 192.6 42.91
-138000.0 1.000018 0.03455 1.96 195.81 38.18
-139000.0 1.000001 0.033962 1.84 199.11 33.57
-140000.0 0.999999 0.033346 1.73 202.56 28.89
-141000.0 1.000013 0.032755 1.62 206.15 24.04
-142000.0 0.999994 0.03217 1.5 209.94 19.25
-143000.0 1.000001 0.03158 1.39 213.96 14.26
-144000.0 1.000007 0.031103 1.27 218.28 9.0
-145000.0 0.999995 0.030523 1.16 222.99 3.53
-146000.0 0.999996 0.030059 1.05 228.2 357.64
-147000.0 1.000012 0.029681 0.94 234.08 351.11
-148000.0 0.999986 0.029207 0.83 240.86 343.82
-149000.0 1.000013 0.028902 0.74 248.85 335.32
-150000.0 0.999998 0.028614 0.65 258.48 325.39
-151000.0 1.0 0.028357 0.57 270.22 313.2
-152000.0 1.00001 0.028174 0.51 284.31 298.84
-153000.0 1.000007 0.028071 0.48 300.5 282.45
-154000.0 0.999991 0.027984 0.48 317.46 265.11
-155000.0 1.000022 0.028016 0.51 333.43 249.01
-156000.0 0.999991 0.028029 0.56 347.25 234.9
-157000.0 1.000006 0.028213 0.63 358.72 223.16
-158000.0 1.000005 0.028362 0.71 8.14 213.45
-159000.0 0.999996 0.028572 0.8 16.03 205.24
-160000.0 0.999995 0.028924 0.89 22.73 198.16
-161000.0 1.000009 0.029219 0.98 28.59 191.87
-162000.0 0.99998 0.029581 1.07 33.83 186.09
-163000.0 1.000002 0.030046 1.16 38.58 180.9
-164000.0 0.999992 0.030454 1.25 42.98 175.75
-165000.0 0.999985 0.03094 1.34 47.11 170.95
-166000.0 0.999997 0.031427 1.42 51.02 166.32
-167000.0 0.999997 0.031941 1.5 54.77 161.65
-168000.0 0.999982 0.032467 1.57 58.39 157.07
-169000.0 1.000016 0.032953 1.65 61.9 152.63
-170000.0 0.999981 0.033539 1.72 65.33 148.0
-171000.0 1.00001 0.034052 1.78 68.68 143.51
-172000.0 1.0 0.034572 1.84 71.99 138.92
-173000.0 1.0 0.035139 1.89 75.24 134.36
-174000.0 1.000001 0.035688 1.94 78.46 129.73
-175000.0 1.000017 0.036183 1.99 81.65 125.06
-176000.0 0.999984 0.03677 2.03 84.81 120.45
-177000.0 1.000023 0.037283 2.07 87.96 115.72
-178000.0 0.999997 0.037829 2.1 91.08 110.95
-179000.0 0.999999 0.038347 2.12 94.2 106.27
-180000.0 1.000015 0.038897 2.14 97.3 101.48
-181000.0 0.999997 0.039418 2.15 100.42 96.6
-182000.0 1.0 0.03992 2.16 103.52 91.88
-183000.0 1.000015 0.04045 2.16 106.64 86.95
-184000.0 0.999993 0.040967 2.15 109.77 82.09
-185000.0 1.000006 0.041439 2.14 112.92 77.17
-186000.0 1.000014 0.041926 2.12 116.09 72.21
-187000.0 0.999991 0.042441 2.1 119.29 67.26
-188000.0 1.000014 0.042847 2.07 122.52 62.14
-189000.0 1.000004 0.04333 2.04 125.79 57.1
-190000.0 1.000001 0.04376 1.99 129.12 51.95
-191000.0 1.000008 0.044173 1.95 132.5 46.65
-192000.0 1.000004 0.044583 1.89 135.95 41.38
-193000.0 0.999991 0.044942 1.83 139.49 35.99
-194000.0 1.000017 0.045381 1.77 143.11 30.37
-195000.0 0.999987 0.045674 1.7 146.86 24.76
-196000.0 1.000005 0.046047 1.62 150.75 18.9
-197000.0 1.000001 0.04643 1.54 154.81 12.87
-198000.0 0.999999 0.046708 1.46 159.08 6.6
-199000.0 0.999994 0.047041 1.37 163.61 0.05
-200000.0 1.000011 0.047398 1.28 168.47 353.23
-201000.0 0.999982 0.047638 1.19 173.75 345.83
-202000.0 1.000012 0.047982 1.09 179.56 338.0
-203000.0 0.999993 0.048207 1.0 186.09 329.42
-204000.0 0.999988 0.04851 0.9 193.53 319.85
-205000.0 1.000004 0.048742 0.81 202.19 309.1
-206000.0 0.999994 0.048947 0.73 212.41 296.78
-207000.0 0.999983 0.049232 0.67 224.5 282.53
-208000.0 1.000014 0.049389 0.62 238.54 266.36
-209000.0 0.999985 0.049556 0.6 254.13 248.58
-210000.0 1.000003 0.049772 0.61 270.1 230.5
-211000.0 1.000002 0.049867 0.65 285.14 213.22
-212000.0 0.999999 0.049988 0.72 298.41 197.76
-213000.0 0.999997 0.050084 0.81 309.69 184.3
-214000.0 1.000017 0.050144 0.92 319.22 172.51
-215000.0 0.999984 0.050193 1.03 327.34 162.13
-216000.0 1.000021 0.050171 1.15 334.38 152.89
-217000.0 0.999997 0.05021 1.28 340.58 144.35
-218000.0 1.000002 0.050148 1.41 346.17 136.5
-219000.0 1.000009 0.050075 1.54 351.26 129.11
-220000.0 1.0 0.049988 1.67 355.98 122.08
-221000.0 0.999995 0.0499 1.81 0.39 115.36
-222000.0 1.000015 0.049685 1.94 4.58 108.81
-223000.0 0.999985 0.049546 2.07 8.56 102.57
-224000.0 1.000009 0.049334 2.2 12.37 96.38
-225000.0 1.000003 0.049046 2.33 16.05 90.35
-226000.0 0.999993 0.048785 2.45 19.62 84.5
-227000.0 1.000012 0.048436 2.58 23.08 78.71
-228000.0 1.000003 0.048093 2.7 26.45 72.97
-229000.0 1.0 0.047646 2.81 29.75 67.4
-230000.0 1.000016 0.047203 2.92 32.98 61.83
-231000.0 1.000005 0.046745 3.03 36.16 56.34
-232000.0 0.999999 0.04616 3.13 39.27 50.95
-233000.0 1.000024 0.04561 3.23 42.34 45.54
-234000.0 0.999991 0.045025 3.32 45.37 40.3
-235000.0 1.000013 0.044341 3.41 48.35 34.98
-236000.0 1.000006 0.043683 3.49 51.31 29.82
-237000.0 1.000002 0.042969 3.57 54.22 24.71
-238000.0 0.999996 0.042229 3.64 57.1 19.56
-239000.0 1.000017 0.041474 3.7 59.96 14.59
-240000.0 0.999982 0.040624 3.75 62.78 9.68
-241000.0 1.000012 0.039902 3.8 65.57 4.74
-242000.0 0.999992 0.038971 3.85 68.33 359.99
-243000.0 0.999994 0.03814 3.88 71.06 355.29
-244000.0 1.0 0.037297 3.91 73.76 350.66
-245000.0 0.999994 0.036355 3.93 76.44 346.16
-246000.0 0.999986 0.035469 3.95 79.08 341.7
-247000.0 1.000007 0.034572 3.96 81.69 337.51
-248000.0 0.999983 0.033636 3.96 84.27 333.24
-249000.0 0.999997 0.032729 3.95 86.83 329.23
-250000.0 1.0 0.031778 3.94 89.34 325.4
-251000.0 0.999992 0.030902 3.91 91.83 321.57
-252000.0 1.000001 0.02997 3.89 94.28 317.99
-253000.0 1.000009 0.029056 3.85 96.71 314.62
-254000.0 0.999984 0.028224 3.81 99.08 311.27
-255000.0 1.000022 0.027361 3.76 101.43 308.24
-256000.0 0.999993 0.026527 3.71 103.74 305.25
-257000.0 1.000001 0.025809 3.65 106.0 302.64
-258000.0 1.000005 0.025079 3.58 108.22 300.0
-259000.0 1.000003 0.024395 3.51 110.39 297.7
-260000.0 0.99999 0.023861 3.43 112.51 295.63
-261000.0 1.00002 0.023293 3.35 114.57 293.66
-262000.0 0.999982 0.022893 3.26 116.57 291.89
-263000.0 1.000013 0.022499 3.17 118.5 290.45
-264000.0 1.000004 0.022241 3.07 120.35 289.03
-265000.0 0.999998 0.022063 2.97 122.1 287.78
-266000.0 1.000009 0.02192 2.87 123.76 286.8
-267000.0 1.00001 0.021932 2.76 125.31 285.82
-268000.0 0.999997 0.022018 2.65 126.72 284.98
-269000.0 1.000017 0.022096 2.54 128.0 284.22
-270000.0 1.000003 0.022375 2.43 129.09 283.62
-271000.0 1.0 0.022661 2.32 130.01 282.99
-272000.0 1.000018 0.022959 2.21 130.7 282.49
-273000.0 0.999989 0.023419 2.09 131.14 282.16
-274000.0 1.000012 0.023839 1.98 131.29 281.92
-275000.0 1.000001 0.024335 1.87 131.11 281.76
-276000.0 0.999997 0.024845 1.76 130.55 282.01
-277000.0 1.000002 0.025408 1.65 129.54 282.43
-278000.0 1.00001 0.025968 1.56 128.05 283.07
-279000.0 0.999985 0.02654 1.46 126.01 284.39
-280000.0 1.00002 0.02712 1.38 123.38 285.88
-281000.0 0.999992 0.027749 1.31 120.13 288.04
-282000.0 1.000003 0.028302 1.26 116.31 290.53
-283000.0 1.000009 0.028887 1.22 111.99 293.49
-284000.0 1.000003 0.029534 1.19 107.32 296.68
-285000.0 0.999994 0.030034 1.19 102.51 299.85
-286000.0 1.000021 0.030644 1.2 97.79 302.92
-287000.0 0.999985 0.031196 1.23 93.39 305.65
-288000.0 1.000007 0.031725 1.28 89.45 307.66
-289000.0 1.000001 0.03225 1.34 86.07 309.28
-290000.0 0.999987 0.032738 1.42 83.3 310.15
-291000.0 0.999998 0.03324 1.5 81.1 310.32
-292000.0 0.999994 0.033685 1.59 79.45 310.04
-293000.0 0.999979 0.034081 1.68 78.27 309.17
-294000.0 1.000005 0.034575 1.78 77.53 307.86
-295000.0 0.999982 0.034876 1.88 77.15 306.15
-296000.0 0.999994 0.035267 1.98 77.1 304.09
-297000.0 0.999997 0.035607 2.08 77.31 301.81
-298000.0 0.999999 0.035897 2.19 77.77 299.16
-299000.0 0.999988 0.036165 2.29 78.41 296.33
-300000.0 1.00002 0.036409 2.39 79.24 293.45
-301000.0 0.999986 0.03664 2.49 80.21 290.15
-302000.0 1.000018 0.036819 2.59 81.31 286.89
-303000.0 1.000004 0.036952 2.68 82.53 283.46
-304000.0 1.000006 0.037144 2.77 83.85 279.86
-305000.0 1.000014 0.037226 2.86 85.25 276.18
-306000.0 1.000015 0.037298 2.95 86.74 272.44
-307000.0 0.999994 0.037424 3.03 88.29 268.57
-308000.0 1.000023 0.037426 3.11 89.91 264.65
-309000.0 0.999998 0.037478 3.19 91.59 260.61
-310000.0 0.999998 0.03748 3.26 93.32 256.6
-311000.0 1.000015 0.037479 3.32 95.1 252.46
-312000.0 0.999988 0.037448 3.39 96.93 248.22
-313000.0 1.000002 0.037381 3.44 98.79 244.09
-314000.0 1.000007 0.037333 3.5 100.7 239.76
-315000.0 0.999991 0.037252 3.55 102.63 235.44
-316000.0 1.000005 0.037116 3.59 104.6 231.1
-317000.0 1.000008 0.036999 3.63 106.6 226.71
-318000.0 0.99999 0.036897 3.67 108.62 222.27
-319000.0 1.000019 0.036652 3.7 110.68 217.76
-320000.0 0.999996 0.036529 3.72 112.75 213.32
-321000.0 1.000006 0.036317 3.74 114.85 208.74
-322000.0 1.000006 0.03607 3.75 116.98 204.14
-323000.0 1.000002 0.035856 3.76 119.13 199.57
-324000.0 0.999995 0.035571 3.76 121.3 194.94
-325000.0 1.000018 0.035318 3.76 123.49 190.16
-326000.0 0.999981 0.034994 3.75 125.71 185.54
-327000.0 1.000014 0.034667 3.74 127.95 180.71
-328000.0 0.999996 0.034371 3.72 130.21 175.93
-329000.0 0.999994 0.033966 3.69 132.49 171.06
-330000.0 1.0 0.033583 3.66 134.8 166.18
-331000.0 0.999998 0.03324 3.62 137.13 161.3
-332000.0 0.999982 0.032744 3.58 139.48 156.25
-333000.0 1.000008 0.032347 3.53 141.85 151.28
-334000.0 0.999985 0.031859 3.48 144.24 146.29
-335000.0 0.999994 0.031388 3.42 146.65 141.07
-336000.0 1.000005 0.030861 3.36 149.09 136.01
-337000.0 0.999995 0.030318 3.29 151.54 130.85
-338000.0 0.999994 0.029786 3.21 154.02 125.55
-339000.0 1.000019 0.029179 3.13 156.51 120.37
-340000.0 0.999984 0.028538 3.05 159.03 114.98
-341000.0 1.000015 0.02796 2.96 161.57 109.69
-342000.0 1.000001 0.02724 2.86 164.13 104.21
-343000.0 1.000001 0.026569 2.76 166.72 98.73
-344000.0 1.000003 0.025858 2.66 169.34 93.28
-345000.0 1.000007 0.025121 2.55 171.99 87.64
-346000.0 0.999986 0.024364 2.44 174.66 81.91
-347000.0 1.000015 0.023548 2.32 177.38 76.4
-348000.0 0.999989 0.022801 2.2 180.15 70.47
-349000.0 0.999998 0.021933 2.07 182.95 64.65
-350000.0 1.000005 0.021071 1.95 185.83 58.79
-351000.0 0.999994 0.02023 1.82 188.76 52.71
-352000.0 1.0 0.019336 1.69 191.78 46.63
-353000.0 1.000013 0.018383 1.55 194.91 40.28
-354000.0 0.99999 0.017497 1.41 198.15 34.0
-355000.0 1.000018 0.016535 1.28 201.56 27.33
-356000.0 1.00001 0.015554 1.14 205.2 20.37
-357000.0 0.999996 0.0146 1.0 209.12 13.33
-358000.0 1.000025 0.013585 0.86 213.51 5.55
-359000.0 1.000002 0.012622 0.72 218.58 357.04
-360000.0 1.000005 0.01156 0.58 224.82 347.48
-361000.0 1.000014 0.010563 0.44 233.31 335.43
-362000.0 1.000003 0.00957 0.32 246.59 318.51
-363000.0 0.999995 0.008487 0.21 271.65 289.67
-364000.0 1.000021 0.007489 0.18 315.84 241.43
-365000.0 0.999981 0.006484 0.24 353.49 199.94
-366000.0 1.000014 0.005437 0.36 12.86 175.08
-367000.0 0.999996 0.004441 0.48 23.87 159.54
-368000.0 0.999997 0.003461 0.61 31.32 145.39
-369000.0 0.999999 0.002493 0.74 37.05 129.98
-370000.0 1.000005 0.001593 0.87 41.84 110.46
-371000.0 0.999982 0.000907 0.99 46.06 64.69
-372000.0 1.00001 0.001046 1.12 49.9 2.77
-373000.0 0.999987 0.001861 1.23 53.52 328.57
-374000.0 0.999994 0.00274 1.35 56.94 312.57
-375000.0 1.0 0.003616 1.46 60.25 301.2
-376000.0 0.999988 0.004578 1.57 63.46 292.24
-377000.0 0.999992 0.00548 1.67 66.61 284.0
-378000.0 1.000007 0.006346 1.76 69.71 276.0
-379000.0 0.99998 0.007239 1.85 72.77 269.23
-380000.0 1.00001 0.008074 1.94 75.8 262.04
-381000.0 0.999995 0.008945 2.01 78.81 255.03
-382000.0 0.999997 0.00969 2.09 81.8 248.52
-383000.0 1.000007 0.010504 2.15 84.77 241.93
-384000.0 1.000004 0.011269 2.21 87.75 235.21
-385000.0 0.99999 0.011933 2.27 90.7 228.95
-386000.0 1.000024 0.01266 2.31 93.65 222.29
-387000.0 0.999988 0.013294 2.35 96.59 216.16
-388000.0 1.00001 0.013908 2.39 99.53 209.55
-389000.0 1.000007 0.01447 2.41 102.46 203.3
-390000.0 1.000003 0.015013 2.43 105.39 197.1
-391000.0 1.0 0.015516 2.45 108.31 190.51
-392000.0 1.000016 0.015965 2.45 111.23 184.35
-393000.0 0.999991 0.016363 2.45 114.15 178.01
-394000.0 1.000014 0.016815 2.44 117.07 171.62
-395000.0 1.000004 0.017112 2.43 119.99 165.33
-396000.0 0.999996 0.017427 2.41 122.92 159.0
-397000.0 1.000012 0.017764 2.38 125.85 152.76
-398000.0 1.0 0.017964 2.34 128.8 146.37
-399000.0 0.999998 0.018189 2.3 131.76 140.06
-400000.0 1.000009 0.018362 2.25 134.74 133.93
-401000.0 0.999999 0.018506 2.19 137.75 127.45
-402000.0 0.999994 0.018593 2.13 140.78 121.17
-403000.0 1.000017 0.018636 2.07 143.84 114.97
-404000.0 0.999984 0.018677 1.99 146.95 108.42
-405000.0 1.000014 0.018658 1.91 150.09 102.15
-406000.0 0.999999 0.018571 1.83 153.29 95.58
-407000.0 0.999996 0.018518 1.74 156.54 89.19
-408000.0 1.000008 0.018413 1.65 159.88 82.5
-409000.0 1.000007 0.018204 1.55 163.3 75.79
-410000.0 0.999987 0.018096 1.45 166.83 69.15
-411000.0 1.000021 0.017845 1.35 170.5 62.09
-412000.0 0.999988 0.017636 1.24 174.36 54.95
-413000.0 1.000005 0.01735 1.13 178.47 47.69
-414000.0 1.000005 0.017074 1.02 182.92 39.92
-415000.0 0.999997 0.01678 0.9 187.85 31.68
-416000.0 0.999995 0.016395 0.79 193.47 22.88
-417000.0 1.000011 0.016053 0.67 200.2 12.78
-418000.0 0.999983 0.015693 0.56 208.59 1.18
-419000.0 1.000004 0.015226 0.46 219.85 346.47
-420000.0 0.999995 0.014836 0.37 235.79 327.3
-421000.0 0.999989 0.014365 0.31 258.41 301.34
-422000.0 0.999998 0.013902 0.3 285.83 270.36
-423000.0 0.999998 0.013402 0.35 310.52 242.3
-424000.0 0.999983 0.012878 0.43 328.31 221.17
-425000.0 1.000013 0.012414 0.53 340.76 204.81
-426000.0 0.99998 0.011801 0.65 349.84 192.39
-427000.0 1.000007 0.011289 0.76 356.91 181.47
-428000.0 0.999998 0.010752 0.88 2.73 171.8
-429000.0 0.999999 0.010146 1.0 7.73 162.78
-430000.0 0.999999 0.009584 1.12 12.16 154.19
-431000.0 1.000015 0.009039 1.24 16.21 146.04
-432000.0 0.999989 0.008428 1.36 19.95 137.39
-433000.0 1.00002 0.007882 1.47 23.47 129.23
-434000.0 1.000002 0.007275 1.59 26.82 120.81
-435000.0 1.000003 0.006753 1.7 30.01 111.79
-436000.0 1.000017 0.00619 1.81 33.1 102.56
-437000.0 1.000002 0.005618 1.91 36.08 92.79
-438000.0 1.000001 0.005182 2.01 38.98 82.05
-439000.0 1.000015 0.004682 2.11 41.81 70.26
-440000.0 0.999996 0.004296 2.2 44.57 56.91
-441000.0 1.000001 0.003989 2.29 47.27 43.05
-442000.0 1.000012 0.00381 2.38 49.92 26.99
-443000.0 0.999989 0.003784 2.46 52.52 10.05
-444000.0 1.00001 0.003816 2.54 55.08 354.25
-445000.0 1.000001 0.004137 2.61 57.59 338.55
-446000.0 0.999995 0.004488 2.68 60.06 324.45
-447000.0 1.000007 0.004937 2.74 62.5 311.72
-448000.0 1.000004 0.00551 2.8 64.9 300.63
-449000.0 0.999989 0.006093 2.86 67.27 290.92
-450000.0 1.00002 0.006787 2.91 69.61 281.26
-451000.0 0.999988 0.00743 2.95 71.92 273.33
-452000.0 1.000009 0.008153 2.99 74.21 265.47
-453000.0 1.000002 0.008931 3.02 76.47 258.2
-454000.0 1.0 0.009645 3.05 78.7 251.23
-455000.0 0.999998 0.010408 3.08 80.9 244.62
-456000.0 1.000011 0.011246 3.1 83.08 238.45
-457000.0 0.999981 0.011972 3.11 85.23 231.98
-458000.0 1.000012 0.012807 3.12 87.36 226.12
-459000.0 0.999989 0.013589 3.13 89.45 220.33
-460000.0 0.999986 0.014426 3.13 91.52 214.37
-461000.0 0.999999 0.015232 3.12 93.55 208.81
-462000.0 0.99999 0.016042 3.11 95.55 203.32
-463000.0 0.999982 0.01692 3.1 97.52 197.75
-464000.0 1.000012 0.017721 3.08 99.46 192.54
-465000.0 0.999983 0.018543 3.06 101.36 187.11
-466000.0 1.000005 0.019402 3.03 103.23 182.08
-467000.0 1.000003 0.020203 3.0 105.06 176.88
-468000.0 1.000001 0.021013 2.97 106.85 171.78
-469000.0 1.0 0.021812 2.93 108.6 166.9
-470000.0 1.00002 0.022611 2.89 110.31 161.92
-471000.0 0.999988 0.023405 2.84 111.97 156.97
-472000.0 1.000022 0.024107 2.79 113.59 152.31
-473000.0 1.000001 0.024929 2.73 115.16 147.47
-474000.0 1.000001 0.025625 2.67 116.66 142.8
-475000.0 1.000008 0.026323 2.61 118.11 138.22
-476000.0 0.999996 0.02704 2.55 119.49 133.67
-477000.0 0.999992 0.02772 2.48 120.79 129.27
-478000.0 1.000011 0.028331 2.41 122.02 124.79
-479000.0 0.999982 0.028984 2.34 123.14 120.65
-480000.0 1.000005 0.02959 2.26 124.17 116.44
-481000.0 1.000002 0.030156 2.19 125.07 112.36
-482000.0 0.999994 0.030716 2.11 125.83 108.55
-483000.0 1.000012 0.031213 2.03 126.44 104.8
-484000.0 1.000004 0.031766 1.95 126.88 101.25
-485000.0 1.000002 0.032172 1.86 127.11 97.92
-486000.0 1.00002 0.032617 1.78 127.11 94.85
-487000.0 1.000007 0.033066 1.7 126.84 92.05
-488000.0 0.999999 0.033354 1.62 126.28 89.52
-489000.0 1.000026 0.033715 1.55 125.37 87.4
-490000.0 0.999992 0.033992 1.47 124.09 85.7
-491000.0 1.000012 0.034219 1.41 122.39 84.26
-492000.0 1.000005 0.034414 1.34 120.24 83.48
-493000.0 1.000001 0.034553 1.29 117.63 83.07
-494000.0 0.999994 0.034679 1.24 114.57 83.07
-495000.0 1.000012 0.034743 1.21 111.1 83.61
-496000.0 0.999978 0.034706 1.19 107.32 84.36
-497000.0 1.00001 0.034774 1.18 103.33 85.43
-498000.0 0.999988 0.034638 1.19 99.3 86.44
-499000.0 0.999991 0.034543 1.21 95.39 87.42
-500000.0 0.999999 0.034418 1.24 91.74 88.2
-501000.0 0.999991 0.034207 1.29 88.47 88.52
-502000.0 0.999988 0.033996 1.34 85.63 88.46
-503000.0 1.000008 0.033699 1.41 83.28 88.08
-504000.0 0.999985 0.033434 1.49 81.39 87.06
-505000.0 1.000004 0.033062 1.57 79.97 85.76
-506000.0 1.000001 0.032644 1.66 78.96 84.08
-507000.0 0.999996 0.032273 1.75 78.33 82.02
-508000.0 1.000002 0.031771 1.85 78.04 79.68
-509000.0 1.000011 0.031245 1.94 78.05 77.15
-510000.0 0.999983 0.030748 2.04 78.32 74.35
-511000.0 1.000019 0.030129 2.14 78.82 71.45
-512000.0 0.999992 0.029544 2.24 79.52 68.28
-513000.0 0.999998 0.028871 2.34 80.4 65.2
-514000.0 1.000006 0.028231 2.44 81.43 61.9
-515000.0 1.0 0.027516 2.54 82.61 58.49
-516000.0 0.999989 0.026793 2.63 83.91 55.26
-517000.0 1.000021 0.026051 2.72 85.32 51.77
-518000.0 0.999982 0.025339 2.81 86.83 48.42
-519000.0 1.000014 0.024518 2.89 88.43 45.04
-520000.0 1.000006 0.02378 2.97 90.11 41.77
-521000.0 0.999998 0.02304 3.05 91.86 38.5
-522000.0 1.000011 0.022212 3.12 93.68 35.29
-523000.0 1.00001 0.021502 3.18 95.56 32.3
-524000.0 0.999997 0.020746 3.24 97.5 29.41
-525000.0 1.000015 0.02001 3.3 99.48 26.51
-526000.0 1.000001 0.019317 3.35 101.5 24.06
-527000.0 0.999998 0.018632 3.39 103.57 21.66
-528000.0 1.000017 0.018019 3.43 105.67 19.34
-529000.0 0.999987 0.017409 3.47 107.81 17.54
-530000.0 1.000009 0.016856 3.5 109.97 15.77
-531000.0 1.000002 0.01644 3.52 112.15 14.29
-532000.0 0.999998 0.015969 3.53 114.36 12.99
-533000.0 1.0 0.015643 3.54 116.57 12.06
-534000.0 1.000011 0.015456 3.54 118.81 11.14
-535000.0 0.999986 0.015207 3.54 121.05 10.43
-536000.0 1.000021 0.015195 3.53 123.3 9.75
-537000.0 0.999995 0.015199 3.51 125.57 9.26
-538000.0 1.000003 0.015307 3.48 127.83 8.42
-539000.0 1.000011 0.015505 3.45 130.1 7.7
-540000.0 1.000003 0.015809 3.41 132.37 6.9
-541000.0 0.999993 0.016151 3.37 134.63 5.54
-542000.0 1.000017 0.016611 3.32 136.9 4.36
-543000.0 0.999985 0.017072 3.26 139.16 2.77
-544000.0 1.000004 0.017686 3.19 141.42 0.87
-545000.0 0.999998 0.018262 3.12 143.67 358.89
-546000.0 0.999986 0.018896 3.05 145.91 356.6
-547000.0 0.999996 0.019647 2.96 148.13 354.17
-548000.0 0.999996 0.020338 2.88 150.33 351.51
-549000.0 0.999978 0.02106 2.79 152.5 348.7
-550000.0 1.000005 0.021909 2.69 154.65 345.93
-551000.0 0.999985 0.02263 2.59 156.75 342.78
-552000.0 0.999996 0.023459 2.48 158.8 339.78
-553000.0 0.999998 0.024256 2.37 160.79 336.7
-554000.0 1.000003 0.025061 2.26 162.71 333.48
-555000.0 0.99999 0.025877 2.14 164.54 330.31
-556000.0 1.000022 0.026643 2.02 166.27 327.28
-557000.0 0.999986 0.027488 1.9 167.86 324.07
-558000.0 1.000019 0.028262 1.78 169.3 321.15
-559000.0 1.000005 0.029021 1.65 170.55 318.27
-560000.0 1.000002 0.029841 1.53 171.54 315.62
-561000.0 1.000011 0.030604 1.4 172.23 313.18
-562000.0 1.000012 0.031333 1.27 172.51 311.1
-563000.0 0.999992 0.032137 1.15 172.28 309.56
-564000.0 1.000022 0.032854 1.03 171.35 308.59
-565000.0 0.999997 0.033609 0.91 169.48 308.52
-566000.0 0.999997 0.034324 0.8 166.34 309.78
-567000.0 1.000017 0.035068 0.7 161.48 312.63
-568000.0 0.999991 0.035791 0.62 154.45 317.58
-569000.0 1.000005 0.036476 0.56 144.96 325.11
-570000.0 1.00001 0.037216 0.52 133.43 334.49
-571000.0 0.999993 0.037912 0.53 121.35 344.48
-572000.0 1.000006 0.03859 0.56 110.48 353.23
-573000.0 1.000009 0.039273 0.62 101.92 359.63
-574000.0 0.99999 0.039983 0.7 95.75 3.68
-575000.0 1.000016 0.040589 0.79 91.61 5.55
-576000.0 0.999994 0.041256 0.89 88.99 6.05
-577000.0 1.000004 0.041883 0.98 87.52 5.29
-578000.0 1.000004 0.042475 1.08 86.87 3.64
-579000.0 1.0 0.043062 1.18 86.84 1.45
-580000.0 0.999993 0.043601 1.28 87.28 358.74
-581000.0 1.000017 0.044197 1.37 88.08 355.56
-582000.0 0.999985 0.044653 1.46 89.16 352.21
-583000.0 1.000012 0.045173 1.55 90.44 348.54
-584000.0 0.999997 0.045688 1.63 91.91 344.72
-585000.0 0.999999 0.046095 1.71 93.51 340.7
-586000.0 1.0 0.046542 1.78 95.23 336.58
-587000.0 1.000002 0.046978 1.85 97.04 332.39
-588000.0 0.999983 0.047304 1.91 98.92 328.0
-589000.0 1.000006 0.04771 1.97 100.87 323.62
-590000.0 0.999988 0.047982 2.02 102.88 319.16
-591000.0 0.999991 0.04834 2.07 104.94 314.58
-592000.0 1.000002 0.048576 2.11 107.03 310.01
-593000.0 0.999997 0.048793 2.15 109.16 305.4
-594000.0 0.99999 0.049063 2.18 111.31 300.72
-595000.0 1.000017 0.049182 2.2 113.49 296.04
-596000.0 0.999984 0.049302 2.22 115.68 291.29
-597000.0 1.000012 0.049439 2.23 117.9 286.62
-598000.0 1.000001 0.049439 2.24 120.12 281.8
-599000.0 1.000001 0.049461 2.24 122.34 277.05
-600000.0 1.000003 0.049411 2.24 124.57 272.3
-601000.0 1.000011 0.049334 2.23 126.79 267.48
-602000.0 0.999989 0.049214 2.22 129.02 262.67
-603000.0 1.000019 0.048994 2.2 131.23 257.93
-604000.0 0.999992 0.048842 2.18 133.44 253.1
-605000.0 1.000001 0.048542 2.15 135.64 248.33
-606000.0 1.000006 0.048235 2.11 137.83 243.55
-607000.0 0.999992 0.047903 2.08 140.01 238.79
-608000.0 1.0 0.047534 2.03 142.17 234.06
-609000.0 1.00001 0.047067 1.99 144.33 229.27
-610000.0 0.999987 0.046624 1.94 146.46 224.65
-611000.0 1.000016 0.046133 1.88 148.59 219.95
-612000.0 1.000003 0.045553 1.82 150.69 215.29
-613000.0 0.999997 0.044985 1.76 152.78 210.77
-614000.0 1.000021 0.044335 1.69 154.85 206.2
-615000.0 0.999999 0.04369 1.62 156.89 201.7
-616000.0 1.000009 0.042934 1.55 158.91 197.32
-617000.0 1.000014 0.042188 1.48 160.91 192.94
-618000.0 1.000005 0.041421 1.4 162.86 188.68
-619000.0 1.000001 0.040532 1.32 164.78 184.5
-620000.0 1.000024 0.039683 1.24 166.65 180.38
-621000.0 0.999986 0.038791 1.16 168.45 176.5
-622000.0 1.000018 0.03783 1.07 170.19 172.54
-623000.0 0.999998 0.036876 0.99 171.83 168.95
-624000.0 1.000002 0.035889 0.9 173.34 165.47
-625000.0 0.999996 0.034893 0.81 174.7 162.17
-626000.0 1.000006 0.033874 0.72 175.83 159.29
-627000.0 0.999981 0.032797 0.63 176.67 156.75
-628000.0 1.000007 0.031862 0.54 177.06 154.72
-629000.0 0.999983 0.030735 0.45 176.75 153.56
-630000.0 0.99999 0.029751 0.36 175.25 153.71
-631000.0 0.999999 0.028785 0.28 171.48 156.26
-632000.0 0.999986 0.027754 0.2 162.7 163.97
-633000.0 0.99999 0.026827 0.13 141.29 184.48
-634000.0 1.000006 0.025923 0.11 99.44 225.75
-635000.0 0.999983 0.025031 0.16 66.79 257.8
-636000.0 1.000011 0.024233 0.23 52.94 271.43
-637000.0 0.999998 0.023414 0.31 47.07 277.36
-638000.0 0.999998 0.022762 0.4 44.53 279.99
-639000.0 1.00001 0.022087 0.48 43.6 281.36
-640000.0 1.000007 0.02152 0.57 43.56 282.13
-641000.0 0.999989 0.021087 0.65 44.05 282.32
-642000.0 1.000024 0.020692 0.73 44.91 282.57
-643000.0 0.999987 0.020391 0.82 46.0 282.47
-644000.0 1.000008 0.020278 0.9 47.27 282.53
-645000.0 1.000003 0.020189 0.97 48.67 282.21
-646000.0 1.0 0.020216 1.05 50.17 281.94
-647000.0 0.999996 0.020422 1.13 51.74 281.55
-648000.0 1.000016 0.020624 1.2 53.37 280.85
-649000.0 0.999986 0.021002 1.27 55.05 279.97
-650000.0 1.000017 0.021411 1.34 56.76 279.03
-651000.0 1.000002 0.021928 1.4 58.5 277.65
-652000.0 1.0 0.022513 1.47 60.27 276.09
-653000.0 1.000015 0.023107 1.53 62.04 274.41
-654000.0 1.000002 0.023825 1.59 63.83 272.37
-655000.0 1.000004 0.024555 1.65 65.63 270.16
-656000.0 1.000013 0.025248 1.7 67.44 267.76
-657000.0 1.0 0.026096 1.75 69.25 265.22
-658000.0 1.0 0.026877 1.8 71.07 262.4
-659000.0 1.000016 0.027637 1.85 72.9 259.51
-660000.0 0.999982 0.028515 1.89 74.73 256.49
-661000.0 1.000015 0.029287 1.93 76.55 253.32
-662000.0 0.999993 0.030111 1.96 78.38 249.99
-663000.0 0.999996 0.030889 1.99 80.22 246.68
-664000.0 1.000005 0.031691 2.02 82.05 243.22
-665000.0 1.000003 0.032445 2.04 83.89 239.59
-666000.0 0.999988 0.033181 2.06 85.72 236.11
-667000.0 1.000022 0.033892 2.08 87.55 232.34
-668000.0 0.999989 0.03462 2.09 89.38 228.66
-669000.0 1.00001 0.035248 2.1 91.21 224.84
-670000.0 1.000009 0.035893 2.1 93.02 221.04
-671000.0 1.000001 0.036562 2.1 94.83 217.2
-672000.0 1.000001 0.037091 2.09 96.62 213.26
-673000.0 1.000015 0.037693 2.08 98.39 209.39
-674000.0 0.999985 0.038241 2.07 100.14 205.53
-675000.0 1.000007 0.038747 2.05 101.86 201.51
-676000.0 0.999994 0.039243 2.03 103.54 197.71
-677000.0 0.999985 0.039699 2.0 105.18 193.8
-678000.0 0.999998 0.040177 1.97 106.78 189.91
-679000.0 0.999988 0.040579 1.94 108.32 186.12
-680000.0 0.99998 0.040948 1.9 109.79 182.34
-681000.0 1.000009 0.041417 1.86 111.19 178.63
-682000.0 0.999976 0.04168 1.81 112.5 174.98
-683000.0 1.000004 0.042056 1.76 113.72 171.42
-684000.0 0.999997 0.042358 1.71 114.82 168.03
-685000.0 1.000001 0.042628 1.65 115.79 164.65
-686000.0 0.999998 0.042876 1.59 116.6 161.46
-687000.0 1.000018 0.043079 1.52 117.24 158.54
-688000.0 0.999989 0.0433 1.46 117.65 155.63
-689000.0 1.000026 0.04345 1.39 117.81 153.12
-690000.0 1.000002 0.043556 1.32 117.67 150.84
-691000.0 1.000006 0.043738 1.26 117.17 148.89
-692000.0 1.000017 0.043782 1.19 116.25 147.35
-693000.0 1.000006 0.043842 1.13 114.83 146.32
-694000.0 0.999999 0.043938 1.06 112.86 145.81
-695000.0 1.000017 0.043912 1.01 110.25 145.93
-696000.0 0.999993 0.043946 0.96 106.98 146.68
-697000.0 1.0 0.043894 0.92 103.03 148.16
-698000.0 1.000012 0.043868 0.9 98.49 150.17
-699000.0 0.999985 0.0438 0.88 93.5 152.57
-700000.0 1.000009 0.043668 0.88 88.3 155.31
-701000.0 1.000001 0.043588 0.9 83.17 157.84
-702000.0 0.999993 0.043432 0.93 78.37 160.09
-703000.0 1.000011 0.043234 0.98 74.11 161.78
-704000.0 1.000002 0.043045 1.04 70.48 162.84
-705000.0 0.999995 0.04285 1.11 67.55 163.18
-706000.0 1.00002 0.042518 1.18 65.27 162.8
-707000.0 0.999989 0.042281 1.27 63.6 161.92
-708000.0 1.000014 0.041948 1.36 62.48 160.37
-709000.0 1.000003 0.041581 1.45 61.81 158.35
-710000.0 1.000001 0.041213 1.55 61.56 155.98
-711000.0 1.000002 0.040781 1.64 61.64 153.2
-712000.0 1.000013 0.04037 1.74 62.02 150.05
-713000.0 0.999982 0.039867 1.84 62.64 146.76
-714000.0 1.000018 0.039364 1.93 63.49 143.11
-715000.0 0.999988 0.038876 2.03 64.51 139.37
-716000.0 0.999993 0.038269 2.12 65.69 135.35
-717000.0 1.0 0.037684 2.21 67.01 131.25
-718000.0 0.999987 0.0371 2.3 68.44 127.06
-719000.0 0.999984 0.036396 2.38 69.97 122.6
-720000.0 1.000007 0.035759 2.46 71.59 118.19
-721000.0 0.999981 0.035012 2.54 73.28 113.7
-722000.0 1.000002 0.034314 2.62 75.03 109.0
-723000.0 1.000003 0.033505 2.69 76.84 104.41
-724000.0 0.999997 0.032689 2.75 78.69 99.72
-725000.0 1.0 0.031883 2.81 80.58 94.95
-726000.0 1.000017 0.030964 2.87 82.5 90.22
-727000.0 0.999986 0.030032 2.92 84.45 85.37
-728000.0 1.00002 0.029136 2.96 86.41 80.66
-729000.0 0.999995 0.028099 3.0 88.39 75.73
-730000.0 1.000002 0.027119 3.03 90.39 70.91
-731000.0 1.000006 0.026068 3.06 92.39 66.14
-732000.0 0.999998 0.025027 3.08 94.4 61.25
-733000.0 0.999991 0.023946 3.1 96.4 56.36
-734000.0 1.000013 0.022795 3.1 98.41 51.73
-735000.0 0.999985 0.021746 3.11 100.41 46.83
-736000.0 1.000006 0.020558 3.1 102.4 42.12
-737000.0 1.000003 0.019396 3.09 104.38 37.49
-738000.0 0.999996 0.018264 3.08 106.34 32.85
-739000.0 1.000011 0.017076 3.06 108.27 28.39
-740000.0 1.000011 0.015876 3.03 110.18 23.87
-741000.0 0.999995 0.014722 3.0 112.05 19.83
-742000.0 1.000022 0.013525 2.96 113.89 15.7
-743000.0 1.000005 0.012332 2.92 115.68 11.83
-744000.0 0.999998 0.011153 2.87 117.41 8.62
-745000.0 1.000022 0.009962 2.82 119.09 5.51
-746000.0 0.999992 0.00883 2.76 120.69 3.06
-747000.0 1.000009 0.007617 2.7 122.22 1.67
-748000.0 1.000006 0.006532 2.63 123.67 1.2
-749000.0 0.999999 0.005481 2.56 125.01 2.71
-750000.0 0.999998 0.004457 2.49 126.26 6.99
-751000.0 1.000016 0.003664 2.41 127.38 15.57
-752000.0 0.99998 0.00318 2.34 128.36 30.04
-753000.0 1.000019 0.002983 2.26 129.2 48.25
-754000.0 0.999989 0.003419 2.17 129.86 64.68
-755000.0 0.999999 0.004049 2.09 130.34 75.86
-756000.0 1.000001 0.004888 2.01 130.62 82.52
-757000.0 0.999996 0.005846 1.93 130.66 85.85
-758000.0 0.999989 0.006844 1.85 130.45 87.9
-759000.0 1.000009 0.007792 1.77 129.97 88.14
-760000.0 0.999983 0.008831 1.7 129.19 88.67
-761000.0 1.000003 0.009805 1.63 128.1 88.34
-762000.0 0.999998 0.010767 1.57 126.68 87.85
-763000.0 0.999991 0.011723 1.52 124.95 87.81
-764000.0 1.000002 0.012653 1.47 122.91 87.47
-765000.0 1.000003 0.013566 1.43 120.6 87.17
-766000.0 0.999985 0.014424 1.41 118.08 87.26
-767000.0 1.000017 0.015268 1.39 115.4 87.07
-768000.0 0.999991 0.016141 1.39 112.68 87.05
-769000.0 0.999999 0.01685 1.39 109.97 86.77
-770000.0 1.000007 0.017641 1.41 107.39 86.5
-771000.0 0.999997 0.018379 1.43 105.0 85.86
-772000.0 0.999992 0.018999 1.47 102.85 84.96
-773000.0 1.000019 0.019698 1.51 100.98 83.75
-774000.0 0.999981 0.020241 1.56 99.42 82.33
-775000.0 1.000015 0.020852 1.61 98.17 80.32
-776000.0 0.999998 0.021329 1.67 97.21 78.21
-777000.0 1.000002 0.021791 1.73 96.54 75.76
-778000.0 1.000003 0.022279 1.79 96.13 72.87
-779000.0 1.000009 0.022621 1.86 95.97 69.87
-780000.0 0.999993 0.022975 1.92 96.02 66.53
-781000.0 1.000017 0.023355 1.98 96.27 63.09
-782000.0 0.999998 0.023584 2.04 96.7 59.29
-783000.0 1.000001 0.023851 2.1 97.28 55.43
-784000.0 1.000015 0.024086 2.16 98.01 51.51
-785000.0 0.999997 0.02426 2.22 98.85 47.24
-786000.0 1.000006 0.02442 2.27 99.8 43.0
-787000.0 1.000008 0.024502 2.32 100.84 38.72
-788000.0 1.000001 0.024639 2.37 101.97 34.18
-789000.0 1.000004 0.024655 2.41 103.16 29.67
-790000.0 1.000014 0.024654 2.45 104.41 25.1
-791000.0 0.999984 0.02468 2.48 105.71 20.35
-792000.0 1.000021 0.024612 2.52 107.06 15.7
-793000.0 0.999993 0.024541 2.54 108.44 10.77
-794000.0 0.999999 0.024438 2.57 109.84 6.09
-795000.0 1.000009 0.024349 2.59 111.28 1.13
-796000.0 0.999998 0.024162 2.6 112.73 356.14
-797000.0 0.999993 0.024012 2.62 114.19 351.36
-798000.0 1.000018 0.023805 2.62 115.66 346.24
-799000.0 0.999982 0.02362 2.63 117.14 341.26
-800000.0 1.000012 0.023333 2.63 118.62 336.22
-801000.0 0.999999 0.023111 2.63 120.1 331.13
-802000.0 0.999996 0.022857 2.62 121.57 326.03
-803000.0 1.000001 0.022522 2.61 123.04 320.84
-804000.0 1.000002 0.022258 2.59 124.5 315.69
-805000.0 0.999985 0.021948 2.57 125.95 310.58
-806000.0 1.000005 0.021608 2.55 127.39 305.18
-807000.0 0.999984 0.021282 2.53 128.81 300.09
-808000.0 0.999992 0.020914 2.5 130.21 294.75
-809000.0 0.999995 0.020609 2.47 131.59 289.39
-810000.0 0.99999 0.020208 2.43 132.95 284.04
-811000.0 0.999989 0.01983 2.4 134.29 278.68
-812000.0 1.000011 0.019551 2.36 135.6 273.2
-813000.0 0.999979 0.019084 2.31 136.87 267.7
-814000.0 1.000016 0.018778 2.27 138.11 262.19
-815000.0 0.999996 0.018413 2.22 139.3 256.69
-816000.0 1.000003 0.018049 2.18 140.46 250.92
-817000.0 1.000008 0.017711 2.13 141.56 245.3
-818000.0 1.000011 0.017364 2.07 142.62 239.66
-819000.0 0.999994 0.01707 2.02 143.61 233.71
-820000.0 1.000026 0.016766 1.97 144.54 228.02
-821000.0 0.999997 0.016448 1.91 145.4 222.05
-822000.0 1.000008 0.016246 1.85 146.19 216.27
-823000.0 1.000016 0.015985 1.79 146.89 210.26
-824000.0 0.999997 0.015757 1.73 147.51 204.29
-825000.0 1.000006 0.015617 1.67 148.02 198.5
-826000.0 1.000009 0.015441 1.61 148.41 192.45
-827000.0 0.999992 0.015348 1.55 148.69 186.55
-828000.0 1.000005 0.015226 1.49 148.82 180.85
-829000.0 1.000002 0.015219 1.43 148.79 175.08
-830000.0 0.999988 0.015218 1.37 148.59 169.38
-831000.0 1.00001 0.015178 1.31 148.18 164.08
-832000.0 0.999993 0.015323 1.25 147.54 158.8
-833000.0 0.999996 0.015397 1.19 146.65 153.83
-834000.0 1.000008 0.015528 1.14 145.48 149.1
-835000.0 0.999998 0.015723 1.09 143.99 144.77
-836000.0 0.999997 0.015938 1.04 142.17 140.9
-837000.0 1.000021 0.016214 1.0 139.99 137.08
-838000.0 0.999988 0.016484 0.96 137.45 134.16
-839000.0 1.000022 0.016818 0.93 134.55 131.37
-840000.0 1.000001 0.017226 0.9 131.34 129.09
-841000.0 1.000004 0.017564 0.88 127.86 127.16
-842000.0 1.000008 0.017988 0.87 124.22 125.55
-843000.0 1.000009 0.018471 0.87 120.49 124.12
-844000.0 0.999984 0.018841 0.88 116.82 122.61
-845000.0 1.000016 0.019351 0.89 113.3 121.19
-846000.0 0.999981 0.019778 0.91 110.03 119.62
-847000.0 0.99999 0.020287 0.94 107.08 117.57
-848000.0 0.999996 0.020746 0.98 104.5 115.47
-849000.0 0.999982 0.021223 1.02 102.32 113.0
-850000.0 0.999989 0.02176 1.06 100.52 110.12
-851000.0 1.000006 0.022216 1.11 99.1 107.11
-852000.0 0.999982 0.022696 1.16 98.03 103.6
-853000.0 1.000012 0.023203 1.21 97.3 100.11
-854000.0 0.999998 0.023648 1.27 96.85 96.12
-855000.0 1.000002 0.024111 1.32 96.69 91.98
-856000.0 1.000005 0.024533 1.37 96.77 87.79
-857000.0 1.000011 0.024999 1.43 97.07 83.25
-858000.0 0.99999 0.025405 1.48 97.57 78.58
-859000.0 1.000019 0.025749 1.53 98.23 73.96
-860000.0 0.999989 0.026202 1.58 99.06 68.99
-861000.0 1.000003 0.026498 1.63 100.03 64.09
-862000.0 1.000003 0.026817 1.68 101.12 59.03
-863000.0 0.999989 0.027117 1.72 102.32 53.94
-864000.0 0.999998 0.027386 1.76 103.62 48.77
-865000.0 1.000006 0.027578 1.8 105.0 43.41
-866000.0 0.999983 0.027791 1.83 106.47 38.25
-867000.0 1.000018 0.027945 1.86 108.0 32.8
-868000.0 0.999995 0.02808 1.89 109.6 27.4
-869000.0 1.000005 0.028166 1.91 111.26 22.0
-870000.0 1.000019 0.028202 1.93 112.96 16.51
-871000.0 1.000002 0.02828 1.94 114.72 11.04
-872000.0 1.000008 0.028198 1.95 116.52 5.47
-873000.0 1.000021 0.028166 1.95 118.36 359.98
-874000.0 1.000003 0.028106 1.95 120.24 354.47
-875000.0 1.000006 0.027913 1.95 122.16 348.81
-876000.0 1.000021 0.027766 1.93 124.1 343.32
-877000.0 0.999992 0.027542 1.92 126.07 337.79
-878000.0 1.000018 0.02729 1.9 128.05 332.09
-879000.0 0.999998 0.026971 1.87 130.06 326.68
-880000.0 1.000002 0.026613 1.84 132.08 321.06
-881000.0 0.999998 0.026257 1.8 134.1 315.55
-882000.0 1.000006 0.025805 1.76 136.12 310.08
-883000.0 0.999978 0.025281 1.72 138.14 304.55
-884000.0 1.000014 0.024841 1.67 140.14 299.24
-885000.0 0.999978 0.024211 1.61 142.12 293.69
-886000.0 0.999996 0.023638 1.55 144.07 288.42
-887000.0 0.999998 0.022995 1.49 145.98 283.19
-888000.0 0.999987 0.022326 1.42 147.83 277.92
-889000.0 0.999997 0.021637 1.35 149.61 272.78
-890000.0 1.000005 0.020854 1.27 151.3 267.97
-891000.0 0.999984 0.020156 1.19 152.88 263.01
-892000.0 1.000013 0.019316 1.1 154.29 258.45
-893000.0 0.999997 0.018468 1.02 155.52 254.11
-894000.0 0.999997 0.017676 0.92 156.46 250.06
-895000.0 1.000009 0.01675 0.83 157.03 246.46
-896000.0 1.000001 0.015844 0.74 157.08 243.46
-897000.0 0.99999 0.014936 0.64 156.32 241.4
-898000.0 1.000017 0.013946 0.54 154.35 240.68
-899000.0 0.999985 0.013012 0.45 150.42 241.77
-900000.0 1.000003 0.011942 0.37 143.19 246.83
-901000.0 1.0 0.010967 0.3 130.61 256.99
-902000.0 0.999996 0.009916 0.26 111.11 274.34
-903000.0 0.999994 0.008835 0.26 88.66 295.3
-904000.0 1.000016 0.007785 0.32 70.96 311.46
-905000.0 0.999981 0.006757 0.39 60.08 321.97
-906000.0 1.000022 0.005639 0.49 53.98 327.95
-907000.0 0.999996 0.004655 0.59 50.77 333.78
-908000.0 1.000004 0.003686 0.69 49.3 340.09
-909000.0 1.00001 0.002787 0.8 48.92 350.57
-910000.0 1.000003 0.002269 0.9 49.25 10.68
-911000.0 1.0 0.002205 1.01 50.09 36.9
-912000.0 1.000016 0.002678 1.11 51.26 56.94
-913000.0 0.999993 0.003569 1.22 52.69 67.66
-914000.0 1.000006 0.004529 1.32 54.32 71.94
-915000.0 1.000012 0.005568 1.42 56.07 72.4
-916000.0 0.999988 0.006685 1.51 57.94 71.49
-917000.0 1.000017 0.007795 1.61 59.9 69.2
-918000.0 0.999997 0.008918 1.7 61.92 65.69
-919000.0 1.000001 0.010032 1.78 64.01 62.55
-920000.0 1.000009 0.011201 1.86 66.13 58.4
-921000.0 1.000004 0.012323 1.94 68.29 54.09
-922000.0 0.999991 0.013457 2.01 70.49 49.98
-923000.0 1.000023 0.014579 2.08 72.71 45.29
-924000.0 0.999989 0.015745 2.14 74.96 40.81
-925000.0 1.00001 0.016796 2.2 77.22 36.05
-926000.0 1.000008 0.017925 2.25 79.49 31.42
-927000.0 1.0 0.019033 2.3 81.78 26.59
-928000.0 1.000002 0.020047 2.34 84.06 21.74
-929000.0 1.000013 0.021149 2.38 86.35 16.92
-930000.0 0.999984 0.022157 2.41 88.65 12.12
-931000.0 1.000015 0.023204 2.43 90.92 7.07
-932000.0 0.999991 0.024196 2.45 93.2 2.27
-933000.0 0.999994 0.025176 2.46 95.46 357.38
-934000.0 1.0 0.026212 2.47 97.7 352.4
-935000.0 0.999989 0.027139 2.47 99.92 347.54
-936000.0 0.999984 0.028085 2.47 102.12 342.67
-937000.0 1.0 0.029124 2.46 104.29 337.79
-938000.0 0.999979 0.029979 2.44 106.42 332.95
-939000.0 0.999998 0.030971 2.42 108.52 328.16
-940000.0 0.999993 0.031892 2.39 110.58 323.47
-941000.0 0.999997 0.032802 2.36 112.59 318.69
-942000.0 0.999997 0.033706 2.32 114.55 314.06
-943000.0 1.000015 0.034578 2.28 116.46 309.55
-944000.0 0.999984 0.035471 2.23 118.29 304.89
-945000.0 1.000024 0.036321 2.17 120.06 300.5
-946000.0 0.999996 0.037126 2.12 121.75 296.08
-947000.0 1.000005 0.038002 2.05 123.36 291.78
-948000.0 1.000011 0.038769 1.99 124.86 287.56
-949000.0 1.000007 0.03954 1.92 126.24 283.45
-950000.0 0.999994 0.040334 1.85 127.49 279.51
-951000.0 1.000023 0.041041 1.77 128.59 275.67
-952000.0 0.999992 0.041767 1.69 129.51 271.95
-953000.0 1.000007 0.042434 1.61 130.21 268.59
-954000.0 1.000014 0.043133 1.53 130.67 265.3
-955000.0 0.999991 0.04374 1.45 130.83 262.34
-956000.0 1.000011 0.044348 1.37 130.66 259.79
-957000.0 1.000003 0.044956 1.29 130.09 257.5
-958000.0 0.999992 0.045521 1.21 129.05 255.77
-959000.0 1.00001 0.046034 1.14 127.48 254.49
-960000.0 0.999994 0.046552 1.07 125.3 253.87
-961000.0 0.999997 0.047071 1.01 122.46 253.89
-962000.0 1.000011 0.047458 0.96 118.93 254.54
-963000.0 0.999989 0.047919 0.92 114.73 255.97
-964000.0 1.00001 0.048283 0.89 109.97 257.87
-965000.0 1.000003 0.048624 0.88 104.83 260.13
-966000.0 1.000003 0.048926 0.88 99.57 262.57
-967000.0 1.000006 0.049175 0.9 94.47 264.83
-968000.0 1.000015 0.049444 0.93 89.77 266.62
-969000.0 0.999992 0.049572 0.97 85.63 267.94
-970000.0 1.000026 0.049734 1.02 82.16 268.51
-971000.0 0.999993 0.049869 1.09 79.34 268.49
-972000.0 1.000007 0.049858 1.15 77.17 267.75
-973000.0 1.000004 0.049892 1.23 75.56 266.51
-974000.0 1.000001 0.049865 1.31 74.45 264.76
-975000.0 0.999986 0.049727 1.39 73.77 262.5
-976000.0 1.000005 0.049633 1.47 73.45 259.96
-977000.0 0.999976 0.049373 1.55 73.45 257.08
-978000.0 0.999991 0.04922 1.63 73.71 253.87
-979000.0 0.999993 0.048886 1.71 74.19 250.52
-980000.0 0.999986 0.04855 1.79 74.85 246.97
-981000.0 0.999996 0.048237 1.87 75.67 243.24
-982000.0 1.000006 0.047755 1.95 76.62 239.42
-983000.0 0.999987 0.047285 2.03 77.69 235.45
-984000.0 1.000016 0.046789 2.1 78.85 231.5
-985000.0 0.999993 0.046168 2.17 80.1 227.34
-986000.0 1.000006 0.04556 2.24 81.41 223.2
-987000.0 1.000006 0.04485 2.3 82.79 219.06
-988000.0 1.000005 0.044151 2.36 84.22 214.79
-989000.0 0.999995 0.043341 2.42 85.69 210.53
-990000.0 1.000018 0.042478 2.47 87.21 206.33
-991000.0 0.999989 0.041653 2.52 88.75 201.99
-992000.0 1.00001 0.040678 2.57 90.33 197.78
-993000.0 1.000001 0.039703 2.61 91.94 193.46
-994000.0 0.999993 0.038684 2.65 93.57 189.25
-995000.0 1.000006 0.037653 2.69 95.22 185.02
-996000.0 1.000006 0.036512 2.72 96.88 180.75
-997000.0 0.999985 0.035422 2.74 98.56 176.72
-998000.0 1.000022 0.03426 2.77 100.25 172.53
-999000.0 0.99999 0.033074 2.79 101.95 168.5
-1000000.0 1.000004 0.031871 2.81 103.65 164.63
