0.0 30.098703 0.006894 1.77 131.78 264.31
-1000.0 29.941198 0.010153 1.77 131.84 299.37
-2000.0 30.037662 0.010514 1.76 131.94 274.34
-3000.0 30.264809 0.004459 1.76 131.96 244.13
-4000.0 30.227614 0.00428 1.76 131.95 299.34
-5000.0 30.019771 0.010168 1.76 132.15 277.0
-6000.0 30.016121 0.00782 1.76 132.16 259.94
-7000.0 30.190071 0.007703 1.75 132.18 304.68
-8000.0 30.207829 0.011276 1.75 132.28 289.78
-9000.0 29.992329 0.008608 1.75 132.32 252.22
-10000.0 29.957881 0.005086 1.75 132.49 267.03
-11000.0 30.172317 0.012196 1.75 132.48 282.28
-12000.0 30.310051 0.015717 1.74 132.5 257.89
-13000.0 30.127362 0.008044 1.74 132.67 251.8
-14000.0 29.962939 0.008214 1.74 132.75 297.16
-15000.0 30.065605 0.010853 1.74 132.79 272.03
-16000.0 30.228528 0.007849 1.74 132.86 235.44
-17000.0 30.126129 0.004966 1.74 132.89 277.47
-18000.0 29.958591 0.010977 1.73 133.11 280.92
-19000.0 30.049709 0.007889 1.73 133.12 262.68
-20000.0 30.261904 0.004899 1.73 133.16 315.71
-21000.0 30.243027 0.008445 1.73 133.3 304.89
-22000.0 30.013855 0.008609 1.72 133.42 260.21
-23000.0 29.993054 0.005336 1.72 133.51 261.42
-24000.0 30.162045 0.010047 1.72 133.57 292.23
-25000.0 30.221867 0.012718 1.72 133.61 266.66
-26000.0 30.018258 0.005538 1.71 133.8 247.69
-27000.0 29.967261 0.005539 1.71 133.87 291.84
-28000.0 30.161337 0.011173 1.7 133.89 261.67
-29000.0 30.309591 0.011521 1.7 134.02 224.63
-30000.0 30.138313 0.005072 1.7 134.1 247.04
-31000.0 29.953333 0.009978 1.69 134.26 283.68
-32000.0 30.042227 0.009113 1.69 134.32 256.85
-33000.0 30.212763 0.003438 1.69 134.36 256.28
-34000.0 30.158125 0.005916 1.69 134.45 292.49
-35000.0 29.975336 0.009941 1.68 134.57 260.64
-36000.0 30.051857 0.005693 1.68 134.58 262.94
-37000.0 30.252425 0.009568 1.67 134.67 304.42
-38000.0 30.259512 0.011598 1.67 134.7 281.99
-39000.0 30.009851 0.005799 1.67 134.83 246.14
-40000.0 29.959233 0.003843 1.66 134.93 287.12
-41000.0 30.129519 0.009961 1.66 134.96 272.06
-42000.0 30.242376 0.011283 1.66 134.96 237.64
-43000.0 30.066107 0.003904 1.65 135.07 251.36
-44000.0 29.977291 0.007119 1.65 135.11 289.57
-45000.0 30.130374 0.008133 1.64 135.17 245.51
-46000.0 30.30239 0.005195 1.64 135.15 186.93
-47000.0 30.155283 0.002995 1.64 135.19 278.85
-48000.0 29.956116 0.009473 1.63 135.35 262.52
-49000.0 30.014966 0.006552 1.63 135.35 243.25
-50000.0 30.202167 0.005191 1.63 135.36 300.69
-51000.0 30.182861 0.0081 1.62 135.41 285.06
-52000.0 29.998167 0.007036 1.62 135.47 244.01
-53000.0 30.040254 0.004797 1.62 135.56 273.73
-54000.0 30.23633 0.011492 1.61 135.55 280.67
-55000.0 30.270068 0.011902 1.61 135.47 253.24
-56000.0 30.018993 0.003126 1.61 135.71 258.87
-57000.0 29.934442 0.006183 1.61 135.71 307.98
-58000.0 30.108315 0.008361 1.6 135.74 257.09
-59000.0 30.254752 0.006689 1.6 135.73 203.25
-60000.0 30.108833 0.002541 1.6 135.79 281.03
-61000.0 29.983827 0.007838 1.59 135.97 277.53
-62000.0 30.10989 0.004598 1.59 135.96 241.61
-63000.0 30.280451 0.001949 1.59 135.89 4.17
-64000.0 30.165856 0.005205 1.58 136.07 301.36
-65000.0 29.948032 0.007357 1.58 136.13 241.54
-66000.0 29.99608 0.003435 1.57 136.18 246.36
-67000.0 30.206475 0.008764 1.57 136.19 291.35
-68000.0 30.221271 0.00978 1.57 136.19 264.36
-69000.0 30.027434 0.003926 1.57 136.43 245.85
-70000.0 30.02489 0.00532 1.56 136.43 289.07
-71000.0 30.208425 0.010433 1.56 136.43 255.2
-72000.0 30.258156 0.008751 1.56 136.52 220.42
-73000.0 30.030205 0.003616 1.55 136.64 297.02
-74000.0 29.921748 0.008939 1.55 136.73 292.35
-75000.0 30.095421 0.005941 1.55 136.75 246.4
-76000.0 30.262267 0.001152 1.54 136.7 119.6
-77000.0 30.145937 0.004419 1.54 136.92 314.8
-78000.0 29.993373 0.006927 1.53 136.96 260.9
-79000.0 30.104661 0.002669 1.53 136.99 283.93
-80000.0 30.253184 0.007043 1.53 137.05 317.67
-81000.0 30.166033 0.007013 1.52 137.14 281.57
-82000.0 29.936791 0.00334 1.52 137.25 215.84
-83000.0 29.993192 0.003053 1.51 137.29 293.66
-84000.0 30.209634 0.009857 1.51 137.25 266.79
-85000.0 30.25717 0.009176 1.5 137.31 232.26
-86000.0 30.045614 0.002441 1.5 137.41 282.65
-87000.0 30.003663 0.006469 1.49 137.42 289.62
-88000.0 30.173936 0.007088 1.49 137.47 232.63
-89000.0 30.250655 0.003629 1.49 137.46 172.97
-90000.0 30.052442 0.004728 1.48 137.55 299.66
-91000.0 29.925527 0.008919 1.48 137.61 269.2
-92000.0 30.083958 0.003234 1.47 137.59 254.75
-93000.0 30.268912 0.005427 1.47 137.53 343.78
-94000.0 30.182138 0.006913 1.47 137.61 306.58
-95000.0 29.997809 0.004572 1.46 137.57 252.18
-96000.0 30.073713 0.004145 1.45 137.65 309.19
-97000.0 30.226308 0.00929 1.45 137.57 289.37
-98000.0 30.178847 0.006791 1.45 137.57 258.82
-99000.0 29.947302 0.001772 1.44 137.68 354.89
-100000.0 29.982351 0.00533 1.44 137.66 310.72
-101000.0 30.196028 0.00734 1.43 137.58 242.3
-102000.0 30.286099 0.00579 1.43 137.59 187.3
-103000.0 30.076984 0.003392 1.43 137.57 317.09
-104000.0 29.990182 0.007116 1.42 137.67 281.25
-105000.0 30.132775 0.003008 1.42 137.6 232.35
-106000.0 30.243254 0.002954 1.42 137.48 22.4
-107000.0 30.072425 0.005999 1.41 137.64 299.74
-108000.0 29.932459 0.006515 1.41 137.6 250.25
-109000.0 30.075551 0.003523 1.4 137.62 304.92
-110000.0 30.275015 0.009781 1.4 137.55 309.42
-111000.0 30.206224 0.008244 1.4 137.54 285.52
-112000.0 30.000368 0.002626 1.4 137.67 288.64
-113000.0 30.036755 0.005943 1.39 137.64 310.12
-114000.0 30.209056 0.009012 1.39 137.51 265.41
-115000.0 30.194165 0.004521 1.39 137.65 235.24
-116000.0 29.972556 0.005995 1.38 137.61 334.37
-117000.0 29.969981 0.007835 1.38 137.68 300.77
-118000.0 30.192008 0.003303 1.38 137.61 225.65
-119000.0 30.295587 0.003315 1.37 137.57 74.47
-120000.0 30.101138 0.005564 1.37 137.72 319.87
-121000.0 29.971561 0.006657 1.36 137.71 267.98
-122000.0 30.096334 0.002523 1.36 137.65 307.06
-123000.0 30.2248 0.007279 1.36 137.71 329.18
-124000.0 30.103093 0.006958 1.36 137.68 291.82
-125000.0 29.948977 0.002998 1.35 137.74 254.35
-126000.0 30.085223 0.006432 1.35 137.72 307.78
-127000.0 30.276655 0.011248 1.34 137.63 278.04
-128000.0 30.222726 0.007019 1.34 137.76 258.42
-129000.0 29.991777 0.005145 1.33 137.73 326.63
-130000.0 30.005455 0.007867 1.33 137.73 302.32
-131000.0 30.18081 0.005856 1.33 137.72 247.83
-132000.0 30.201116 0.000252 1.32 137.71 269.48
-133000.0 30.005782 0.008101 1.32 137.69 315.81
-134000.0 29.975227 0.008114 1.31 137.71 284.62
-135000.0 30.191659 0.002161 1.31 137.58 349.24
-136000.0 30.297195 0.007896 1.3 137.62 359.91
-137000.0 30.112645 0.007492 1.3 137.55 309.97
-138000.0 29.952919 0.004186 1.29 137.55 262.02
-139000.0 30.076992 0.005479 1.29 137.55 321.92
-140000.0 30.217 0.009704 1.29 137.48 299.7
-141000.0 30.132634 0.006459 1.28 137.4 281.35
-142000.0 29.962464 0.003633 1.28 137.4 329.33
-143000.0 30.077169 0.00756 1.27 137.29 298.12
-144000.0 30.267605 0.008916 1.27 137.2 250.53
-145000.0 30.240071 0.003172 1.27 137.15 233.37
-146000.0 29.98981 0.00854 1.26 137.03 318.83
-147000.0 29.974339 0.009252 1.26 137.08 291.74
-148000.0 30.153877 0.002724 1.25 136.95 277.1
-149000.0 30.223017 0.005581 1.25 136.82 358.82
-150000.0 30.047731 0.008888 1.25 136.79 306.77
-151000.0 29.985047 0.006793 1.24 136.72 279.83
-152000.0 30.167625 0.007025 1.24 136.59 333.97
-153000.0 30.288015 0.011946 1.24 136.52 322.61
-154000.0 30.131297 0.008741 1.23 136.31 300.22
-155000.0 29.940111 0.003268 1.23 136.42 316.47
-156000.0 30.050511 0.008185 1.23 136.27 315.32
-157000.0 30.212604 0.009627 1.22 136.11 277.54
-158000.0 30.165276 0.004897 1.22 136.1 278.03
-159000.0 29.98289 0.007817 1.22 136.01 326.91
-160000.0 30.062117 0.008238 1.21 135.96 292.82
-161000.0 30.25319 0.00392 1.21 135.86 236.34
-162000.0 30.24929 0.002523 1.21 135.69 3.21
-163000.0 30.000328 0.010403 1.2 135.76 304.31
-164000.0 29.946404 0.009448 1.2 135.68 277.89
-165000.0 30.130477 0.005172 1.2 135.49 320.52
-166000.0 30.24462 0.01077 1.2 135.53 331.96
-167000.0 30.080564 0.009933 1.19 135.36 297.96
-168000.0 29.990034 0.005952 1.19 135.41 290.56
-169000.0 30.145811 0.010455 1.19 135.3 312.98
-170000.0 30.280624 0.013498 1.18 135.18 292.1
-171000.0 30.140624 0.008265 1.18 135.2 289.56
-172000.0 29.935605 0.007754 1.18 135.15 329.54
-173000.0 30.024989 0.01003 1.17 134.99 304.32
-174000.0 30.217843 0.007177 1.17 135.0 260.44
-175000.0 30.200856 0.003266 1.17 134.83 310.3
-176000.0 30.009884 0.01065 1.16 134.85 310.96
-177000.0 30.040774 0.008657 1.16 134.74 286.44
-178000.0 30.229682 0.003114 1.16 134.61 334.43
-179000.0 30.231478 0.008548 1.16 134.62 340.01
-180000.0 30.013226 0.010536 1.15 134.51 292.2
-181000.0 29.93511 0.007249 1.15 134.41 269.89
-182000.0 30.129936 0.009157 1.14 134.34 316.42
-183000.0 30.252766 0.013683 1.14 134.2 304.08
-184000.0 30.125013 0.010384 1.14 134.08 289.39
-185000.0 29.991663 0.00706 1.13 134.01 307.66
-186000.0 30.134572 0.012025 1.13 133.83 295.24
-187000.0 30.258027 0.011435 1.13 133.79 268.38
-188000.0 30.134992 0.006762 1.12 133.64 296.55
-189000.0 29.925566 0.012594 1.12 133.55 316.2
-190000.0 30.015433 0.010845 1.11 133.45 293.25
-191000.0 30.225036 0.003553 1.11 133.31 286.45
-192000.0 30.233228 0.007038 1.11 133.09 341.93
-193000.0 30.033324 0.011862 1.11 133.03 299.38
-194000.0 30.021563 0.008451 1.1 132.83 285.33
-195000.0 30.200505 0.008771 1.1 132.7 330.21
-196000.0 30.232545 0.013166 1.1 132.54 317.95
-197000.0 30.026967 0.00994 1.09 132.38 288.08
-198000.0 29.930732 0.005648 1.09 132.33 293.9
-199000.0 30.124695 0.012086 1.09 132.13 302.51
-200000.0 30.260958 0.013884 1.09 131.91 280.28
-201000.0 30.157743 0.009539 1.09 131.81 283.46
-202000.0 29.988155 0.010409 1.08 131.64 310.04
-203000.0 30.102118 0.011798 1.08 131.45 285.6
-204000.0 30.234563 0.007482 1.08 131.33 262.17
-205000.0 30.152453 0.007601 1.08 131.06 312.18
-206000.0 29.937337 0.01531 1.07 131.11 298.13
-207000.0 30.002812 0.011269 1.07 130.89 284.48
-208000.0 30.221629 0.007342 1.07 130.65 326.48
-209000.0 30.256831 0.013028 1.07 130.6 326.9
-210000.0 30.059677 0.012549 1.07 130.46 292.81
-211000.0 30.004425 0.008549 1.07 130.3 289.63
-212000.0 30.1624 0.012806 1.07 130.19 311.15
-213000.0 30.226152 0.015173 1.07 129.93 295.26
-214000.0 30.049932 0.010013 1.06 130.0 288.95
-215000.0 29.932076 0.008669 1.06 129.82 312.34
-216000.0 30.114632 0.013116 1.06 129.58 288.13
-217000.0 30.277195 0.011322 1.06 129.58 259.43
-218000.0 30.182559 0.008029 1.06 129.42 287.66
-219000.0 29.985653 0.013776 1.05 129.37 298.87
-220000.0 30.065482 0.011534 1.05 129.21 279.82
-221000.0 30.215089 0.00579 1.05 129.03 293.0
-222000.0 30.170357 0.010724 1.05 129.06 314.31
-223000.0 29.957891 0.015335 1.05 128.92 281.6
-224000.0 29.989538 0.010637 1.05 128.67 277.47
-225000.0 30.215277 0.012782 1.05 128.64 314.03
-226000.0 30.278003 0.017327 1.05 128.45 304.3
-227000.0 30.078982 0.012909 1.04 128.44 285.07
-228000.0 29.98432 0.009388 1.04 128.24 297.11
-229000.0 30.132092 0.014732 1.04 128.05 293.29
-230000.0 30.214892 0.014024 1.04 128.04 274.82
-231000.0 30.075175 0.010212 1.04 127.92 291.32
-232000.0 29.95115 0.012902 1.03 127.65 303.77
-233000.0 30.112534 0.012301 1.03 127.55 276.98
-234000.0 30.283384 0.00631 1.03 127.36 256.8
-235000.0 30.188413 0.009039 1.03 127.27 305.6
-236000.0 29.981762 0.015511 1.03 127.08 284.46
-237000.0 30.027795 0.011284 1.02 126.87 275.66
-238000.0 30.201618 0.0097 1.02 126.77 311.42
-239000.0 30.172611 0.014701 1.02 126.64 302.57
-240000.0 29.992705 0.013619 1.02 126.44 274.35
-241000.0 29.999362 0.01015 1.02 126.24 282.81
-242000.0 30.221751 0.01691 1.02 126.04 295.97
-243000.0 30.278093 0.018222 1.02 125.83 281.71
-244000.0 30.091716 0.012723 1.02 125.73 281.52
-245000.0 29.953871 0.012269 1.01 125.45 301.91
-246000.0 30.110008 0.014928 1.01 125.3 280.15
-247000.0 30.209658 0.010982 1.01 125.17 265.31
-248000.0 30.104009 0.011184 1.01 125.0 295.84
-249000.0 29.958613 0.016315 1.01 124.84 290.31
-250000.0 30.107811 0.011098 1.01 124.63 276.3
-251000.0 30.278135 0.006683 1.01 124.35 309.23
-252000.0 30.207407 0.012973 1.01 124.34 308.31
-253000.0 29.984651 0.015212 1.01 124.09 273.26
-254000.0 29.994094 0.010806 1.01 123.88 273.85
-255000.0 30.180422 0.014347 1.01 123.76 300.64
-256000.0 30.197867 0.01749 1.01 123.57 287.34
-257000.0 30.026574 0.012846 1.01 123.55 273.94
-258000.0 30.000354 0.011609 1.01 123.33 287.34
-259000.0 30.203744 0.017842 1.01 123.05 277.14
-260000.0 30.271426 0.015942 1.01 123.06 261.76
-261000.0 30.099703 0.012684 1.01 122.93 281.15
-262000.0 29.942583 0.016061 1.01 122.73 291.75
-263000.0 30.084298 0.014321 1.01 122.61 271.61
-264000.0 30.216299 0.008442 1.01 122.4 273.53
-265000.0 30.137776 0.013132 1.01 122.5 296.06
-266000.0 29.972753 0.017397 1.01 122.27 275.02
-267000.0 30.090411 0.011432 1.01 122.04 278.04
-268000.0 30.26919 0.012927 1.01 122.04 309.15
-269000.0 30.21695 0.017106 1.01 121.97 294.6
-270000.0 29.986385 0.013676 1.01 121.86 265.89
-271000.0 29.966929 0.01032 1.01 121.71 276.99
-272000.0 30.158452 0.016794 1.01 121.49 283.29
-273000.0 30.220889 0.017559 1.01 121.6 268.29
-274000.0 30.068095 0.012945 1.01 121.42 271.45
-275000.0 29.997908 0.013814 1.01 121.19 284.04
-276000.0 30.183331 0.016013 1.01 121.15 260.7
-277000.0 30.26896 0.011245 1.01 121.03 249.25
-278000.0 30.107707 0.013227 1.01 121.02 281.52
-279000.0 29.93293 0.018549 1.01 120.84 275.0
-280000.0 30.056932 0.013445 1.01 120.64 265.88
-281000.0 30.223328 0.01008 1.01 120.63 293.66
-282000.0 30.168422 0.015954 1.01 120.55 290.48
-283000.0 30.002913 0.016087 1.01 120.27 263.88
-284000.0 30.068363 0.012192 1.01 120.16 276.75
-285000.0 30.249657 0.017829 1.01 119.99 290.99
-286000.0 30.21146 0.018793 1.01 119.96 275.7
-287000.0 29.990129 0.012186 1.01 119.78 267.23
-288000.0 29.959074 0.012064 1.01 119.6 283.64
-289000.0 30.159951 0.017231 1.01 119.47 266.26
-290000.0 30.23495 0.014553 1.01 119.38 252.26
-291000.0 30.094163 0.01294 1.01 119.17 272.84
-292000.0 29.999417 0.016059 1.01 119.02 274.62
-293000.0 30.164572 0.012847 1.01 118.83 254.19
-294000.0 30.253698 0.007919 1.01 118.66 267.56
-295000.0 30.100841 0.015323 1.01 118.61 280.19
-296000.0 29.92424 0.018694 1.01 118.42 258.11
-297000.0 30.045204 0.012791 1.01 118.27 264.76
-298000.0 30.245383 0.015512 1.01 118.18 292.54
-299000.0 30.197074 0.01893 1.01 118.04 278.25
-300000.0 30.030799 0.014831 1.01 117.94 260.34
-301000.0 30.045952 0.013433 1.01 117.79 274.47
-302000.0 30.225636 0.019888 1.01 117.53 270.86
-303000.0 30.198836 0.017488 1.01 117.59 258.98
-304000.0 30.008241 0.013143 1.02 117.44 271.18
-305000.0 29.944653 0.015459 1.01 117.33 279.88
-306000.0 30.158651 0.01542 1.02 117.23 252.83
-307000.0 30.249146 0.010116 1.02 117.1 248.4
-308000.0 30.121735 0.013755 1.02 117.13 273.36
-309000.0 29.993062 0.017388 1.02 117.04 261.17
-310000.0 30.136657 0.011337 1.02 116.78 258.85
-311000.0 30.239312 0.011099 1.02 116.84 286.13
-312000.0 30.11854 0.017087 1.02 116.79 272.12
-313000.0 29.93281 0.016103 1.02 116.7 244.31
-314000.0 30.030771 0.012773 1.02 116.62 262.2
-315000.0 30.240581 0.019329 1.02 116.44 274.01
-316000.0 30.230771 0.020313 1.02 116.59 259.67
-317000.0 30.041727 0.014168 1.03 116.5 256.43
-318000.0 30.025289 0.014873 1.02 116.33 267.92
-319000.0 30.195334 0.018637 1.03 116.35 251.23
-320000.0 30.197695 0.014329 1.03 116.31 245.62
-321000.0 30.025521 0.014939 1.03 116.31 267.86
-322000.0 29.943247 0.017897 1.03 116.26 265.22
-323000.0 30.152865 0.012514 1.03 116.04 246.68
-324000.0 30.270638 0.008145 1.03 116.16 270.34
-325000.0 30.147638 0.015221 1.03 116.11 270.17
-326000.0 29.983755 0.016712 1.02 115.97 246.15
-327000.0 30.094122 0.011818 1.03 115.95 259.4
-328000.0 30.228336 0.01594 1.03 115.9 277.2
-329000.0 30.13213 0.01792 1.03 115.92 258.71
-330000.0 29.953454 0.012773 1.03 115.87 240.31
-331000.0 30.020194 0.013066 1.03 115.69 259.78
-332000.0 30.236124 0.020016 1.03 115.68 252.0
-333000.0 30.249928 0.018076 1.03 115.62 239.69
-334000.0 30.061596 0.013979 1.03 115.52 252.69
-335000.0 30.004762 0.016342 1.03 115.46 258.97
-336000.0 30.163856 0.01535 1.03 115.33 237.99
-337000.0 30.19686 0.010695 1.03 115.31 245.5
-338000.0 30.039682 0.016624 1.03 115.28 261.19
-339000.0 29.955507 0.01816 1.03 115.16 247.58
-340000.0 30.149792 0.011031 1.03 115.04 253.85
-341000.0 30.282646 0.012811 1.03 114.96 282.12
-342000.0 30.156546 0.01735 1.03 114.84 261.72
-343000.0 29.980927 0.01427 1.03 114.82 236.16
-344000.0 30.058584 0.012623 1.03 114.68 257.34
-345000.0 30.216608 0.018931 1.03 114.56 259.18
-346000.0 30.144935 0.017356 1.03 114.57 244.31
-347000.0 29.980613 0.011888 1.03 114.54 247.46
-348000.0 30.026689 0.014623 1.03 114.41 254.78
-349000.0 30.246832 0.017858 1.03 114.34 230.99
-350000.0 30.244917 0.013244 1.03 114.21 227.58
-351000.0 30.05913 0.014861 1.03 114.26 251.42
-352000.0 29.973941 0.017688 1.03 114.19 246.94
-353000.0 30.140456 0.012244 1.03 113.98 235.48
-354000.0 30.204901 0.010501 1.03 114.06 260.17
-355000.0 30.06506 0.01759 1.04 114.06 251.59
-356000.0 29.969758 0.016356 1.03 114.01 232.17
-357000.0 30.14041 0.012715 1.04 113.97 256.48
-358000.0 30.292566 0.018493 1.04 113.84 267.05
-359000.0 30.167188 0.018525 1.04 113.96 246.96
-360000.0 29.981459 0.012068 1.04 113.97 235.55
-361000.0 30.023023 0.013343 1.04 113.77 252.31
-362000.0 30.195856 0.018567 1.04 113.85 238.75
-363000.0 30.1621 0.014947 1.04 113.84 230.22
-364000.0 30.013267 0.012964 1.04 113.89 246.41
-365000.0 30.021974 0.015562 1.04 113.86 243.85
-366000.0 30.238495 0.012892 1.04 113.7 215.75
-367000.0 30.246695 0.008771 1.04 113.86 232.07
-368000.0 30.066388 0.015647 1.04 113.92 243.98
-369000.0 29.951423 0.017357 1.04 113.75 228.92
-370000.0 30.122238 0.010988 1.04 113.82 239.07
-371000.0 30.215208 0.013747 1.04 113.78 260.13
-372000.0 30.102271 0.017532 1.04 113.85 240.2
-373000.0 29.977412 0.013418 1.04 113.84 220.98
-374000.0 30.11804 0.014195 1.04 113.67 246.96
-375000.0 30.282889 0.020606 1.04 113.77 243.1
-376000.0 30.182848 0.017575 1.04 113.8 228.9
-377000.0 29.975836 0.011524 1.04 113.73 240.04
-378000.0 29.996656 0.014298 1.04 113.73 245.16
-379000.0 30.184996 0.015537 1.04 113.66 220.09
-380000.0 30.189034 0.01101 1.04 113.7 221.62
-381000.0 30.040641 0.014067 1.04 113.7 240.5
-382000.0 30.019446 0.015115 1.03 113.54 230.88
-383000.0 30.216514 0.008395 1.03 113.54 221.62
-384000.0 30.255013 0.00913 1.03 113.5 257.16
-385000.0 30.07057 0.01594 1.03 113.46 234.59
-386000.0 29.936459 0.014462 1.03 113.44 211.23
-387000.0 30.09159 0.011473 1.03 113.37 239.13
-388000.0 30.228128 0.017334 1.03 113.32 246.09
-389000.0 30.135578 0.01705 1.03 113.33 227.4
-390000.0 30.005076 0.011336 1.03 113.22 222.41
-391000.0 30.103589 0.014849 1.03 113.14 236.06
-392000.0 30.261443 0.018815 1.03 113.06 219.6
-393000.0 30.172859 0.013897 1.03 112.99 216.46
-394000.0 29.977446 0.013099 1.03 112.99 240.18
-395000.0 29.984205 0.015555 1.03 112.94 233.82
-396000.0 30.188942 0.010953 1.03 112.81 209.89
-397000.0 30.20906 0.008433 1.03 112.83 235.54
-398000.0 30.057272 0.015091 1.03 112.81 232.89
-399000.0 30.016359 0.01376 1.03 112.7 217.53
-400000.0 30.198237 0.009102 1.03 112.65 244.69
-401000.0 30.253825 0.013945 1.03 112.53 254.38
-402000.0 30.063784 0.015414 1.03 112.59 222.68
-403000.0 29.933906 0.010254 1.03 112.56 203.5
-404000.0 30.075266 0.012394 1.03 112.41 233.95
-405000.0 30.253406 0.018888 1.03 112.46 224.91
-406000.0 30.165876 0.015367 1.03 112.49 211.69
-407000.0 30.020825 0.011383 1.03 112.44 225.53
-408000.0 30.078919 0.014523 1.03 112.44 223.98
-409000.0 30.239404 0.014194 1.03 112.28 199.37
-410000.0 30.160672 0.010277 1.03 112.43 215.12
-411000.0 29.980888 0.015155 1.03 112.45 229.74
-412000.0 29.973398 0.015301 1.02 112.29 217.67
-413000.0 30.192755 0.00772 1.03 112.37 221.72
-414000.0 30.236314 0.010536 1.03 112.37 249.93
-415000.0 30.087045 0.015011 1.02 112.4 223.12
-416000.0 30.006859 0.011222 1.02 112.42 205.37
-417000.0 30.168128 0.011827 1.02 112.26 240.28
-418000.0 30.243271 0.016915 1.02 112.4 233.77
-419000.0 30.074909 0.01358 1.02 112.46 210.75
-420000.0 29.940116 0.007658 1.02 112.3 215.32
-421000.0 30.059697 0.012395 1.02 112.35 224.53
-422000.0 30.254192 0.016128 1.02 112.28 200.36
-423000.0 30.18727 0.011346 1.02 112.35 197.43
-424000.0 30.031932 0.01149 1.01 112.32 220.99
-425000.0 30.052655 0.013244 1.01 112.16 211.77
-426000.0 30.22416 0.00833 1.01 112.24 188.93
-427000.0 30.17139 0.00853 1.01 112.26 226.27
-428000.0 29.991226 0.01527 1.01 112.15 214.27
-429000.0 29.961712 0.013083 1.01 112.17 199.48
-430000.0 30.186588 0.009262 1.01 112.05 237.67
-431000.0 30.265194 0.014621 1.0 112.05 241.68
-432000.0 30.114676 0.014363 1.0 112.01 212.89
-433000.0 29.991081 0.008219 1.0 111.86 203.17
-434000.0 30.123677 0.012572 1.0 111.84 227.06
-435000.0 30.228358 0.016349 1.0 111.81 211.23
-436000.0 30.100427 0.011219 1.0 111.73 201.28
-437000.0 29.951817 0.008991 0.99 111.7 229.53
-438000.0 30.057546 0.012022 0.99 111.61 214.35
-439000.0 30.254092 0.010462 0.99 111.51 179.63
-440000.0 30.206209 0.006813 0.99 111.48 201.95
-441000.0 30.037631 0.011955 0.99 111.34 214.69
-442000.0 30.028683 0.011487 0.99 111.25 200.89
-443000.0 30.196686 0.005618 0.99 111.16 218.99
-444000.0 30.178052 0.010497 0.99 111.09 234.74
-445000.0 30.004285 0.013792 0.99 111.05 200.68
-446000.0 29.970592 0.009243 0.98 111.01 189.05
-447000.0 30.182352 0.012113 0.98 110.81 231.37
-448000.0 30.286931 0.017413 0.98 110.81 220.11
-449000.0 30.12072 0.012672 0.98 110.71 201.11
-450000.0 29.98947 0.00764 0.98 110.61 217.17
-451000.0 30.088622 0.01219 0.98 110.53 215.69
-452000.0 30.217104 0.012964 0.98 110.39 189.88
-453000.0 30.106876 0.00846 0.98 110.43 202.54
-454000.0 29.969182 0.011177 0.98 110.43 223.03
-455000.0 30.061643 0.010714 0.98 110.2 202.36
-456000.0 30.265065 0.0039 0.98 110.24 181.81
-457000.0 30.217148 0.006695 0.98 110.21 234.17
-458000.0 30.025787 0.012167 0.97 110.14 202.8
-459000.0 29.998621 0.009057 0.97 110.1 187.08
-460000.0 30.172132 0.008485 0.98 109.9 233.66
-461000.0 30.196927 0.013064 0.97 110.01 224.48
-462000.0 30.033679 0.011242 0.97 110.02 190.54
-463000.0 29.985884 0.00617 0.97 109.82 196.74
-464000.0 30.1694 0.012721 0.97 109.82 213.81
-465000.0 30.290523 0.016036 0.97 109.8 193.18
-466000.0 30.124953 0.009631 0.97 109.79 189.09
-467000.0 29.980014 0.009057 0.96 109.78 220.83
-468000.0 30.055068 0.011013 0.96 109.52 204.89
-469000.0 30.210855 0.007481 0.96 109.64 173.5
-470000.0 30.120392 0.007064 0.96 109.63 215.14
-471000.0 29.99499 0.011418 0.96 109.45 208.03
-472000.0 30.054937 0.008328 0.96 109.37 194.41
-473000.0 30.267535 0.005209 0.96 109.27 257.63
-474000.0 30.231632 0.010169 0.95 109.28 238.13
-475000.0 30.029343 0.01029 0.95 109.25 190.57
-476000.0 29.969588 0.005223 0.95 108.95 179.47
-477000.0 30.145519 0.010064 0.95 108.98 223.79
-478000.0 30.213158 0.013562 0.95 108.94 204.63
-479000.0 30.066873 0.008441 0.94 108.77 184.76
-480000.0 29.99186 0.005848 0.94 108.67 217.37
-481000.0 30.14903 0.010737 0.94 108.45 197.31
-482000.0 30.281581 0.010937 0.94 108.4 166.25
-483000.0 30.139571 0.006227 0.94 108.3 190.13
-484000.0 29.969119 0.010303 0.94 108.08 213.99
-485000.0 30.029926 0.00937 0.93 107.93 194.99
-486000.0 30.210363 0.00291 0.93 107.89 210.26
-487000.0 30.155046 0.007926 0.93 107.72 230.49
-488000.0 30.014372 0.010293 0.93 107.62 195.21
-489000.0 30.040003 0.005945 0.93 107.36 194.31
-490000.0 30.248484 0.01019 0.93 107.2 244.51
-491000.0 30.242052 0.013001 0.93 107.1 222.23
-492000.0 30.038168 0.007771 0.93 106.93 186.58
-493000.0 29.951095 0.003141 0.92 106.7 226.15
-494000.0 30.118268 0.00989 0.92 106.59 212.68
-495000.0 30.22731 0.011315 0.92 106.44 182.02
-496000.0 30.10027 0.005732 0.92 106.38 185.5
-497000.0 30.010371 0.00739 0.92 106.2 218.54
-498000.0 30.138806 0.007909 0.92 105.89 185.34
-499000.0 30.266934 0.004118 0.92 105.84 144.63
-500000.0 30.130155 0.005713 0.92 105.72 218.4
-501000.0 29.956171 0.010682 0.92 105.52 197.5
-502000.0 30.015572 0.006951 0.92 105.34 187.42
-503000.0 30.212855 0.006525 0.92 105.18 251.26
-504000.0 30.192832 0.010584 0.92 105.16 228.03
-505000.0 30.029216 0.008295 0.92 105.13 184.66
-506000.0 30.03772 0.00443 0.92 104.71 213.95
-507000.0 30.225252 0.011997 0.92 104.7 221.98
-508000.0 30.24302 0.012727 0.92 104.61 197.5
-509000.0 30.031752 0.005112 0.91 104.51 194.53
-510000.0 29.947025 0.006156 0.91 104.32 244.57
-511000.0 30.106285 0.008306 0.91 104.04 200.76
-512000.0 30.246663 0.00633 0.91 104.09 153.71
-513000.0 30.12377 0.003904 0.91 104.08 209.82
-514000.0 30.016037 0.00768 0.91 103.7 210.2
-515000.0 30.113449 0.004727 0.91 103.61 183.83
-516000.0 30.256602 0.002971 0.91 103.53 284.26
-517000.0 30.128365 0.007346 0.91 103.47 226.34
-518000.0 29.95429 0.00842 0.91 103.36 176.67
-519000.0 30.004813 0.003615 0.91 102.93 190.45
-520000.0 30.217464 0.010069 0.9 102.98 235.57
-521000.0 30.229652 0.011972 0.9 102.92 210.77
-522000.0 30.053801 0.005696 0.9 102.64 183.05
-523000.0 30.027452 0.005061 0.9 102.41 236.06
-524000.0 30.184979 0.010096 0.9 102.25 202.94
-525000.0 30.23273 0.008857 0.9 102.17 173.04
-526000.0 30.034418 0.004296 0.9 102.11 225.15
-527000.0 29.949014 0.008373 0.9 101.64 231.71
-528000.0 30.099143 0.005589 0.89 101.55 197.29
-529000.0 30.261242 0.000602 0.9 101.45 351.75
-530000.0 30.146768 0.005345 0.89 101.19 243.9
-531000.0 30.019042 0.006668 0.89 100.91 201.89
-532000.0 30.083192 0.003018 0.89 100.6 220.0
-533000.0 30.247263 0.008439 0.89 100.47 264.46
-534000.0 30.147197 0.00875 0.89 100.34 223.29
-535000.0 29.964108 0.004379 0.89 100.0 164.54
-536000.0 29.981897 0.002652 0.89 99.73 255.24
-537000.0 30.211123 0.010619 0.89 99.59 215.77
-538000.0 30.25479 0.010552 0.89 99.35 186.5
-539000.0 30.082389 0.003918 0.89 99.16 197.55
-540000.0 30.010253 0.006717 0.89 98.76 239.35
-541000.0 30.147423 0.006938 0.89 98.53 194.59
-542000.0 30.223341 0.00315 0.89 98.38 156.36
-543000.0 30.057192 0.005739 0.89 98.2 237.92
-544000.0 29.952905 0.008654 0.89 97.83 215.73
-545000.0 30.092688 0.003698 0.89 97.69 218.31
-546000.0 30.271186 0.00696 0.89 97.46 286.53
-547000.0 30.172798 0.008399 0.89 97.37 242.58
-548000.0 30.011953 0.004881 0.89 97.09 194.68
-549000.0 30.055167 0.004048 0.89 96.72 255.47
-550000.0 30.2169 0.010609 0.89 96.59 239.01
-551000.0 30.164479 0.008912 0.89 96.5 209.05
-552000.0 29.980553 0.001481 0.89 96.24 221.22
-553000.0 29.992571 0.005695 0.89 96.03 261.73
-554000.0 30.208962 0.008415 0.9 95.78 195.48
-555000.0 30.272232 0.006304 0.9 95.74 154.97
-556000.0 30.085076 0.003597 0.9 95.65 236.3
-557000.0 29.994934 0.007537 0.9 95.18 227.72
-558000.0 30.122725 0.003817 0.9 95.09 201.68
-559000.0 30.214672 0.003149 0.9 94.98 289.35
-560000.0 30.065198 0.007116 0.9 94.84 233.85
-561000.0 29.961508 0.006526 0.9 94.6 198.16
-562000.0 30.09402 0.004418 0.9 94.28 254.37
-563000.0 30.286561 0.011639 0.9 94.25 258.17
-564000.0 30.196733 0.009906 0.9 94.25 227.2
-565000.0 30.001559 0.00223 0.9 93.79 216.79
-566000.0 30.022108 0.006028 0.9 93.68 267.78
-567000.0 30.187551 0.009461 0.91 93.49 218.27
-568000.0 30.18341 0.006252 0.9 93.41 188.64
-569000.0 30.003852 0.00415 0.9 93.27 268.32
-570000.0 30.010254 0.00712 0.9 92.81 248.61
-571000.0 30.193899 0.00384 0.91 92.73 188.47
-572000.0 30.276989 0.001485 0.91 92.7 29.94
-573000.0 30.084633 0.005523 0.9 92.33 252.05
-574000.0 29.977058 0.006667 0.9 92.12 216.12
-575000.0 30.094322 0.003238 0.91 91.9 252.24
-576000.0 30.220941 0.008458 0.91 91.76 274.0
-577000.0 30.09276 0.007694 0.91 91.66 230.6
-578000.0 29.97624 0.003117 0.91 91.2 200.93
-579000.0 30.088739 0.006722 0.91 91.05 261.45
-580000.0 30.283177 0.012738 0.91 90.87 231.02
-581000.0 30.212525 0.009005 0.91 90.63 209.3
-582000.0 30.000778 0.003914 0.91 90.35 272.51
-583000.0 29.988785 0.008665 0.92 90.07 263.63
-584000.0 30.162235 0.006623 0.92 89.85 210.92
-585000.0 30.201271 0.001811 0.92 89.77 192.59
-586000.0 30.03052 0.006748 0.92 89.4 264.37
-587000.0 30.012552 0.007288 0.92 89.19 239.97
-588000.0 30.182026 0.002809 0.93 88.97 275.17
-589000.0 30.284241 0.007393 0.93 88.74 304.88
-590000.0 30.094736 0.007269 0.93 88.53 248.56
-591000.0 29.96409 0.004187 0.93 88.24 212.02
-592000.0 30.056601 0.005183 0.93 87.96 267.82
-593000.0 30.226613 0.011497 0.93 87.86 251.4
-594000.0 30.134042 0.008091 0.94 87.71 222.8
-595000.0 29.994271 0.002811 0.94 87.44 266.32
-596000.0 30.066504 0.008115 0.94 87.29 257.82
-597000.0 30.262968 0.010227 0.95 87.04 207.15
-598000.0 30.222069 0.005372 0.95 86.96 190.05
-599000.0 30.009968 0.006643 0.95 86.77 267.01
-600000.0 29.973329 0.009869 0.95 86.47 248.25
-601000.0 30.145382 0.004135 0.96 86.31 228.5
-602000.0 30.213607 0.004341 0.96 86.3 297.85
-603000.0 30.064914 0.008024 0.96 86.08 255.81
-604000.0 30.010479 0.006313 0.96 86.0 234.47
-605000.0 30.174073 0.006949 0.97 85.72 283.37
-606000.0 30.275679 0.011922 0.97 85.69 272.38
-607000.0 30.095413 0.007632 0.97 85.64 237.7
-608000.0 29.940454 0.001879 0.97 85.32 269.98
-609000.0 30.042968 0.007542 0.98 85.19 268.17
-610000.0 30.230869 0.011109 0.98 85.14 226.13
-611000.0 30.177778 0.006533 0.98 85.03 207.42
-612000.0 30.01247 0.005608 0.98 84.94 276.62
-613000.0 30.061372 0.008653 0.99 84.64 249.31
-614000.0 30.237308 0.005229 0.99 84.59 193.33
-615000.0 30.222414 0.001304 0.99 84.64 270.86
-616000.0 29.99429 0.008911 0.99 84.28 253.95
-617000.0 29.964677 0.008736 1.0 84.24 232.99
-618000.0 30.139587 0.005232 1.0 84.05 268.97
-619000.0 30.239632 0.010013 1.0 83.99 282.12
-620000.0 30.089555 0.008705 1.0 83.88 246.8
-621000.0 30.013824 0.005057 1.01 83.59 249.2
-622000.0 30.147787 0.009927 1.01 83.45 268.73
-623000.0 30.263021 0.013405 1.01 83.48 244.45
-624000.0 30.106379 0.006957 1.01 83.19 232.12
-625000.0 29.934429 0.00622 1.01 83.1 296.92
-626000.0 30.03345 0.00979 1.02 82.88 260.83
-627000.0 30.231613 0.007662 1.02 82.81 206.9
-628000.0 30.208121 0.002632 1.02 82.75 214.94
-629000.0 30.02893 0.008054 1.03 82.42 267.73
-630000.0 30.049729 0.008391 1.03 82.31 243.17
-631000.0 30.205137 0.002999 1.03 82.19 262.43
-632000.0 30.215973 0.006898 1.04 82.01 291.45
-633000.0 30.000229 0.009156 1.04 81.88 241.09
-634000.0 29.957122 0.006555 1.04 81.73 227.94
-635000.0 30.135884 0.008724 1.05 81.56 269.57
-636000.0 30.271552 0.014082 1.05 81.56 257.48
-637000.0 30.116137 0.008933 1.05 81.3 236.89
-638000.0 30.006123 0.005986 1.06 81.2 268.54
-639000.0 30.110163 0.011123 1.06 81.02 254.68
-640000.0 30.248025 0.011622 1.06 80.91 220.96
-641000.0 30.127021 0.005781 1.07 80.79 232.29
-642000.0 29.942982 0.010124 1.07 80.69 277.9
-643000.0 30.014336 0.010958 1.08 80.48 250.37
-644000.0 30.224296 0.003441 1.08 80.49 222.52
-645000.0 30.240731 0.004415 1.08 80.41 300.21
-646000.0 30.048155 0.009315 1.09 80.3 256.74
-647000.0 30.031278 0.00749 1.09 80.2 239.83
-648000.0 30.177608 0.007195 1.1 80.05 277.55
-649000.0 30.213997 0.011236 1.1 80.02 269.76
-650000.0 30.01953 0.007989 1.1 79.99 233.25
-651000.0 29.954771 0.004659 1.11 79.82 249.25
-652000.0 30.122102 0.010708 1.11 79.77 256.35
-653000.0 30.28381 0.014313 1.12 79.84 229.82
-654000.0 30.147435 0.007824 1.12 79.73 224.28
-655000.0 29.998877 0.008319 1.12 79.74 271.0
-656000.0 30.075261 0.011274 1.13 79.54 244.28
-657000.0 30.228833 0.007161 1.13 79.62 205.41
-658000.0 30.140409 0.005007 1.13 79.63 256.26
-659000.0 29.962106 0.011678 1.14 79.47 257.09
-660000.0 30.020462 0.009988 1.14 79.42 239.56
-661000.0 30.229433 0.005462 1.15 79.48 282.75
-662000.0 30.255104 0.010205 1.15 79.42 285.15
-663000.0 30.051587 0.009437 1.15 79.47 245.05
-664000.0 29.999713 0.006306 1.16 79.25 244.08
-665000.0 30.152816 0.010633 1.16 79.29 264.15
-666000.0 30.21442 0.013203 1.16 79.38 245.03
-667000.0 30.03924 0.006722 1.16 79.18 234.83
-668000.0 29.955337 0.006992 1.17 79.16 275.66
-669000.0 30.131056 0.011556 1.17 79.13 240.0
-670000.0 30.28947 0.010726 1.18 79.13 203.51
-671000.0 30.176485 0.005344 1.18 79.12 224.22
-672000.0 29.983361 0.011211 1.18 78.91 260.12
-673000.0 30.045593 0.011053 1.18 78.89 234.99
-674000.0 30.196701 0.004406 1.19 78.99 240.47
-675000.0 30.160089 0.008096 1.19 78.82 271.9
-676000.0 29.97835 0.011646 1.19 78.83 239.53
-677000.0 30.032957 0.008599 1.2 78.69 239.47
-678000.0 30.227297 0.010915 1.2 78.72 271.68
-679000.0 30.264872 0.014564 1.21 78.71 258.65
-680000.0 30.05165 0.008818 1.21 78.53 237.93
-681000.0 29.980717 0.007122 1.21 78.47 259.87
-682000.0 30.120456 0.012275 1.22 78.53 248.65
-683000.0 30.224604 0.012477 1.22 78.43 221.58
-684000.0 30.071539 0.006614 1.22 78.42 240.6
-685000.0 29.966549 0.010674 1.23 78.33 266.43
-686000.0 30.117945 0.010797 1.23 78.33 229.3
-687000.0 30.285268 0.00485 1.24 78.36 191.42
-688000.0 30.188115 0.005234 1.24 78.25 259.48
-689000.0 29.976172 0.01238 1.24 78.2 242.53
-690000.0 30.019364 0.01004 1.25 78.18 226.83
-691000.0 30.178686 0.007553 1.25 78.17 262.25
-692000.0 30.187743 0.011854 1.26 78.17 260.21
-693000.0 30.00586 0.010335 1.26 78.17 228.51
-694000.0 30.025816 0.008312 1.27 78.09 242.38
-695000.0 30.215476 0.014113 1.27 78.2 249.37
-696000.0 30.279014 0.015799 1.28 78.17 231.25
-697000.0 30.063051 0.008177 1.28 78.15 235.07
-698000.0 29.953131 0.009949 1.28 78.12 264.86
-699000.0 30.084754 0.012228 1.29 78.14 235.28
-700000.0 30.228121 0.008624 1.29 78.17 203.45
-701000.0 30.114553 0.006426 1.3 78.25 246.6
-702000.0 29.986028 0.012393 1.3 78.16 249.97
-703000.0 30.095642 0.009514 1.3 78.26 225.19
-704000.0 30.272745 0.003907 1.31 78.34 272.89
-705000.0 30.200312 0.009205 1.31 78.34 267.35
-706000.0 29.980281 0.011138 1.32 78.38 226.66
-707000.0 29.997559 0.008118 1.32 78.32 224.97
-708000.0 30.169533 0.011055 1.33 78.43 252.64
-709000.0 30.20592 0.014099 1.33 78.54 238.73
-710000.0 30.03294 0.008623 1.33 78.45 225.17
-711000.0 30.021398 0.0092 1.33 78.51 245.51
-712000.0 30.197735 0.014361 1.34 78.63 227.79
-713000.0 30.275235 0.012999 1.34 78.64 205.11
-714000.0 30.070828 0.007813 1.34 78.73 238.52
-715000.0 29.931059 0.013624 1.35 78.59 253.16
-716000.0 30.070997 0.011528 1.35 78.73 223.78
-717000.0 30.237586 0.004083 1.36 78.85 222.14
-718000.0 30.155643 0.008105 1.36 78.77 258.39
-719000.0 29.999044 0.012525 1.36 78.77 233.43
-720000.0 30.086615 0.008585 1.37 78.84 229.19
-721000.0 30.252143 0.009996 1.37 78.87 266.99
-722000.0 30.195287 0.01305 1.37 78.97 248.48
-723000.0 29.972282 0.00888 1.37 78.8 218.2
-724000.0 29.974842 0.00743 1.38 78.89 237.1
-725000.0 30.174124 0.013678 1.38 79.02 234.18
-726000.0 30.235679 0.01408 1.38 78.94 213.85
-727000.0 30.067316 0.00824 1.38 78.97 227.41
-728000.0 30.013455 0.011422 1.39 78.93 242.51
-729000.0 30.174874 0.012527 1.39 79.0 210.4
-730000.0 30.255848 0.007627 1.4 79.05 191.61
-731000.0 30.080457 0.008945 1.4 78.96 241.39
-732000.0 29.923747 0.015477 1.4 78.96 232.4
-733000.0 30.063011 0.01036 1.41 79.09 216.62
-734000.0 30.238311 0.007306 1.41 79.07 260.98
-735000.0 30.191103 0.012109 1.41 79.13 252.03
-736000.0 30.006292 0.011388 1.42 79.06 220.14
-737000.0 30.076788 0.009377 1.42 79.15 234.12
-738000.0 30.226255 0.013936 1.43 79.2 243.29
-739000.0 30.199107 0.014392 1.43 79.18 225.66
-740000.0 29.974352 0.007221 1.43 79.18 227.0
-741000.0 29.966683 0.009485 1.44 79.28 243.44
-742000.0 30.16681 0.013416 1.44 79.31 214.8
-743000.0 30.265115 0.010764 1.44 79.4 189.3
-744000.0 30.095858 0.007954 1.45 79.42 229.44
-745000.0 29.995722 0.013228 1.45 79.44 231.94
-746000.0 30.135724 0.009925 1.46 79.54 203.02
-747000.0 30.245619 0.004199 1.46 79.59 230.94
-748000.0 30.102365 0.010296 1.46 79.62 238.04
-749000.0 29.932385 0.01406 1.47 79.66 212.22
-750000.0 30.047215 0.00929 1.47 79.72 214.8
-751000.0 30.242352 0.012309 1.47 79.82 248.34
-752000.0 30.224523 0.01512 1.48 79.95 233.34
-753000.0 30.02542 0.009921 1.48 79.91 215.56
-754000.0 30.044963 0.010245 1.48 80.05 232.26
-755000.0 30.196052 0.014708 1.49 80.12 220.81
-756000.0 30.20376 0.012664 1.49 80.19 203.58
-757000.0 29.990442 0.008413 1.49 80.25 238.16
-758000.0 29.959302 0.012565 1.5 80.27 236.81
-759000.0 30.152529 0.010754 1.5 80.37 201.34
-760000.0 30.281337 0.004707 1.5 80.56 182.29
-761000.0 30.126828 0.008441 1.5 80.51 236.54
-762000.0 29.989258 0.013535 1.5 80.6 217.03
-763000.0 30.1036 0.008209 1.51 80.69 207.21
-764000.0 30.231328 0.008599 1.51 80.79 251.55
-765000.0 30.120238 0.012465 1.51 80.89 229.14
-766000.0 29.943552 0.010731 1.52 80.81 199.35
-767000.0 30.046835 0.009424 1.52 80.95 220.23
-768000.0 30.253561 0.01575 1.52 81.09 225.38
-769000.0 30.237325 0.015416 1.52 81.07 209.42
-770000.0 30.028098 0.009157 1.52 81.12 219.3
-771000.0 30.00619 0.011702 1.53 81.17 228.76
-772000.0 30.174115 0.013376 1.53 81.24 201.59
-773000.0 30.207149 0.008653 1.53 81.39 190.22
-774000.0 30.019258 0.010693 1.53 81.26 233.0
-775000.0 29.958127 0.014778 1.54 81.37 220.37
-776000.0 30.156789 0.008009 1.54 81.48 199.68
-777000.0 30.28985 0.005547 1.54 81.5 257.12
-778000.0 30.14802 0.011052 1.54 81.52 234.15
-779000.0 29.973177 0.012189 1.55 81.51 201.23
-780000.0 30.069939 0.008471 1.55 81.58 213.74
-781000.0 30.205811 0.012823 1.55 81.7 231.91
-782000.0 30.140465 0.013782 1.55 81.63 212.44
-783000.0 29.965869 0.008266 1.55 81.71 203.03
-784000.0 30.0555 0.011189 1.56 81.8 217.94
-785000.0 30.254732 0.015903 1.56 81.84 199.86
-786000.0 30.248518 0.012532 1.56 81.91 185.53
-787000.0 30.027639 0.010103 1.57 81.87 221.98
-788000.0 29.977385 0.013961 1.57 81.94 218.1
-789000.0 30.147865 0.010471 1.57 82.05 190.13
-790000.0 30.211384 0.005543 1.57 82.07 209.4
-791000.0 30.054202 0.011899 1.58 82.11 223.22
-792000.0 29.96115 0.014466 1.58 82.21 202.34
-793000.0 30.149689 0.007651 1.58 82.27 214.7
-794000.0 30.288811 0.011825 1.59 82.39 245.87
-795000.0 30.166155 0.013661 1.59 82.42 221.06
-796000.0 29.961183 0.009258 1.59 82.46 193.86
-797000.0 30.0416 0.009343 1.59 82.55 216.03
-798000.0 30.197146 0.014428 1.6 82.65 210.31
-799000.0 30.171316 0.012817 1.6 82.69 194.21
-800000.0 29.988939 0.008429 1.6 82.8 216.33
-801000.0 30.040341 0.011799 1.61 82.84 210.68
-802000.0 30.234796 0.012375 1.61 82.97 178.87
-803000.0 30.264197 0.007039 1.61 83.11 170.61
-804000.0 30.036606 0.0114 1.61 83.1 217.2
-805000.0 29.950848 0.015087 1.61 83.19 202.0
-806000.0 30.114006 0.008392 1.62 83.3 192.48
-807000.0 30.225276 0.008463 1.62 83.38 236.95
-808000.0 30.098389 0.012877 1.62 83.47 215.56
-809000.0 29.979255 0.011967 1.62 83.48 190.66
-810000.0 30.13035 0.009945 1.62 83.6 217.38
-811000.0 30.278447 0.015867 1.62 83.78 221.06
-812000.0 30.178354 0.014529 1.62 83.77 202.94
-813000.0 29.957595 0.007751 1.63 83.86 206.03
-814000.0 30.011901 0.011007 1.63 83.9 215.3
-815000.0 30.190786 0.013477 1.63 84.03 189.92
-816000.0 30.192434 0.009501 1.63 84.14 180.34
-817000.0 30.014655 0.0105 1.63 84.09 217.16
-818000.0 30.027894 0.012742 1.63 84.17 201.5
-819000.0 30.221158 0.007455 1.64 84.35 172.59
-820000.0 30.26551 0.00451 1.63 84.33 221.25
-821000.0 30.047687 0.012561 1.63 84.41 208.09
-822000.0 29.92951 0.014127 1.64 84.41 183.48
-823000.0 30.095459 0.008422 1.64 84.52 201.48
-824000.0 30.243896 0.013569 1.64 84.65 224.91
-825000.0 30.134764 0.014467 1.64 84.58 202.38
-826000.0 29.991858 0.009657 1.64 84.64 190.24
-827000.0 30.110596 0.012219 1.65 84.73 207.19
-828000.0 30.262411 0.016574 1.64 84.77 194.58
-829000.0 30.171381 0.012455 1.64 84.81 184.7
-830000.0 29.953487 0.01015 1.65 84.79 216.69
-831000.0 29.990772 0.012978 1.65 84.86 205.87
-832000.0 30.198169 0.010392 1.65 85.0 172.74
-833000.0 30.222799 0.005601 1.65 84.94 189.56
-834000.0 30.048308 0.011997 1.65 85.02 207.94
-835000.0 30.011994 0.012924 1.66 85.06 187.85
-836000.0 30.201395 0.005768 1.66 85.12 202.11
-837000.0 30.243035 0.01011 1.66 85.16 229.13
-838000.0 30.057761 0.012981 1.66 85.16 196.64
-839000.0 29.918632 0.010497 1.66 85.2 169.41
-840000.0 30.092003 0.010111 1.66 85.33 203.49
-841000.0 30.251468 0.016174 1.67 85.35 201.25
-842000.0 30.172926 0.014356 1.67 85.42 185.02
-843000.0 29.999309 0.009194 1.67 85.48 196.94
-844000.0 30.091262 0.013059 1.67 85.53 194.56
-845000.0 30.241516 0.013771 1.67 85.63 171.57
-846000.0 30.172517 0.008789 1.67 85.67 178.25
-847000.0 29.954934 0.013399 1.68 85.7 208.16
-848000.0 29.976335 0.014023 1.68 85.78 191.79
-849000.0 30.191874 0.006633 1.68 85.88 179.64
-850000.0 30.25349 0.007334 1.68 85.94 228.68
-851000.0 30.076752 0.012802 1.68 86.05 199.82
-852000.0 29.993928 0.011471 1.68 86.07 176.68
-853000.0 30.164238 0.008955 1.68 86.18 212.26
-854000.0 30.242288 0.014553 1.69 86.29 211.74
-855000.0 30.082637 0.01283 1.69 86.31 186.67
-856000.0 29.922861 0.006972 1.69 86.36 181.21
-857000.0 30.078541 0.011607 1.69 86.45 196.34
-858000.0 30.253821 0.015368 1.69 86.52 177.01
-859000.0 30.204377 0.011752 1.69 86.66 168.44
-860000.0 30.007289 0.010848 1.69 86.61 199.15
-861000.0 30.052961 0.012982 1.69 86.73 185.64
-862000.0 30.212555 0.009208 1.69 86.86 161.23
-863000.0 30.18336 0.00712 1.69 86.86 196.87
-864000.0 29.973561 0.01491 1.69 86.92 192.93
-865000.0 29.964661 0.013724 1.69 86.94 175.94
-866000.0 30.186589 0.00767 1.69 87.03 206.26
-867000.0 30.276513 0.013488 1.69 87.15 219.86
-868000.0 30.107633 0.013834 1.69 87.09 190.94
-869000.0 29.985986 0.009418 1.69 87.14 175.08
-870000.0 30.124583 0.011766 1.7 87.27 200.87
-871000.0 30.231891 0.016098 1.69 87.26 188.69
-872000.0 30.097757 0.011807 1.69 87.33 176.36
-873000.0 29.932778 0.008667 1.7 87.29 202.42
-874000.0 30.071294 0.012539 1.69 87.38 184.83
-875000.0 30.268086 0.011833 1.7 87.48 154.16
-876000.0 30.218082 0.007572 1.69 87.41 167.24
-877000.0 30.005891 0.013126 1.69 87.43 190.9
-878000.0 30.018088 0.01304 1.7 87.5 174.39
-879000.0 30.191674 0.006457 1.7 87.51 180.09
-880000.0 30.194517 0.010103 1.7 87.57 208.29
-881000.0 30.002 0.014498 1.7 87.52 178.46
-882000.0 29.960773 0.0113 1.7 87.58 162.8
-883000.0 30.185423 0.011632 1.7 87.67 202.57
-884000.0 30.289161 0.017503 1.7 87.63 196.28
-885000.0 30.124616 0.013995 1.7 87.65 176.6
-886000.0 29.968356 0.008545 1.7 87.67 186.33
-887000.0 30.089452 0.012959 1.7 87.7 187.0
-888000.0 30.214575 0.013982 1.7 87.74 166.77
-889000.0 30.115356 0.009589 1.71 87.73 172.16
-890000.0 29.963445 0.012005 1.71 87.76 194.96
-891000.0 30.070363 0.012016 1.71 87.85 173.31
-892000.0 30.275229 0.006017 1.71 87.86 146.71
-893000.0 30.223003 0.007087 1.71 87.91 199.44
-894000.0 30.005161 0.013918 1.71 87.93 177.59
-895000.0 29.979716 0.011951 1.71 87.95 161.32
-896000.0 30.173013 0.008598 1.71 88.01 199.21
-897000.0 30.201703 0.014075 1.71 88.06 196.92
-898000.0 30.038349 0.013182 1.71 88.07 169.27
-899000.0 29.967015 0.008573 1.71 88.14 165.63
-900000.0 30.17912 0.014263 1.72 88.2 185.92
-901000.0 30.289522 0.017621 1.72 88.27 171.12
-902000.0 30.145064 0.012577 1.72 88.33 163.86
-903000.0 29.948032 0.010847 1.72 88.32 194.25
-904000.0 30.060832 0.013208 1.72 88.39 175.52
-905000.0 30.207212 0.01004 1.72 88.48 154.21
-906000.0 30.14661 0.008403 1.72 88.47 181.62
-907000.0 29.976033 0.014289 1.72 88.52 181.7
-908000.0 30.054028 0.011241 1.72 88.56 167.14
-909000.0 30.258352 0.005867 1.72 88.62 202.84
-910000.0 30.244207 0.011764 1.72 88.73 205.74
-911000.0 30.020507 0.013236 1.72 88.67 167.35
-912000.0 29.950068 0.009332 1.72 88.72 153.23
-913000.0 30.142692 0.011732 1.72 88.82 190.62
-914000.0 30.224983 0.016638 1.72 88.81 177.88
-915000.0 30.080206 0.012444 1.72 88.83 161.84
-916000.0 29.980718 0.009112 1.72 88.82 178.44
-917000.0 30.153748 0.014371 1.72 88.87 168.53
-918000.0 30.278072 0.014257 1.72 88.98 148.33
-919000.0 30.146833 0.010058 1.72 88.88 161.06
-920000.0 29.944136 0.014109 1.72 88.9 182.98
-921000.0 30.029559 0.013224 1.72 88.97 165.1
-922000.0 30.208962 0.006746 1.72 88.97 164.85
-923000.0 30.178235 0.010341 1.72 89.0 192.0
-924000.0 29.997036 0.01466 1.72 88.92 166.7
-925000.0 30.039431 0.01045 1.72 88.95 161.48
-926000.0 30.247885 0.01154 1.72 89.05 201.49
-927000.0 30.252179 0.016182 1.72 88.95 187.72
-928000.0 30.028528 0.012063 1.72 88.94 158.93
-929000.0 29.927396 0.006979 1.72 88.96 165.55
-930000.0 30.119565 0.013295 1.72 88.97 174.91
-931000.0 30.242471 0.015851 1.72 89.01 155.46
-932000.0 30.118733 0.010975 1.72 88.92 152.85
-933000.0 29.988672 0.011427 1.72 88.94 177.63
-934000.0 30.131442 0.012787 1.72 88.99 153.99
-935000.0 30.269042 0.008517 1.72 88.95 135.41
-936000.0 30.138975 0.00953 1.72 88.92 172.39
-937000.0 29.941064 0.015603 1.73 88.92 164.76
-938000.0 30.008512 0.012101 1.73 88.92 153.81
-939000.0 30.219416 0.008413 1.73 88.97 191.88
-940000.0 30.208648 0.014118 1.73 88.93 186.42
-941000.0 30.031253 0.013294 1.73 88.94 156.27
-942000.0 30.019652 0.00917 1.73 88.98 160.87
-943000.0 30.220133 0.014978 1.73 88.99 181.62
-944000.0 30.239193 0.017142 1.73 88.98 164.61
-945000.0 30.032505 0.010355 1.73 88.98 155.37
-946000.0 29.926016 0.009259 1.73 88.96 183.84
-947000.0 30.118074 0.013186 1.73 89.02 158.95
-948000.0 30.25601 0.011656 1.74 89.05 136.53
-949000.0 30.14579 0.008758 1.74 89.04 156.13
-950000.0 29.994703 0.013178 1.74 89.08 166.99
-951000.0 30.106042 0.010561 1.74 89.1 148.14
-952000.0 30.252822 0.005282 1.74 89.14 170.04
-953000.0 30.142953 0.01178 1.74 89.17 176.15
-954000.0 29.939328 0.014716 1.74 89.12 146.76
-955000.0 29.985507 0.010238 1.74 89.15 145.98
-956000.0 30.226777 0.013361 1.74 89.24 185.14
-957000.0 30.240821 0.017348 1.74 89.2 169.35
-958000.0 30.067522 0.012513 1.74 89.24 150.48
-959000.0 29.997754 0.00929 1.74 89.23 166.93
-960000.0 30.18438 0.015593 1.74 89.28 160.96
-961000.0 30.232303 0.015093 1.74 89.35 144.21
-962000.0 30.059285 0.010026 1.74 89.27 155.82
-963000.0 29.924467 0.013257 1.74 89.26 175.84
-964000.0 30.102656 0.011896 1.75 89.34 148.46
-965000.0 30.263025 0.006412 1.74 89.3 139.06
-966000.0 30.172443 0.009162 1.74 89.32 170.22
-967000.0 29.994023 0.013817 1.75 89.25 152.68
-968000.0 30.072532 0.009566 1.74 89.27 148.61
-969000.0 30.229336 0.009578 1.74 89.36 186.5
-970000.0 30.166943 0.014538 1.74 89.24 168.0
-971000.0 29.95797 0.011994 1.74 89.22 134.83
-972000.0 29.974791 0.008403 1.75 89.25 148.63
-973000.0 30.214604 0.015853 1.75 89.23 164.38
-974000.0 30.27201 0.018087 1.74 89.24 146.13
-975000.0 30.088152 0.011469 1.75 89.14 142.81
-976000.0 29.984171 0.011294 1.75 89.11 166.35
-977000.0 30.14492 0.013925 1.75 89.2 144.05
-978000.0 30.222662 0.010781 1.75 89.09 131.42
-979000.0 30.07114 0.010484 1.75 89.06 158.19
-980000.0 29.933766 0.015124 1.75 89.04 157.87
-981000.0 30.096151 0.010058 1.75 89.05 143.18
-982000.0 30.285967 0.006496 1.75 89.07 186.49
-983000.0 30.193866 0.012177 1.75 88.97 170.98
-984000.0 29.991515 0.01253 1.76 88.94 138.11
-985000.0 30.027412 0.008647 1.76 88.99 146.19
-986000.0 30.213052 0.013812 1.76 88.93 172.02
-987000.0 30.17877 0.01572 1.76 88.91 151.19
-988000.0 29.987358 0.009357 1.76 88.87 134.37
-989000.0 29.97502 0.008805 1.76 88.87 160.13
-990000.0 30.204277 0.015181 1.76 88.92 142.5
-991000.0 30.28294 0.014514 1.77 88.88 123.42
-992000.0 30.099265 0.009607 1.77 88.84 140.53
-993000.0 29.972183 0.01345 1.77 88.86 155.99
-994000.0 30.111806 0.011288 1.77 88.86 134.15
-995000.0 30.217948 0.006844 1.77 88.84 144.31
-996000.0 30.08476 0.01203 1.78 88.83 157.26
-997000.0 29.955263 0.014209 1.78 88.8 139.07
-998000.0 30.095585 0.008933 1.78 88.85 148.53
-999000.0 30.292817 0.012514 1.78 88.88 183.74
-1000000.0 30.203292 0.01521 1.78 88.86 157.83
