0.0 1.523674 0.093437 1.85 49.54 286.56
-1000.0 1.523746 0.092657 1.93 52.43 279.16
-2000.0 1.523612 0.091629 2.0 55.21 271.91
-3000.0 1.523584 0.090685 2.07 57.87 264.8
-4000.0 1.523683 0.089758 2.14 60.43 257.66
-5000.0 1.52378 0.088709 2.2 62.88 250.57
-6000.0 1.523678 0.087758 2.26 65.24 243.54
-7000.0 1.52365 0.086738 2.32 67.49 236.56
-8000.0 1.523754 0.085805 2.37 69.67 229.5
-9000.0 1.523738 0.084861 2.41 71.75 222.57
-10000.0 1.523615 0.083883 2.46 73.76 215.63
-11000.0 1.523622 0.083166 2.5 75.7 208.68
-12000.0 1.523741 0.082197 2.53 77.57 201.68
-13000.0 1.523686 0.081356 2.57 79.38 194.8
-14000.0 1.523626 0.080598 2.6 81.14 187.91
-15000.0 1.523618 0.079878 2.62 82.86 180.84
-16000.0 1.523723 0.079046 2.65 84.55 173.86
-17000.0 1.523714 0.078277 2.67 86.19 166.82
-18000.0 1.523642 0.07772 2.69 87.82 159.68
-19000.0 1.523626 0.076998 2.71 89.42 152.44
-20000.0 1.523715 0.076553 2.73 91.01 145.21
-21000.0 1.523755 0.076116 2.74 92.59 137.89
-22000.0 1.523612 0.075785 2.75 94.17 130.42
-23000.0 1.523697 0.075553 2.76 95.74 123.1
-24000.0 1.52375 0.075423 2.77 97.33 115.61
-25000.0 1.523663 0.07546 2.78 98.92 108.09
-26000.0 1.5236 0.075425 2.79 100.53 100.48
-27000.0 1.523651 0.075459 2.8 102.15 92.94
-28000.0 1.52374 0.075706 2.8 103.79 85.36
-29000.0 1.523665 0.076094 2.8 105.46 77.55
-30000.0 1.523629 0.076351 2.8 107.14 69.87
-31000.0 1.523686 0.076837 2.8 108.85 62.15
-32000.0 1.523817 0.07751 2.8 110.58 54.35
-33000.0 1.523686 0.078183 2.79 112.33 46.59
-34000.0 1.523653 0.079048 2.78 114.1 38.86
-35000.0 1.523651 0.080088 2.77 115.89 31.14
-36000.0 1.523687 0.081015 2.75 117.69 23.39
-37000.0 1.523637 0.08209 2.72 119.53 15.79
-38000.0 1.523598 0.08325 2.7 121.38 8.21
-39000.0 1.523665 0.084587 2.67 123.25 0.57
-40000.0 1.523763 0.085728 2.63 125.15 353.01
-41000.0 1.523689 0.086989 2.58 127.08 345.44
-42000.0 1.523573 0.088356 2.53 129.04 338.0
-43000.0 1.523767 0.089822 2.48 131.03 330.39
-44000.0 1.523737 0.091229 2.42 133.05 322.92
-45000.0 1.523662 0.092682 2.35 135.1 315.48
-46000.0 1.52365 0.09435 2.28 137.18 308.01
-47000.0 1.523697 0.09574 2.21 139.27 300.69
-48000.0 1.523724 0.097295 2.12 141.37 293.39
-49000.0 1.523613 0.098908 2.04 143.47 286.15
-50000.0 1.523646 0.100254 1.95 145.56 278.9
-51000.0 1.523714 0.101646 1.85 147.6 271.88
-52000.0 1.523703 0.102995 1.75 149.57 264.89
-53000.0 1.523617 0.104498 1.65 151.46 258.0
-54000.0 1.523648 0.105632 1.54 153.2 251.31
-55000.0 1.523711 0.106908 1.43 154.75 244.82
-56000.0 1.523793 0.108157 1.32 156.07 238.65
-57000.0 1.523688 0.109372 1.19 157.06 232.77
-58000.0 1.52363 0.1105 1.07 157.6 227.44
-59000.0 1.52372 0.111595 0.94 157.51 222.79
-60000.0 1.523687 0.112689 0.82 156.45 219.08
-61000.0 1.523602 0.113495 0.69 153.98 216.88
-62000.0 1.52359 0.114323 0.57 149.12 217.14
-63000.0 1.523725 0.115184 0.46 140.31 221.32
-64000.0 1.523673 0.115674 0.38 125.33 231.62
-65000.0 1.523613 0.116159 0.34 104.06 248.34
-66000.0 1.523711 0.116617 0.38 82.73 265.1
-67000.0 1.523819 0.116937 0.46 67.68 275.53
-68000.0 1.523704 0.117157 0.57 58.96 279.71
-69000.0 1.523643 0.117293 0.7 54.27 279.83
-70000.0 1.523679 0.117533 0.83 52.02 277.55
-71000.0 1.523706 0.11742 0.96 51.32 273.74
-72000.0 1.523665 0.117349 1.1 51.57 268.98
-73000.0 1.523623 0.117234 1.24 52.49 263.65
-74000.0 1.523658 0.117008 1.37 53.87 257.75
-75000.0 1.523724 0.116548 1.51 55.58 251.62
-76000.0 1.523657 0.116035 1.64 57.54 245.24
-77000.0 1.523648 0.115608 1.77 59.65 238.69
-78000.0 1.523693 0.114744 1.89 61.9 231.99
-79000.0 1.523739 0.114022 2.02 64.23 225.23
-80000.0 1.523713 0.113266 2.14 66.61 218.43
-81000.0 1.523579 0.1123 2.25 69.04 211.48
-82000.0 1.523711 0.111337 2.36 71.51 204.65
-83000.0 1.523784 0.110291 2.46 73.99 197.72
-84000.0 1.523648 0.109315 2.56 76.49 190.77
-85000.0 1.523593 0.108014 2.65 79.01 183.82
-86000.0 1.523684 0.106756 2.73 81.55 176.84
-87000.0 1.523669 0.10548 2.8 84.12 169.86
-88000.0 1.523618 0.104115 2.86 86.7 162.75
-89000.0 1.523636 0.102596 2.91 89.32 155.66
-90000.0 1.523712 0.101099 2.96 91.96 148.53
-91000.0 1.523794 0.099638 2.99 94.62 141.3
-92000.0 1.523668 0.097962 3.02 97.3 134.05
-93000.0 1.523663 0.096413 3.04 100.0 126.79
-94000.0 1.52374 0.094965 3.05 102.69 119.46
-95000.0 1.523744 0.09322 3.06 105.4 112.07
-96000.0 1.523629 0.091549 3.05 108.08 104.78
-97000.0 1.523616 0.089994 3.04 110.75 97.48
-98000.0 1.523657 0.088316 3.02 113.39 90.09
-99000.0 1.523695 0.086546 3.0 115.98 82.76
-100000.0 1.523647 0.084753 2.96 118.54 75.42
-101000.0 1.523618 0.083086 2.92 121.04 68.12
-102000.0 1.523791 0.081256 2.87 123.49 60.76
-103000.0 1.52369 0.079574 2.82 125.87 53.36
-104000.0 1.523604 0.077894 2.75 128.18 46.05
-105000.0 1.523659 0.07632 2.68 130.43 38.59
-106000.0 1.523754 0.074662 2.61 132.6 31.31
-107000.0 1.523688 0.073197 2.52 134.67 24.03
-108000.0 1.523636 0.071914 2.43 136.66 16.74
-109000.0 1.523643 0.070382 2.34 138.55 9.47
-110000.0 1.523721 0.069045 2.24 140.3 2.36
-111000.0 1.52373 0.067845 2.14 141.92 355.34
-112000.0 1.523602 0.066662 2.04 143.36 348.27
-113000.0 1.523646 0.06543 1.93 144.61 341.47
-114000.0 1.52371 0.064403 1.82 145.63 334.72
-115000.0 1.523722 0.063519 1.72 146.34 328.26
-116000.0 1.523639 0.062614 1.61 146.74 321.99
-117000.0 1.523696 0.061982 1.51 146.72 316.1
-118000.0 1.523783 0.061462 1.41 146.22 310.64
-119000.0 1.523703 0.061088 1.32 145.2 305.63
-120000.0 1.523588 0.06075 1.23 143.53 301.31
-121000.0 1.52364 0.060653 1.15 141.19 297.78
-122000.0 1.523759 0.060755 1.08 138.15 294.76
-123000.0 1.523625 0.060716 1.03 134.41 292.44
-124000.0 1.523599 0.06088 0.99 130.13 290.84
-125000.0 1.523682 0.061283 0.97 125.48 289.56
-126000.0 1.523746 0.061714 0.97 120.72 288.27
-127000.0 1.523668 0.062261 0.98 116.18 286.91
-128000.0 1.523672 0.062985 1.0 112.06 285.18
-129000.0 1.523743 0.063874 1.04 108.53 282.8
-130000.0 1.523689 0.064784 1.08 105.7 279.9
-131000.0 1.523659 0.065902 1.14 103.54 276.34
-132000.0 1.523595 0.067182 1.19 102.03 272.29
-133000.0 1.523696 0.068364 1.25 101.1 267.63
-134000.0 1.523757 0.069712 1.31 100.67 262.65
-135000.0 1.523654 0.071085 1.37 100.69 257.33
-136000.0 1.523609 0.072653 1.42 101.07 251.61
-137000.0 1.523711 0.074021 1.47 101.77 245.62
-138000.0 1.523737 0.07554 1.52 102.72 239.5
-139000.0 1.523659 0.077259 1.56 103.89 233.29
-140000.0 1.523634 0.078823 1.6 105.23 226.73
-141000.0 1.523718 0.080531 1.63 106.71 220.29
-142000.0 1.523781 0.082264 1.66 108.29 213.76
-143000.0 1.523594 0.084071 1.67 109.96 207.15
-144000.0 1.523661 0.085748 1.69 111.68 200.66
-145000.0 1.52374 0.087588 1.69 113.44 194.13
-146000.0 1.523653 0.089368 1.69 115.22 187.65
-147000.0 1.5236 0.091031 1.68 116.99 181.13
-148000.0 1.523611 0.092667 1.66 118.77 174.76
-149000.0 1.523706 0.094373 1.64 120.52 168.42
-150000.0 1.523711 0.096087 1.61 122.22 162.07
-151000.0 1.523666 0.097624 1.57 123.88 155.81
-152000.0 1.523673 0.099184 1.52 125.46 149.7
-153000.0 1.52378 0.100861 1.47 126.93 143.72
-154000.0 1.523716 0.102347 1.41 128.29 137.79
-155000.0 1.523624 0.103849 1.35 129.47 132.16
-156000.0 1.523654 0.10539 1.28 130.41 126.81
-157000.0 1.523711 0.106735 1.21 131.08 121.63
-158000.0 1.523673 0.10799 1.14 131.35 117.0
-159000.0 1.523586 0.109274 1.06 131.14 112.84
-160000.0 1.523663 0.11048 0.98 130.3 109.25
-161000.0 1.523793 0.111422 0.91 128.64 106.53
-162000.0 1.523711 0.112446 0.84 126.01 104.73
-163000.0 1.523603 0.113372 0.78 122.16 104.25
-164000.0 1.523704 0.114233 0.73 116.97 104.96
-165000.0 1.523729 0.11501 0.69 110.49 107.06
-166000.0 1.523681 0.115657 0.67 102.98 110.21
-167000.0 1.523629 0.116436 0.68 95.07 113.71
-168000.0 1.523677 0.116846 0.71 87.53 116.87
-169000.0 1.523719 0.117312 0.76 80.96 119.06
-170000.0 1.523632 0.117706 0.83 75.71 119.98
-171000.0 1.523605 0.117848 0.91 71.75 119.48
-172000.0 1.523664 0.1179 1.0 69.02 117.87
-173000.0 1.52373 0.117875 1.09 67.31 115.2
-174000.0 1.523661 0.117837 1.19 66.41 111.62
-175000.0 1.523589 0.117433 1.3 66.21 107.38
-176000.0 1.523735 0.117203 1.4 66.56 102.55
-177000.0 1.523808 0.116802 1.5 67.35 97.28
-178000.0 1.523674 0.116265 1.6 68.51 91.57
-179000.0 1.523672 0.115735 1.7 69.96 85.62
-180000.0 1.523716 0.115078 1.79 71.65 79.45
-181000.0 1.52369 0.114388 1.89 73.54 72.98
-182000.0 1.523583 0.113436 1.98 75.58 66.38
-183000.0 1.523633 0.112431 2.06 77.74 59.72
-184000.0 1.523718 0.111472 2.15 79.99 52.91
-185000.0 1.523697 0.110174 2.22 82.32 45.91
-186000.0 1.523624 0.108885 2.3 84.7 38.91
-187000.0 1.523672 0.107542 2.36 87.11 31.85
-188000.0 1.523785 0.106057 2.42 89.57 24.6
-189000.0 1.523721 0.104565 2.47 92.05 17.38
-190000.0 1.523647 0.103021 2.51 94.56 10.08
-191000.0 1.523612 0.101577 2.55 97.1 2.65
-192000.0 1.523686 0.099779 2.57 99.67 355.2
-193000.0 1.523713 0.098173 2.59 102.27 347.69
-194000.0 1.523629 0.096494 2.6 104.91 340.15
-195000.0 1.523602 0.094786 2.6 107.58 332.4
-196000.0 1.523793 0.092975 2.59 110.3 324.65
-197000.0 1.52368 0.091059 2.57 113.05 316.82
-198000.0 1.523579 0.089311 2.55 115.82 308.92
-199000.0 1.523711 0.08735 2.52 118.62 300.8
-200000.0 1.523741 0.085508 2.48 121.43 292.68
-201000.0 1.523736 0.083739 2.43 124.23 284.5
-202000.0 1.523601 0.08186 2.38 127.05 276.07
-203000.0 1.523694 0.080138 2.32 129.83 267.84
-204000.0 1.523761 0.078476 2.26 132.57 259.49
-205000.0 1.523674 0.07691 2.19 135.29 251.02
-206000.0 1.523617 0.075152 2.11 137.95 242.56
-207000.0 1.5237 0.073652 2.03 140.56 234.14
-208000.0 1.523672 0.072147 1.94 143.11 225.7
-209000.0 1.523621 0.070822 1.84 145.59 217.11
-210000.0 1.523664 0.069424 1.73 148.01 208.58
-211000.0 1.523676 0.068189 1.63 150.35 200.07
-212000.0 1.523823 0.067107 1.51 152.6 191.53
-213000.0 1.52368 0.066141 1.39 154.78 183.0
-214000.0 1.523602 0.06532 1.27 156.81 174.61
-215000.0 1.523652 0.064766 1.14 158.68 166.38
-216000.0 1.523752 0.064144 1.01 160.34 158.16
-217000.0 1.523627 0.063668 0.88 161.64 150.51
-218000.0 1.523598 0.063411 0.75 162.44 143.43
-219000.0 1.523691 0.06332 0.62 162.4 136.97
-220000.0 1.52371 0.06314 0.49 160.8 132.2
-221000.0 1.523671 0.063175 0.37 156.2 130.5
-222000.0 1.523646 0.063364 0.26 144.62 135.83
-223000.0 1.523782 0.063642 0.18 117.22 156.91
-224000.0 1.523723 0.064118 0.19 77.79 190.21
-225000.0 1.523626 0.06458 0.28 54.5 207.42
-226000.0 1.52363 0.065354 0.39 44.83 211.05
-227000.0 1.523736 0.066037 0.51 40.88 209.17
-228000.0 1.523735 0.066865 0.63 39.56 204.78
-229000.0 1.523626 0.067819 0.76 39.53 199.22
-230000.0 1.523626 0.068722 0.88 40.23 192.91
-231000.0 1.523688 0.069607 1.0 41.4 186.4
-232000.0 1.523715 0.070583 1.12 42.82 179.71
-233000.0 1.523624 0.071737 1.23 44.45 172.75
-234000.0 1.523625 0.072637 1.34 46.21 165.85
-235000.0 1.523739 0.073739 1.45 48.04 158.95
-236000.0 1.523721 0.074935 1.55 49.95 152.07
-237000.0 1.523603 0.076053 1.65 51.89 145.1
-238000.0 1.5237 0.077286 1.75 53.86 138.37
-239000.0 1.523788 0.078494 1.83 55.86 131.59
-240000.0 1.523671 0.079795 1.92 57.85 124.91
-241000.0 1.523609 0.080995 2.0 59.85 118.33
-242000.0 1.523618 0.082183 2.07 61.85 111.87
-243000.0 1.523704 0.083435 2.15 63.83 105.4
-244000.0 1.523693 0.08457 2.21 65.8 98.95
-245000.0 1.523641 0.085631 2.27 67.76 92.66
-246000.0 1.523698 0.086795 2.33 69.69 86.44
-247000.0 1.52375 0.087936 2.38 71.59 80.11
-248000.0 1.523715 0.088953 2.43 73.47 73.99
-249000.0 1.523666 0.090003 2.48 75.31 67.93
-250000.0 1.523692 0.0912 2.52 77.12 61.86
-251000.0 1.523716 0.092148 2.56 78.89 55.9
-252000.0 1.523662 0.093183 2.6 80.62 50.02
-253000.0 1.523569 0.094231 2.63 82.32 44.24
-254000.0 1.523655 0.095121 2.66 83.97 38.44
-255000.0 1.523778 0.096009 2.69 85.59 32.8
-256000.0 1.523642 0.096778 2.71 87.16 27.14
-257000.0 1.52359 0.097646 2.73 88.71 21.52
-258000.0 1.523709 0.098251 2.75 90.22 15.92
-259000.0 1.523729 0.098928 2.77 91.7 10.36
-260000.0 1.523652 0.099646 2.79 93.17 4.87
-261000.0 1.523667 0.100261 2.8 94.61 359.24
-262000.0 1.523731 0.100797 2.82 96.05 353.77
-263000.0 1.523747 0.101328 2.83 97.48 348.3
-264000.0 1.523639 0.101957 2.84 98.9 342.73
-265000.0 1.523629 0.102306 2.85 100.34 337.26
-266000.0 1.523705 0.102712 2.85 101.79 331.77
-267000.0 1.523695 0.103085 2.86 103.25 326.22
-268000.0 1.523628 0.103277 2.86 104.74 320.6
-269000.0 1.523604 0.103443 2.87 106.26 315.04
-270000.0 1.523676 0.103538 2.87 107.82 309.34
-271000.0 1.523778 0.103611 2.87 109.41 303.56
-272000.0 1.523708 0.103576 2.87 111.04 297.75
-273000.0 1.523658 0.103471 2.86 112.72 291.89
-274000.0 1.52375 0.103469 2.85 114.45 285.93
-275000.0 1.523732 0.103254 2.84 116.23 279.85
-276000.0 1.523587 0.103003 2.83 118.06 273.77
-277000.0 1.523631 0.102819 2.82 119.94 267.67
-278000.0 1.523707 0.102479 2.8 121.88 261.33
-279000.0 1.523666 0.101992 2.78 123.85 255.04
-280000.0 1.523593 0.101478 2.75 125.89 248.68
-281000.0 1.523641 0.100984 2.72 127.97 242.15
-282000.0 1.523777 0.100207 2.69 130.09 235.56
-283000.0 1.523697 0.099503 2.65 132.26 228.86
-284000.0 1.523657 0.098753 2.6 134.48 222.09
-285000.0 1.523667 0.097874 2.55 136.74 215.11
-286000.0 1.523722 0.097072 2.49 139.06 208.17
-287000.0 1.523726 0.096116 2.43 141.42 201.07
-288000.0 1.523629 0.095314 2.36 143.85 193.82
-289000.0 1.52369 0.094231 2.28 146.36 186.5
-290000.0 1.523746 0.093196 2.19 148.93 179.07
-291000.0 1.523663 0.092199 2.1 151.6 171.53
-292000.0 1.523582 0.091093 2.0 154.38 163.67
-293000.0 1.523661 0.089822 1.89 157.28 155.79
-294000.0 1.523727 0.088597 1.78 160.32 147.67
-295000.0 1.523698 0.087453 1.66 163.51 139.23
-296000.0 1.523587 0.086068 1.54 166.9 130.59
-297000.0 1.523692 0.084851 1.41 170.5 121.62
-298000.0 1.523813 0.083639 1.28 174.36 112.29
-299000.0 1.523656 0.08236 1.14 178.57 102.51
-300000.0 1.523664 0.08121 1.0 183.24 92.3
-301000.0 1.523674 0.080106 0.86 188.58 81.29
-302000.0 1.523671 0.079058 0.71 195.06 68.96
-303000.0 1.52361 0.077917 0.56 203.53 54.67
-304000.0 1.523634 0.076859 0.42 216.11 36.24
-305000.0 1.523672 0.075999 0.3 238.11 8.29
-306000.0 1.523758 0.075127 0.24 276.88 323.39
-307000.0 1.523667 0.074261 0.3 316.43 277.7
-308000.0 1.523609 0.073523 0.44 339.1 248.89
-309000.0 1.523788 0.073001 0.6 351.94 229.71
-310000.0 1.523742 0.072451 0.78 0.37 215.04
-311000.0 1.523661 0.072073 0.97 6.74 202.39
-312000.0 1.523596 0.071963 1.16 11.98 190.75
-313000.0 1.523702 0.071585 1.35 16.54 179.84
-314000.0 1.523719 0.071525 1.54 20.7 169.4
-315000.0 1.523632 0.071529 1.73 24.59 159.19
-316000.0 1.523628 0.071719 1.92 28.32 149.03
-317000.0 1.523771 0.071827 2.1 31.97 139.09
-318000.0 1.523697 0.072074 2.28 35.54 129.16
-319000.0 1.523583 0.072571 2.46 39.09 119.42
-320000.0 1.523664 0.073085 2.63 42.64 109.5
-321000.0 1.523715 0.073761 2.8 46.17 99.8
-322000.0 1.523756 0.074553 2.96 49.71 90.16
-323000.0 1.523645 0.075485 3.12 53.25 80.58
-324000.0 1.523652 0.076341 3.28 56.77 71.2
-325000.0 1.523678 0.077323 3.43 60.29 61.92
-326000.0 1.523719 0.078456 3.58 63.78 52.72
-327000.0 1.523619 0.079282 3.72 67.26 43.56
-328000.0 1.52362 0.080206 3.86 70.7 34.65
-329000.0 1.523744 0.081206 3.99 74.12 25.77
-330000.0 1.523673 0.082235 4.11 77.51 16.89
-331000.0 1.523625 0.083054 4.23 80.88 8.17
-332000.0 1.523696 0.084043 4.33 84.23 359.48
-333000.0 1.523832 0.085044 4.43 87.58 350.89
-334000.0 1.52371 0.086042 4.51 90.93 342.33
-335000.0 1.52359 0.087039 4.58 94.28 333.83
-336000.0 1.523651 0.088135 4.64 97.67 325.47
-337000.0 1.523751 0.089155 4.69 101.08 317.04
-338000.0 1.523626 0.090023 4.72 104.52 308.74
-339000.0 1.523611 0.09092 4.75 108.01 300.51
-340000.0 1.523701 0.091914 4.76 111.54 292.24
-341000.0 1.523719 0.092532 4.77 115.11 283.98
-342000.0 1.523669 0.093233 4.76 118.72 275.77
-343000.0 1.523646 0.093917 4.75 122.36 267.61
-344000.0 1.523722 0.094452 4.73 126.04 259.32
-345000.0 1.523727 0.094925 4.7 129.73 251.17
-346000.0 1.523657 0.095354 4.66 133.44 243.01
-347000.0 1.523598 0.095874 4.62 137.18 234.8
-348000.0 1.523679 0.096094 4.56 140.92 226.69
-349000.0 1.523782 0.096424 4.5 144.68 218.52
-350000.0 1.523647 0.096698 4.42 148.47 210.45
-351000.0 1.523598 0.096897 4.34 152.28 202.28
-352000.0 1.523694 0.096987 4.24 156.15 194.13
-353000.0 1.5237 0.097079 4.13 160.07 185.96
-354000.0 1.523662 0.097282 4.02 164.06 177.69
-355000.0 1.52363 0.09712 3.89 168.16 169.35
-356000.0 1.523751 0.09716 3.76 172.37 160.97
-357000.0 1.523763 0.097237 3.62 176.71 152.44
-358000.0 1.523623 0.097046 3.48 181.23 143.71
-359000.0 1.523674 0.096916 3.33 185.92 134.96
-360000.0 1.523755 0.096753 3.18 190.84 125.97
-361000.0 1.523691 0.096553 3.02 195.99 116.73
-362000.0 1.523593 0.096109 2.87 201.39 107.29
-363000.0 1.523612 0.095676 2.72 207.1 97.57
-364000.0 1.523657 0.095216 2.58 213.12 87.5
-365000.0 1.523739 0.094571 2.44 219.49 77.05
-366000.0 1.52364 0.093924 2.3 226.28 66.17
-367000.0 1.523649 0.093289 2.18 233.46 54.9
-368000.0 1.523783 0.092606 2.06 241.13 43.03
-369000.0 1.523718 0.091866 1.96 249.3 30.71
-370000.0 1.523615 0.091156 1.87 257.95 17.91
-371000.0 1.523674 0.090672 1.8 267.12 4.5
-372000.0 1.523743 0.089826 1.75 276.73 350.67
-373000.0 1.523669 0.089122 1.72 286.63 336.62
-374000.0 1.523607 0.08856 1.71 296.7 322.39
-375000.0 1.523636 0.087776 1.73 306.7 308.15
-376000.0 1.523785 0.087 1.77 316.44 294.26
-377000.0 1.52367 0.086124 1.84 325.75 280.73
-378000.0 1.523626 0.085336 1.92 334.5 267.75
-379000.0 1.523679 0.0843 2.02 342.65 255.34
-380000.0 1.523697 0.083394 2.14 350.19 243.45
-381000.0 1.5237 0.082479 2.26 357.13 232.19
-382000.0 1.523651 0.081476 2.39 3.56 221.25
-383000.0 1.523704 0.080473 2.53 9.52 210.88
-384000.0 1.523746 0.079534 2.66 15.06 200.83
-385000.0 1.523669 0.078675 2.8 20.28 190.99
-386000.0 1.523595 0.077603 2.93 25.2 181.41
-387000.0 1.523648 0.07665 3.06 29.87 172.11
-388000.0 1.523754 0.075845 3.19 34.35 162.86
-389000.0 1.523637 0.074848 3.31 38.66 153.62
-390000.0 1.523578 0.073912 3.42 42.84 144.6
-391000.0 1.523706 0.073091 3.53 46.9 135.53
-392000.0 1.523802 0.072255 3.63 50.85 126.46
-393000.0 1.523662 0.071453 3.73 54.72 117.46
-394000.0 1.523672 0.070738 3.82 58.51 108.42
-395000.0 1.523727 0.070148 3.91 62.23 99.4
-396000.0 1.523712 0.069445 3.99 65.87 90.4
-397000.0 1.523611 0.068838 4.07 69.44 81.4
-398000.0 1.523614 0.0684 4.14 72.95 72.51
-399000.0 1.523723 0.067915 4.2 76.39 63.41
-400000.0 1.523702 0.067344 4.26 79.76 54.45
-401000.0 1.523649 0.066891 4.32 83.07 45.49
-402000.0 1.523633 0.066669 4.36 86.33 36.45
-403000.0 1.523736 0.066255 4.4 89.54 27.3
-404000.0 1.523719 0.066047 4.43 92.69 18.19
-405000.0 1.523674 0.066007 4.45 95.81 9.07
-406000.0 1.523633 0.066032 4.47 98.9 359.79
-407000.0 1.523702 0.066212 4.47 101.97 350.7
-408000.0 1.523739 0.066539 4.47 105.02 341.51
-409000.0 1.523592 0.067054 4.46 108.07 332.33
-410000.0 1.523655 0.067452 4.44 111.12 323.24
-411000.0 1.523754 0.068124 4.42 114.17 314.18
-412000.0 1.523681 0.068828 4.39 117.23 305.19
-413000.0 1.52357 0.06967 4.36 120.31 296.04
-414000.0 1.523663 0.070376 4.31 123.41 287.02
-415000.0 1.523739 0.071253 4.27 126.52 278.06
-416000.0 1.523706 0.072358 4.22 129.64 269.1
-417000.0 1.523649 0.073287 4.16 132.79 260.03
-418000.0 1.523678 0.074421 4.1 135.95 251.11
-419000.0 1.523802 0.075656 4.04 139.12 242.23
-420000.0 1.523677 0.076854 3.97 142.31 233.3
-421000.0 1.523643 0.078124 3.9 145.52 224.55
-422000.0 1.523639 0.079526 3.82 148.75 215.82
-423000.0 1.523689 0.080914 3.74 152.01 207.0
-424000.0 1.523638 0.082184 3.65 155.31 198.27
-425000.0 1.523636 0.083566 3.56 158.66 189.58
-426000.0 1.523666 0.085024 3.46 162.08 180.89
-427000.0 1.523784 0.086423 3.36 165.58 172.05
-428000.0 1.52371 0.087848 3.25 169.2 163.19
-429000.0 1.523589 0.089214 3.13 172.96 154.32
-430000.0 1.523728 0.090782 3.01 176.88 145.28
-431000.0 1.52373 0.092125 2.89 181.0 136.11
-432000.0 1.523646 0.093528 2.77 185.34 126.81
-433000.0 1.523609 0.094982 2.65 189.94 117.33
-434000.0 1.523676 0.096139 2.52 194.85 107.48
-435000.0 1.523713 0.097318 2.4 200.06 97.5
-436000.0 1.523641 0.098441 2.29 205.63 87.18
-437000.0 1.523631 0.099518 2.18 211.6 76.37
-438000.0 1.523725 0.100308 2.07 217.96 65.27
-439000.0 1.523748 0.101198 1.98 224.76 53.71
-440000.0 1.523647 0.102038 1.89 232.01 41.77
-441000.0 1.523632 0.102699 1.82 239.72 29.24
-442000.0 1.523717 0.103469 1.75 247.91 16.36
-443000.0 1.523793 0.104069 1.7 256.55 3.04
-444000.0 1.523667 0.104778 1.67 265.59 349.32
-445000.0 1.523621 0.105245 1.66 274.98 335.31
-446000.0 1.523684 0.105709 1.66 284.54 321.18
-447000.0 1.523688 0.106188 1.69 294.12 307.07
-448000.0 1.523592 0.106383 1.75 303.57 293.02
-449000.0 1.523604 0.106527 1.82 312.66 279.5
-450000.0 1.523726 0.106619 1.92 321.27 266.44
-451000.0 1.523717 0.106585 2.04 329.36 253.83
-452000.0 1.523612 0.106334 2.18 336.83 241.95
-453000.0 1.523709 0.106096 2.33 343.73 230.62
-454000.0 1.523788 0.105762 2.5 350.13 219.75
-455000.0 1.523704 0.105218 2.67 356.02 209.4
-456000.0 1.523663 0.104691 2.84 1.54 199.46
-457000.0 1.523636 0.104112 3.02 6.72 189.88
-458000.0 1.523669 0.103358 3.2 11.61 180.49
-459000.0 1.523671 0.102545 3.38 16.31 171.33
-460000.0 1.523633 0.101622 3.56 20.83 162.41
-461000.0 1.523643 0.100799 3.73 25.21 153.56
-462000.0 1.523777 0.099721 3.9 29.51 144.74
-463000.0 1.523673 0.098721 4.07 33.72 136.03
-464000.0 1.523648 0.097736 4.23 37.88 127.42
-465000.0 1.523673 0.096589 4.39 42.01 118.69
-466000.0 1.523761 0.095504 4.55 46.09 110.19
-467000.0 1.523726 0.09443 4.7 50.14 101.7
-468000.0 1.523573 0.093324 4.85 54.15 93.15
-469000.0 1.523673 0.091959 4.99 58.12 84.77
-470000.0 1.52379 0.090681 5.14 62.05 76.39
-471000.0 1.523653 0.089333 5.27 65.93 68.14
-472000.0 1.523576 0.087836 5.41 69.78 59.77
-473000.0 1.523684 0.086242 5.53 73.58 51.51
-474000.0 1.523675 0.084573 5.65 77.33 43.25
-475000.0 1.523661 0.082979 5.76 81.06 34.9
-476000.0 1.523648 0.081196 5.86 84.76 26.52
-477000.0 1.523716 0.079546 5.94 88.42 18.12
-478000.0 1.523769 0.077971 6.02 92.1 9.62
-479000.0 1.523685 0.076311 6.08 95.76 0.99
-480000.0 1.523643 0.074798 6.13 99.44 352.45
-481000.0 1.523687 0.073451 6.17 103.14 343.85
-482000.0 1.523738 0.072088 6.2 106.87 335.02
-483000.0 1.523618 0.070633 6.21 110.63 326.27
-484000.0 1.523624 0.069358 6.21 114.43 317.54
-485000.0 1.523661 0.068077 6.21 118.26 308.67
-486000.0 1.523747 0.066763 6.19 122.15 299.69
-487000.0 1.523672 0.06549 6.16 126.06 290.65
-488000.0 1.523634 0.064212 6.13 130.01 281.6
-489000.0 1.523768 0.062968 6.09 134.01 272.29
-490000.0 1.52372 0.061792 6.03 138.02 262.98
-491000.0 1.5236 0.060623 5.97 142.07 253.58
-492000.0 1.52362 0.059708 5.9 146.16 243.96
-493000.0 1.523744 0.058583 5.83 150.28 234.21
-494000.0 1.523692 0.057723 5.74 154.44 224.46
-495000.0 1.523638 0.057035 5.64 158.65 214.6
-496000.0 1.523622 0.05641 5.54 162.91 204.37
-497000.0 1.523721 0.055852 5.42 167.26 194.21
-498000.0 1.523718 0.055488 5.29 171.68 183.94
-499000.0 1.523629 0.05538 5.16 176.2 173.45
-500000.0 1.523645 0.055217 5.02 180.86 162.81
-501000.0 1.523721 0.055396 4.87 185.63 152.15
-502000.0 1.52374 0.055616 4.72 190.59 141.37
-503000.0 1.523624 0.055971 4.57 195.72 130.35
-504000.0 1.523686 0.056441 4.42 201.04 119.41
-505000.0 1.523771 0.056971 4.26 206.58 108.23
-506000.0 1.523691 0.057621 4.11 212.36 96.88
-507000.0 1.523587 0.058187 3.97 218.37 85.26
-508000.0 1.523627 0.058807 3.83 224.64 73.61
-509000.0 1.52375 0.059636 3.7 231.16 61.63
-510000.0 1.523653 0.060429 3.58 237.94 49.2
-511000.0 1.523623 0.061228 3.47 244.97 36.74
-512000.0 1.523693 0.062243 3.38 252.21 24.07
-513000.0 1.523766 0.063433 3.3 259.7 11.07
-514000.0 1.523674 0.064639 3.23 267.38 357.98
-515000.0 1.523649 0.066038 3.18 275.21 344.86
-516000.0 1.523706 0.067609 3.15 283.21 331.64
-517000.0 1.523688 0.069152 3.14 291.28 318.43
-518000.0 1.523664 0.070824 3.15 299.37 305.4
-519000.0 1.523581 0.072527 3.18 307.45 292.49
-520000.0 1.523671 0.074222 3.23 315.42 279.65
-521000.0 1.52378 0.075821 3.3 323.22 267.18
-522000.0 1.523689 0.07736 3.39 330.8 254.95
-523000.0 1.523596 0.079043 3.49 338.1 243.1
-524000.0 1.523722 0.080514 3.62 345.09 231.39
-525000.0 1.523741 0.081979 3.75 351.76 220.17
-526000.0 1.523663 0.083425 3.9 358.1 209.34
-527000.0 1.523635 0.084981 4.05 4.14 198.6
-528000.0 1.523709 0.08638 4.2 9.9 188.34
-529000.0 1.523775 0.087883 4.36 15.38 178.3
-530000.0 1.523588 0.089418 4.51 20.66 168.45
-531000.0 1.523642 0.090799 4.66 25.74 158.85
-532000.0 1.523731 0.092344 4.81 30.67 149.48
-533000.0 1.523669 0.093816 4.95 35.47 140.22
-534000.0 1.523617 0.095356 5.08 40.15 131.04
-535000.0 1.523632 0.096704 5.21 44.76 122.06
-536000.0 1.523708 0.09812 5.33 49.29 113.18
-537000.0 1.523745 0.099601 5.44 53.74 104.41
-538000.0 1.523679 0.100865 5.55 58.15 95.66
-539000.0 1.523653 0.102086 5.66 62.49 87.08
-540000.0 1.523745 0.103261 5.76 66.76 78.62
-541000.0 1.523713 0.104305 5.85 70.98 70.12
-542000.0 1.523608 0.105149 5.94 75.1 61.82
-543000.0 1.523604 0.105933 6.03 79.16 53.6
-544000.0 1.523721 0.106639 6.1 83.16 45.3
-545000.0 1.523692 0.107028 6.17 87.06 37.15
-546000.0 1.523607 0.107472 6.23 90.9 29.04
-547000.0 1.523661 0.107851 6.28 94.69 20.92
-548000.0 1.523804 0.108069 6.31 98.42 12.78
-549000.0 1.523741 0.108368 6.34 102.11 4.7
-550000.0 1.523622 0.10851 6.34 105.78 356.65
-551000.0 1.523676 0.108833 6.34 109.43 348.52
-552000.0 1.523736 0.108929 6.33 113.09 340.47
-553000.0 1.523672 0.108994 6.3 116.75 332.42
-554000.0 1.52362 0.10917 6.26 120.43 324.4
-555000.0 1.523669 0.109027 6.21 124.16 316.26
-556000.0 1.523717 0.108852 6.16 127.9 308.24
-557000.0 1.523643 0.108509 6.09 131.68 300.18
-558000.0 1.523609 0.108102 6.02 135.5 291.98
-559000.0 1.523666 0.107358 5.95 139.34 283.85
-560000.0 1.52373 0.106566 5.87 143.2 275.64
-561000.0 1.523705 0.105729 5.79 147.08 267.36
-562000.0 1.523584 0.104544 5.7 150.98 258.99
-563000.0 1.523716 0.103515 5.61 154.88 250.64
-564000.0 1.523788 0.102284 5.51 158.78 242.22
-565000.0 1.523667 0.101053 5.41 162.7 233.66
-566000.0 1.523652 0.09968 5.3 166.64 225.15
-567000.0 1.523692 0.098271 5.19 170.59 216.56
-568000.0 1.523679 0.09695 5.06 174.59 207.87
-569000.0 1.523601 0.095468 4.93 178.65 198.99
-570000.0 1.523632 0.093906 4.8 182.79 190.14
-571000.0 1.523713 0.092444 4.66 187.03 181.14
-572000.0 1.523782 0.090884 4.51 191.4 171.86
-573000.0 1.523642 0.089305 4.36 195.93 162.52
-574000.0 1.523658 0.087708 4.21 200.62 152.95
-575000.0 1.523728 0.08615 4.07 205.5 143.07
-576000.0 1.523733 0.084376 3.92 210.59 133.06
-577000.0 1.523651 0.082703 3.79 215.89 122.82
-578000.0 1.5236 0.081074 3.65 221.4 112.29
-579000.0 1.523657 0.079215 3.53 227.14 101.39
-580000.0 1.523698 0.077357 3.42 233.07 90.34
-581000.0 1.523647 0.075445 3.31 239.21 79.01
-582000.0 1.523596 0.073676 3.22 245.55 67.32
-583000.0 1.523811 0.071767 3.14 252.06 55.32
-584000.0 1.523693 0.06988 3.07 258.75 43.0
-585000.0 1.523599 0.068161 3.01 265.59 30.49
-586000.0 1.523683 0.066494 2.96 272.58 17.5
-587000.0 1.523747 0.064967 2.93 279.7 4.5
-588000.0 1.523726 0.06363 2.91 286.91 351.25
-589000.0 1.523621 0.062473 2.91 294.19 337.71
-590000.0 1.523665 0.061221 2.93 301.51 324.31
-591000.0 1.52373 0.06023 2.96 308.78 310.91
-592000.0 1.523697 0.059389 3.01 315.97 297.54
-593000.0 1.523605 0.058546 3.07 323.03 284.12
-594000.0 1.523682 0.057752 3.15 329.88 271.12
-595000.0 1.523683 0.05703 3.25 336.5 258.2
-596000.0 1.523697 0.056542 3.36 342.87 245.53
-597000.0 1.523664 0.05599 3.49 348.97 233.03
-598000.0 1.52367 0.055611 3.62 354.8 220.82
-599000.0 1.523798 0.055387 3.76 0.38 208.82
-600000.0 1.523706 0.055285 3.9 5.72 197.02
-601000.0 1.523587 0.055269 4.05 10.86 185.57
-602000.0 1.523623 0.055522 4.2 15.8 174.42
-603000.0 1.523736 0.055899 4.35 20.58 163.24
-604000.0 1.523636 0.056233 4.49 25.23 152.42
-605000.0 1.523607 0.056778 4.64 29.76 141.92
-606000.0 1.523692 0.057584 4.78 34.21 131.52
-607000.0 1.523746 0.058327 4.92 38.58 121.24
-608000.0 1.523674 0.05921 5.06 42.87 111.29
-609000.0 1.523654 0.060197 5.19 47.13 101.51
-610000.0 1.52375 0.061304 5.32 51.33 91.85
-611000.0 1.523721 0.062388 5.45 55.47 82.5
-612000.0 1.523633 0.063485 5.57 59.59 73.25
-613000.0 1.523613 0.064761 5.69 63.66 64.22
-614000.0 1.523709 0.065827 5.81 67.68 55.3
-615000.0 1.523746 0.066939 5.92 71.67 46.57
-616000.0 1.523649 0.06805 6.03 75.62 37.97
-617000.0 1.523624 0.069213 6.13 79.54 29.32
-618000.0 1.523677 0.07015 6.23 83.42 20.85
-619000.0 1.523726 0.071237 6.31 87.27 12.44
-620000.0 1.52365 0.072512 6.39 91.11 4.02
-621000.0 1.52362 0.073546 6.46 94.94 355.6
-622000.0 1.523739 0.074791 6.52 98.75 347.34
-623000.0 1.523743 0.076112 6.57 102.58 339.11
-624000.0 1.523605 0.077501 6.6 106.42 330.82
-625000.0 1.523659 0.078867 6.63 110.28 322.75
-626000.0 1.523758 0.080283 6.65 114.17 314.62
-627000.0 1.523677 0.081761 6.65 118.1 306.59
-628000.0 1.52361 0.08309 6.65 122.07 298.56
-629000.0 1.523593 0.084391 6.63 126.09 290.61
-630000.0 1.523696 0.085718 6.61 130.16 282.6
-631000.0 1.523729 0.086916 6.58 134.28 274.52
-632000.0 1.52367 0.087938 6.54 138.46 266.47
-633000.0 1.523694 0.088985 6.5 142.68 258.43
-634000.0 1.523756 0.090061 6.45 146.97 250.19
-635000.0 1.523722 0.090861 6.39 151.28 241.98
-636000.0 1.52364 0.091677 6.33 155.66 233.71
-637000.0 1.52367 0.092634 6.26 160.09 225.35
-638000.0 1.523709 0.093336 6.19 164.55 216.9
-639000.0 1.523689 0.094121 6.1 169.08 208.43
-640000.0 1.523567 0.094891 6.01 173.68 199.87
-641000.0 1.523639 0.095644 5.92 178.34 191.18
-642000.0 1.523784 0.096339 5.81 183.1 182.46
-643000.0 1.523675 0.09705 5.7 187.95 173.57
-644000.0 1.523597 0.097913 5.59 192.93 164.62
-645000.0 1.523684 0.098551 5.46 198.07 155.44
-646000.0 1.523737 0.099289 5.34 203.35 146.22
-647000.0 1.523669 0.099996 5.21 208.82 136.87
-648000.0 1.523667 0.100711 5.09 214.5 127.2
-649000.0 1.523705 0.101145 4.97 220.36 117.5
-650000.0 1.523745 0.101543 4.86 226.45 107.57
-651000.0 1.523658 0.101958 4.76 232.72 97.42
-652000.0 1.523609 0.101966 4.67 239.17 87.1
-653000.0 1.523656 0.101939 4.6 245.78 76.63
-654000.0 1.523716 0.101806 4.54 252.49 65.97
-655000.0 1.523663 0.101492 4.5 259.3 55.08
-656000.0 1.523601 0.101046 4.47 266.16 44.2
-657000.0 1.523682 0.100579 4.46 273.02 33.14
-658000.0 1.523802 0.100148 4.46 279.9 21.99
-659000.0 1.52372 0.099633 4.47 286.76 10.81
-660000.0 1.52365 0.099138 4.49 293.57 359.64
-661000.0 1.523719 0.098818 4.52 300.37 348.46
-662000.0 1.523732 0.098378 4.57 307.12 337.23
-663000.0 1.523583 0.097909 4.62 313.83 326.14
-664000.0 1.523617 0.097515 4.69 320.49 315.17
-665000.0 1.523703 0.097082 4.77 327.07 304.15
-666000.0 1.523696 0.096385 4.87 333.56 293.34
-667000.0 1.523606 0.095629 4.97 339.93 282.65
-668000.0 1.523633 0.094834 5.09 346.15 272.09
-669000.0 1.523771 0.093697 5.22 352.22 261.61
-670000.0 1.523707 0.092552 5.36 358.1 251.3
-671000.0 1.523681 0.091238 5.51 3.78 241.14
-672000.0 1.523634 0.089806 5.66 9.3 230.94
-673000.0 1.523704 0.088269 5.81 14.62 221.03
-674000.0 1.523742 0.086662 5.97 19.76 211.06
-675000.0 1.523636 0.085198 6.11 24.78 201.15
-676000.0 1.523658 0.083498 6.26 29.65 191.22
-677000.0 1.523747 0.081926 6.39 34.42 181.35
-678000.0 1.523684 0.080437 6.51 39.11 171.52
-679000.0 1.523583 0.079118 6.63 43.72 161.53
-680000.0 1.52365 0.077595 6.74 48.29 151.64
-681000.0 1.523731 0.076282 6.84 52.82 141.74
-682000.0 1.523766 0.075098 6.93 57.3 131.78
-683000.0 1.523595 0.073769 7.01 61.77 121.87
-684000.0 1.523679 0.072626 7.09 66.19 111.98
-685000.0 1.523771 0.07147 7.16 70.58 102.08
-686000.0 1.523674 0.070196 7.23 74.94 92.11
-687000.0 1.523642 0.068882 7.29 79.24 82.31
-688000.0 1.523656 0.067602 7.34 83.49 72.4
-689000.0 1.523672 0.066381 7.38 87.69 62.36
-690000.0 1.52362 0.064996 7.42 91.84 52.19
-691000.0 1.523636 0.063685 7.44 95.94 42.02
-692000.0 1.523662 0.062581 7.45 100.0 31.72
-693000.0 1.523812 0.061632 7.45 104.02 21.2
-694000.0 1.523682 0.060798 7.43 108.03 10.59
-695000.0 1.523604 0.060193 7.4 112.02 359.99
-696000.0 1.523705 0.059981 7.36 116.02 349.24
-697000.0 1.523749 0.059717 7.3 120.03 338.64
-698000.0 1.523671 0.059777 7.23 124.05 328.13
-699000.0 1.523601 0.060102 7.15 128.11 317.67
-700000.0 1.52368 0.060256 7.06 132.22 307.15
-701000.0 1.52374 0.060542 6.97 136.34 296.92
-702000.0 1.523662 0.060848 6.86 140.52 286.65
-703000.0 1.523614 0.061307 6.75 144.72 276.42
-704000.0 1.52376 0.061555 6.64 148.97 266.15
-705000.0 1.523708 0.061916 6.52 153.24 255.85
-706000.0 1.52362 0.062339 6.4 157.53 245.7
-707000.0 1.523634 0.062852 6.27 161.86 235.3
-708000.0 1.523703 0.063416 6.14 166.22 225.09
-709000.0 1.523764 0.064131 6.0 170.6 214.86
-710000.0 1.523655 0.064997 5.86 175.04 204.64
-711000.0 1.523623 0.065783 5.71 179.53 194.47
-712000.0 1.523656 0.066744 5.55 184.08 184.44
-713000.0 1.523734 0.067893 5.39 188.73 174.39
-714000.0 1.523624 0.068919 5.23 193.49 164.21
-715000.0 1.523613 0.06994 5.06 198.39 154.23
-716000.0 1.523746 0.071092 4.89 203.45 144.16
-717000.0 1.523723 0.072254 4.73 208.67 134.0
-718000.0 1.523634 0.073204 4.56 214.11 123.76
-719000.0 1.523682 0.074269 4.41 219.75 113.42
-720000.0 1.523796 0.07526 4.26 225.6 103.01
-721000.0 1.523723 0.07618 4.12 231.68 92.38
-722000.0 1.523582 0.076984 3.99 237.96 81.63
-723000.0 1.523629 0.077822 3.88 244.44 70.85
-724000.0 1.523733 0.078575 3.79 251.1 59.77
-725000.0 1.523662 0.079139 3.71 257.9 48.64
-726000.0 1.523621 0.07974 3.64 264.83 37.45
-727000.0 1.523697 0.080464 3.59 271.85 26.11
-728000.0 1.523731 0.080907 3.56 278.9 14.73
-729000.0 1.523693 0.081514 3.55 285.98 3.41
-730000.0 1.523648 0.082183 3.55 293.06 352.14
-731000.0 1.523672 0.08285 3.56 300.08 340.81
-732000.0 1.52373 0.083452 3.59 307.04 329.75
-733000.0 1.523675 0.084115 3.64 313.9 318.8
-734000.0 1.523595 0.084924 3.7 320.64 308.02
-735000.0 1.523643 0.085482 3.77 327.24 297.46
-736000.0 1.523805 0.086133 3.86 333.67 287.1
-737000.0 1.52366 0.086652 3.96 339.92 277.07
-738000.0 1.523603 0.087139 4.07 345.98 267.16
-739000.0 1.523655 0.087403 4.19 351.84 257.55
-740000.0 1.523711 0.087705 4.32 357.48 248.16
-741000.0 1.523681 0.088018 4.46 2.92 238.92
-742000.0 1.523639 0.087962 4.61 8.15 229.88
-743000.0 1.523746 0.088058 4.76 13.19 221.09
-744000.0 1.523771 0.088196 4.91 18.05 212.42
-745000.0 1.523649 0.088116 5.06 22.73 203.84
-746000.0 1.52363 0.088057 5.21 27.27 195.49
-747000.0 1.523723 0.088014 5.36 31.67 187.24
-748000.0 1.5237 0.087995 5.5 35.95 179.05
-749000.0 1.523616 0.087814 5.64 40.15 170.97
-750000.0 1.523592 0.087708 5.78 44.26 162.97
-751000.0 1.523649 0.087621 5.91 48.3 155.0
-752000.0 1.52378 0.087422 6.03 52.29 147.07
-753000.0 1.52367 0.087273 6.15 56.24 139.16
-754000.0 1.523638 0.087169 6.26 60.15 131.34
-755000.0 1.523744 0.087032 6.37 64.04 123.42
-756000.0 1.523738 0.086777 6.47 67.9 115.64
-757000.0 1.523608 0.086518 6.56 71.75 107.88
-758000.0 1.523651 0.086467 6.65 75.58 100.09
-759000.0 1.523722 0.085979 6.74 79.39 92.31
-760000.0 1.523715 0.085577 6.82 83.18 84.6
-761000.0 1.523613 0.085168 6.89 86.95 76.9
-762000.0 1.523624 0.084542 6.96 90.71 69.1
-763000.0 1.523759 0.083829 7.02 94.44 61.36
-764000.0 1.523688 0.083016 7.08 98.15 53.51
-765000.0 1.523644 0.082258 7.12 101.86 45.59
-766000.0 1.523647 0.081248 7.16 105.55 37.6
-767000.0 1.523703 0.08039 7.19 109.23 29.5
-768000.0 1.523731 0.079546 7.21 112.91 21.36
-769000.0 1.523662 0.078662 7.21 116.6 13.01
-770000.0 1.523683 0.07779 7.21 120.31 4.71
-771000.0 1.523741 0.077016 7.19 124.04 356.3
-772000.0 1.523678 0.076341 7.17 127.79 347.74
-773000.0 1.523586 0.075474 7.13 131.6 339.13
-774000.0 1.523622 0.074711 7.08 135.45 330.53
-775000.0 1.523746 0.074058 7.03 139.36 321.79
-776000.0 1.523668 0.073182 6.96 143.34 312.83
-777000.0 1.523589 0.072299 6.89 147.38 303.93
-778000.0 1.523687 0.071426 6.81 151.49 294.82
-779000.0 1.523819 0.070468 6.73 155.68 285.54
-780000.0 1.523679 0.069467 6.64 159.93 276.17
-781000.0 1.52366 0.068449 6.54 164.26 266.58
-782000.0 1.523688 0.06752 6.44 168.65 256.8
-783000.0 1.523709 0.066381 6.34 173.1 246.86
-784000.0 1.523628 0.065348 6.23 177.63 236.69
-785000.0 1.523617 0.06447 6.12 182.23 226.43
-786000.0 1.5237 0.063624 6.0 186.92 215.72
-787000.0 1.52373 0.062737 5.88 191.71 204.94
-788000.0 1.523672 0.062035 5.75 196.6 193.96
-789000.0 1.523616 0.061649 5.62 201.64 182.76
-790000.0 1.523711 0.061179 5.48 206.83 171.2
-791000.0 1.523731 0.060964 5.35 212.18 159.6
-792000.0 1.523708 0.06092 5.21 217.74 147.79
-793000.0 1.523604 0.060937 5.08 223.52 135.7
-794000.0 1.523691 0.061037 4.96 229.49 123.67
-795000.0 1.523758 0.061234 4.84 235.7 111.34
-796000.0 1.523611 0.0615 4.73 242.11 98.86
-797000.0 1.523638 0.06155 4.65 248.71 86.2
-798000.0 1.523725 0.061759 4.57 255.48 73.43
-799000.0 1.523701 0.061943 4.51 262.35 60.56
-800000.0 1.523575 0.062308 4.48 269.34 47.35
-801000.0 1.52365 0.062481 4.45 276.37 34.14
-802000.0 1.523724 0.062913 4.45 283.41 20.93
-803000.0 1.523769 0.063574 4.45 290.47 7.7
-804000.0 1.523665 0.064293 4.48 297.5 354.4
-805000.0 1.523652 0.065247 4.52 304.48 341.38
-806000.0 1.523736 0.066425 4.57 311.42 328.52
-807000.0 1.523698 0.067578 4.63 318.29 315.76
-808000.0 1.523639 0.068812 4.71 325.07 303.42
-809000.0 1.523624 0.070153 4.8 331.76 291.34
-810000.0 1.52369 0.07148 4.91 338.32 279.42
-811000.0 1.523675 0.072585 5.03 344.75 267.79
-812000.0 1.523653 0.073684 5.17 351.01 256.48
-813000.0 1.523643 0.074704 5.31 357.08 245.48
-814000.0 1.523802 0.075617 5.47 2.98 234.56
-815000.0 1.523729 0.076433 5.63 8.68 223.89
-816000.0 1.523581 0.07713 5.8 14.17 213.5
-817000.0 1.523672 0.077995 5.97 19.5 203.2
-818000.0 1.52373 0.078612 6.13 24.66 193.1
-819000.0 1.523674 0.079361 6.3 29.66 183.2
-820000.0 1.523616 0.080203 6.45 34.55 173.48
-821000.0 1.523655 0.080917 6.6 39.33 163.76
-822000.0 1.523724 0.081706 6.74 44.02 154.35
-823000.0 1.523667 0.082549 6.88 48.65 145.03
-824000.0 1.52363 0.083462 7.0 53.23 135.78
-825000.0 1.523682 0.08414 7.11 57.77 126.72
-826000.0 1.523754 0.084979 7.22 62.27 117.79
-827000.0 1.523678 0.085734 7.32 66.74 109.04
-828000.0 1.523618 0.086303 7.41 71.19 100.26
-829000.0 1.523702 0.086853 7.5 75.6 91.73
-830000.0 1.523799 0.087194 7.58 79.97 83.29
-831000.0 1.523691 0.087535 7.65 84.32 74.89
-832000.0 1.523598 0.087545 7.72 88.6 66.57
-833000.0 1.523663 0.087487 7.78 92.86 58.36
-834000.0 1.523704 0.087403 7.83 97.06 50.14
-835000.0 1.523625 0.087063 7.87 101.22 41.87
-836000.0 1.523593 0.086714 7.89 105.36 33.73
-837000.0 1.52372 0.08641 7.9 109.45 25.55
-838000.0 1.523755 0.086029 7.91 113.52 17.26
-839000.0 1.523638 0.085635 7.89 117.59 9.08
-840000.0 1.523688 0.085387 7.86 121.64 0.9
-841000.0 1.523744 0.085201 7.82 125.71 352.68
-842000.0 1.523712 0.084922 7.76 129.8 344.49
-843000.0 1.523647 0.084714 7.69 133.9 336.38
-844000.0 1.523626 0.084585 7.61 138.05 328.35
-845000.0 1.523651 0.084298 7.52 142.23 320.26
-846000.0 1.523736 0.083969 7.42 146.46 312.22
-847000.0 1.523642 0.08348 7.32 150.74 304.25
-848000.0 1.523637 0.083026 7.2 155.05 296.2
-849000.0 1.523746 0.082233 7.08 159.43 288.11
-850000.0 1.523695 0.081507 6.95 163.85 279.98
-851000.0 1.523655 0.080741 6.82 168.3 271.84
-852000.0 1.523624 0.079696 6.69 172.82 263.42
-853000.0 1.523761 0.078693 6.55 177.38 255.13
-854000.0 1.523751 0.077734 6.41 181.98 246.69
-855000.0 1.5236 0.076743 6.26 186.65 238.05
-856000.0 1.523634 0.07562 6.11 191.37 229.39
-857000.0 1.523784 0.074594 5.96 196.16 220.59
-858000.0 1.523674 0.073642 5.8 201.05 211.73
-859000.0 1.523597 0.072626 5.64 206.02 202.65
-860000.0 1.523626 0.071629 5.48 211.11 193.5
-861000.0 1.523681 0.070694 5.32 216.33 184.19
-862000.0 1.523707 0.069805 5.16 221.68 174.67
-863000.0 1.523654 0.068819 5.01 227.22 165.01
-864000.0 1.523696 0.067954 4.86 232.91 155.21
-865000.0 1.523766 0.067158 4.71 238.77 145.16
-866000.0 1.523713 0.066163 4.58 244.85 134.87
-867000.0 1.523617 0.065222 4.46 251.08 124.53
-868000.0 1.523658 0.064413 4.35 257.48 114.0
-869000.0 1.523735 0.063365 4.26 264.05 103.11
-870000.0 1.523662 0.062243 4.18 270.73 92.21
-871000.0 1.523609 0.061192 4.12 277.51 81.15
-872000.0 1.523639 0.060056 4.07 284.35 69.85
-873000.0 1.523786 0.058848 4.04 291.19 58.45
-874000.0 1.523676 0.05766 4.03 298.03 46.85
-875000.0 1.523621 0.056571 4.04 304.8 35.27
-876000.0 1.523711 0.055427 4.06 311.5 23.44
-877000.0 1.523723 0.054442 4.09 318.12 11.67
-878000.0 1.523627 0.053512 4.13 324.59 359.96
-879000.0 1.523628 0.052827 4.19 330.95 348.06
-880000.0 1.523718 0.051985 4.25 337.18 336.34
-881000.0 1.523738 0.05142 4.33 343.25 324.74
-882000.0 1.523664 0.050971 4.41 349.18 313.24
-883000.0 1.523613 0.050439 4.5 354.96 301.63
-884000.0 1.523676 0.049944 4.6 0.58 290.36
-885000.0 1.523737 0.049592 4.71 6.04 279.14
-886000.0 1.523639 0.049303 4.82 11.35 267.87
-887000.0 1.523619 0.048873 4.93 16.5 256.74
-888000.0 1.523707 0.048672 5.05 21.5 245.63
-889000.0 1.523781 0.048507 5.17 26.35 234.62
-890000.0 1.523648 0.048391 5.29 31.05 223.58
-891000.0 1.523657 0.04844 5.41 35.63 212.66
-892000.0 1.523736 0.048598 5.52 40.08 201.84
-893000.0 1.523713 0.048898 5.64 44.42 190.96
-894000.0 1.523588 0.049207 5.74 48.66 180.19
-895000.0 1.523611 0.049721 5.85 52.82 169.73
-896000.0 1.523747 0.050516 5.94 56.9 159.2
-897000.0 1.523686 0.051248 6.03 60.93 148.63
-898000.0 1.523642 0.052117 6.12 64.9 138.42
-899000.0 1.523659 0.053191 6.2 68.83 128.33
-900000.0 1.523768 0.054411 6.27 72.73 118.26
-901000.0 1.523693 0.055643 6.33 76.6 108.42
-902000.0 1.523646 0.056983 6.39 80.45 98.76
-903000.0 1.523655 0.05845 6.45 84.29 89.2
-904000.0 1.523685 0.059753 6.5 88.1 79.82
-905000.0 1.523707 0.061187 6.54 91.89 70.6
-906000.0 1.523596 0.062585 6.58 95.66 61.5
-907000.0 1.523651 0.063949 6.61 99.41 52.3
-908000.0 1.523785 0.065237 6.64 103.14 43.32
-909000.0 1.523717 0.066491 6.66 106.85 34.35
-910000.0 1.523578 0.067974 6.67 110.55 25.49
-911000.0 1.523677 0.06926 6.68 114.23 16.44
-912000.0 1.523741 0.070657 6.67 117.91 7.64
-913000.0 1.523713 0.072099 6.66 121.58 358.91
-914000.0 1.523628 0.073661 6.64 125.27 350.06
-915000.0 1.523682 0.075138 6.6 128.98 341.45
-916000.0 1.523773 0.076719 6.56 132.72 332.86
-917000.0 1.523619 0.078262 6.51 136.5 324.26
-918000.0 1.52363 0.079633 6.45 140.33 315.74
-919000.0 1.523682 0.081053 6.38 144.21 307.3
-920000.0 1.523695 0.082362 6.31 148.16 298.83
-921000.0 1.523637 0.083605 6.23 152.18 290.24
-922000.0 1.523635 0.084586 6.14 156.27 281.72
-923000.0 1.523691 0.085536 6.06 160.43 273.15
-924000.0 1.523782 0.086478 5.96 164.67 264.51
-925000.0 1.523702 0.087196 5.87 168.97 255.74
-926000.0 1.523625 0.087831 5.77 173.35 246.99
-927000.0 1.523693 0.088485 5.67 177.79 238.2
-928000.0 1.523724 0.088959 5.57 182.31 229.21
-929000.0 1.523618 0.08933 5.46 186.9 220.27
-930000.0 1.523592 0.089709 5.35 191.57 211.27
-931000.0 1.523712 0.090049 5.24 196.35 202.03
-932000.0 1.523733 0.090174 5.13 201.23 192.8
-933000.0 1.523621 0.090394 5.01 206.25 183.45
-934000.0 1.523652 0.090567 4.89 211.44 173.95
-935000.0 1.523778 0.090588 4.77 216.79 164.25
-936000.0 1.523746 0.09066 4.65 222.32 154.47
-937000.0 1.52363 0.090569 4.53 228.09 144.55
-938000.0 1.523637 0.090565 4.43 234.07 134.32
-939000.0 1.523719 0.090275 4.33 240.27 124.05
-940000.0 1.523714 0.089892 4.24 246.69 113.58
-941000.0 1.523635 0.089545 4.17 253.3 102.99
-942000.0 1.523643 0.088856 4.11 260.08 92.14
-943000.0 1.523716 0.088092 4.07 266.98 81.3
-944000.0 1.523664 0.087178 4.05 273.95 70.39
-945000.0 1.523624 0.086192 4.04 280.98 59.27
-946000.0 1.523618 0.08495 4.06 287.99 48.25
-947000.0 1.523742 0.083794 4.08 294.95 37.2
-948000.0 1.523737 0.082611 4.13 301.86 26.11
-949000.0 1.523598 0.081244 4.18 308.67 15.09
-950000.0 1.523696 0.080084 4.25 315.38 4.22
-951000.0 1.523778 0.07887 4.33 321.99 353.42
-952000.0 1.523694 0.077702 4.42 328.46 342.68
-953000.0 1.523624 0.076449 4.53 334.82 332.15
-954000.0 1.523667 0.075221 4.64 341.06 321.85
-955000.0 1.523683 0.07405 4.76 347.13 311.67
-956000.0 1.523643 0.072729 4.89 353.09 301.57
-957000.0 1.52363 0.071319 5.02 358.9 291.8
-958000.0 1.523698 0.069966 5.17 4.54 282.18
-959000.0 1.523795 0.068377 5.32 10.06 272.58
-960000.0 1.523669 0.066816 5.47 15.4 263.27
-961000.0 1.523644 0.065203 5.62 20.6 254.07
-962000.0 1.523662 0.063557 5.78 25.67 244.79
-963000.0 1.523744 0.06171 5.93 30.6 235.79
-964000.0 1.523671 0.059972 6.08 35.41 226.83
-965000.0 1.523604 0.058312 6.23 40.12 217.87
-966000.0 1.523633 0.056477 6.37 44.72 208.88
-967000.0 1.52377 0.054727 6.5 49.26 199.94
-968000.0 1.52366 0.052964 6.63 53.72 191.07
-969000.0 1.523595 0.051346 6.75 58.12 182.02
-970000.0 1.52375 0.049665 6.85 62.48 172.98
-971000.0 1.523706 0.048063 6.95 66.79 163.89
-972000.0 1.523631 0.046645 7.04 71.07 154.8
-973000.0 1.523639 0.045129 7.12 75.33 145.44
-974000.0 1.523735 0.043802 7.2 79.55 136.4
-975000.0 1.523762 0.042582 7.26 83.75 127.17
-976000.0 1.523659 0.041355 7.32 87.93 117.76
-977000.0 1.523628 0.04007 7.36 92.09 108.58
-978000.0 1.523714 0.038933 7.4 96.23 99.37
-979000.0 1.523708 0.037802 7.43 100.34 89.9
-980000.0 1.523625 0.036593 7.44 104.44 80.27
-981000.0 1.523645 0.035461 7.45 108.53 70.67
-982000.0 1.523671 0.03439 7.45 112.6 60.78
-983000.0 1.523733 0.033432 7.43 116.66 50.51
-984000.0 1.523675 0.032532 7.4 120.73 40.02
-985000.0 1.523635 0.031821 7.37 124.78 29.39
-986000.0 1.523776 0.031355 7.32 128.85 18.41
-987000.0 1.523721 0.031028 7.26 132.93 7.26
-988000.0 1.523582 0.030888 7.19 137.03 356.24
-989000.0 1.523609 0.031116 7.1 141.16 345.26
-990000.0 1.523735 0.031335 7.01 145.31 334.0
-991000.0 1.523692 0.031679 6.91 149.5 323.17
-992000.0 1.523627 0.032227 6.8 153.74 312.52
-993000.0 1.523661 0.032927 6.68 158.03 301.64
-994000.0 1.523748 0.033542 6.55 162.38 290.95
-995000.0 1.5237 0.034313 6.42 166.78 280.37
-996000.0 1.523635 0.035193 6.28 171.25 269.88
-997000.0 1.523695 0.036125 6.13 175.8 259.13
-998000.0 1.523716 0.037158 5.99 180.41 248.62
-999000.0 1.523688 0.038194 5.84 185.1 238.07
-1000000.0 1.523619 0.039485 5.68 189.89 227.48
0.0 1.523674 0.093437 1.85 49.54 286.56
-1.0 1.523723 0.093474 1.85 49.54 286.62
-2.0 1.523776 0.09342 1.85 49.54 286.55
-3.0 1.523694 0.093554 1.85 49.54 286.51
-4.0 1.523698 0.093479 1.85 49.55 286.53
-5.0 1.52369 0.093377 1.85 49.56 286.41
-6.0 1.523569 0.093481 1.85 49.56 286.45
-7.0 1.523637 0.093284 1.85 49.56 286.52
-8.0 1.523656 0.093348 1.85 49.56 286.44
-9.0 1.523662 0.093439 1.85 49.57 286.51
-10.0 1.523734 0.093305 1.85 49.57 286.5
-11.0 1.523755 0.093385 1.85 49.58 286.43
-12.0 1.523703 0.093405 1.85 49.58 286.53
-13.0 1.523713 0.093335 1.85 49.58 286.48
-14.0 1.523647 0.09351 1.85 49.58 286.45
-15.0 1.523598 0.093458 1.85 49.58 286.51
-16.0 1.523626 0.093389 1.85 49.59 286.35
-17.0 1.523583 0.093501 1.85 49.59 286.41
-18.0 1.523661 0.093274 1.85 49.6 286.44
-19.0 1.523716 0.093371 1.85 49.6 286.36
-20.0 1.52379 0.093488 1.85 49.6 286.43
-21.0 1.523738 0.093303 1.85 49.6 286.39
-22.0 1.523756 0.093375 1.85 49.61 286.32
-23.0 1.523649 0.093376 1.85 49.61 286.42
-24.0 1.523652 0.093284 1.85 49.61 286.4
-25.0 1.52359 0.093488 1.85 49.61 286.37
-26.0 1.5236 0.093432 1.85 49.61 286.44
-27.0 1.523625 0.093422 1.85 49.62 286.28
-28.0 1.523625 0.093495 1.85 49.62 286.32
-29.0 1.523767 0.093292 1.85 49.63 286.34
-30.0 1.523708 0.093325 1.85 49.63 286.26
-31.0 1.523774 0.093453 1.85 49.63 286.35
-32.0 1.52371 0.093301 1.85 49.63 286.34
-33.0 1.523649 0.093365 1.85 49.63 286.25
-34.0 1.52363 0.09343 1.85 49.64 286.35
-35.0 1.523639 0.093275 1.85 49.64 286.31
-36.0 1.523598 0.093483 1.85 49.65 286.28
-37.0 1.523675 0.09341 1.85 49.65 286.34
-38.0 1.523682 0.093401 1.85 49.65 286.22
-39.0 1.523704 0.093507 1.85 49.65 286.24
-40.0 1.523795 0.093306 1.85 49.66 286.26
-41.0 1.523732 0.093347 1.85 49.67 286.16
-42.0 1.523669 0.093421 1.85 49.67 286.24
-43.0 1.523674 0.093261 1.85 49.67 286.25
-44.0 1.523609 0.093352 1.85 49.67 286.17
-45.0 1.523572 0.093378 1.85 49.67 286.27
-46.0 1.523671 0.093257 1.85 49.68 286.22
-47.0 1.523617 0.093405 1.85 49.68 286.22
-48.0 1.52371 0.093367 1.85 49.68 286.28
-49.0 1.523756 0.093371 1.85 49.68 286.2
-50.0 1.523714 0.093511 1.85 49.68 286.21
-51.0 1.52376 0.093394 1.85 49.69 286.18
-52.0 1.523725 0.093407 1.85 49.7 286.07
-53.0 1.523598 0.093439 1.85 49.7 286.12
-54.0 1.523652 0.093226 1.85 49.7 286.14
-55.0 1.523612 0.093344 1.85 49.7 286.09
-56.0 1.523616 0.093367 1.85 49.7 286.19
-57.0 1.523699 0.093268 1.85 49.71 286.12
-58.0 1.523713 0.093379 1.85 49.71 286.09
-59.0 1.523709 0.093326 1.85 49.72 286.17
-60.0 1.523739 0.093297 1.85 49.72 286.11
-61.0 1.523687 0.093456 1.85 49.72 286.13
-62.0 1.52365 0.09338 1.85 49.72 286.15
-63.0 1.523658 0.093408 1.85 49.72 286.02
-64.0 1.523591 0.093465 1.85 49.73 286.08
-65.0 1.523646 0.093228 1.86 49.74 286.05
-66.0 1.523677 0.093373 1.86 49.74 286.01
-67.0 1.52374 0.0934 1.86 49.74 286.11
-68.0 1.523728 0.093278 1.86 49.74 286.03
-69.0 1.523761 0.093382 1.86 49.74 285.98
-70.0 1.523672 0.093307 1.86 49.75 286.06
-71.0 1.523688 0.093251 1.86 49.75 286.03
-72.0 1.523628 0.093412 1.86 49.75 286.05
-73.0 1.523636 0.093355 1.86 49.75 286.08
-74.0 1.523633 0.093409 1.86 49.76 285.96
-75.0 1.523623 0.093453 1.86 49.76 286.0
-76.0 1.523723 0.093246 1.86 49.77 285.96
-77.0 1.523673 0.093315 1.86 49.77 285.92
-78.0 1.523772 0.093362 1.86 49.77 286.03
-79.0 1.523701 0.093244 1.86 49.77 285.99
-80.0 1.523657 0.093352 1.86 49.77 285.92
-81.0 1.523647 0.093354 1.86 49.78 286.01
-82.0 1.523651 0.093238 1.86 49.78 285.95
-83.0 1.523619 0.09342 1.86 49.79 285.95
-84.0 1.523697 0.093344 1.86 49.79 285.99
-85.0 1.523666 0.09338 1.86 49.79 285.89
-86.0 1.523699 0.093465 1.86 49.79 285.92
-87.0 1.523773 0.09327 1.86 49.8 285.89
-88.0 1.523704 0.093351 1.86 49.8 285.81
-89.0 1.523688 0.093358 1.86 49.81 285.9
-90.0 1.523676 0.093212 1.86 49.81 285.87
-91.0 1.523598 0.093333 1.86 49.81 285.82
-92.0 1.523594 0.093313 1.86 49.81 285.92
-93.0 1.523684 0.093219 1.86 49.82 285.85
-94.0 1.523621 0.093356 1.86 49.82 285.87
-95.0 1.523737 0.093299 1.86 49.82 285.93
-96.0 1.523746 0.093329 1.86 49.82 285.85
-97.0 1.523716 0.093459 1.86 49.82 285.88
-98.0 1.523781 0.093347 1.86 49.82 285.84
-99.0 1.523711 0.093417 1.86 49.83 285.74
-100.0 1.523614 0.093407 1.86 49.84 285.79
-101.0 1.523656 0.093191 1.86 49.84 285.76
-102.0 1.523593 0.093328 1.86 49.84 285.73
-103.0 1.523626 0.093293 1.86 49.84 285.85
-104.0 1.523715 0.093217 1.86 49.85 285.77
-105.0 1.523719 0.093355 1.86 49.85 285.75
-106.0 1.523739 0.093251 1.86 49.86 285.83
-107.0 1.523763 0.093249 1.86 49.86 285.74
-108.0 1.52369 0.093391 1.86 49.86 285.81
-109.0 1.523662 0.093301 1.86 49.86 285.81
-110.0 1.523637 0.093396 1.86 49.86 285.69
-111.0 1.523573 0.093428 1.86 49.86 285.77
-112.0 1.523627 0.093203 1.86 49.87 285.68
-113.0 1.523649 0.093364 1.86 49.88 285.67
-114.0 1.523727 0.093313 1.86 49.87 285.78
-115.0 1.52375 0.093229 1.86 49.88 285.67
-116.0 1.523802 0.093396 1.86 49.88 285.65
-117.0 1.523705 0.093235 1.86 49.89 285.71
-118.0 1.523711 0.093217 1.86 49.89 285.64
-119.0 1.523625 0.093347 1.86 49.89 285.71
-120.0 1.523621 0.093262 1.86 49.89 285.73
-121.0 1.523602 0.093388 1.86 49.89 285.62
-122.0 1.523596 0.093402 1.86 49.9 285.68
-123.0 1.523685 0.093223 1.86 49.91 285.58
-124.0 1.523663 0.093315 1.86 49.91 285.56
-125.0 1.523809 0.093276 1.86 49.91 285.69
-126.0 1.523736 0.093181 1.86 49.91 285.61
-127.0 1.523711 0.093362 1.86 49.91 285.59
-128.0 1.52368 0.093274 1.86 49.91 285.66
-129.0 1.523643 0.093211 1.86 49.92 285.57
-130.0 1.523614 0.09338 1.86 49.93 285.61
-131.0 1.52367 0.093258 1.86 49.93 285.64
-132.0 1.523625 0.09337 1.86 49.93 285.54
-133.0 1.523679 0.093398 1.86 49.93 285.6
-134.0 1.523755 0.093241 1.86 49.94 285.53
-135.0 1.523719 0.09336 1.86 49.94 285.47
-136.0 1.523758 0.093273 1.86 49.94 285.57
-137.0 1.523726 0.093173 1.86 49.95 285.49
-138.0 1.52362 0.093323 1.86 49.95 285.49
-139.0 1.523625 0.093233 1.86 49.95 285.58
-140.0 1.523654 0.093201 1.86 49.95 285.49
-141.0 1.523585 0.093319 1.86 49.96 285.55
-142.0 1.5237 0.093218 1.86 49.96 285.57
-143.0 1.523693 0.093312 1.86 49.96 285.51
-144.0 1.523705 0.093387 1.86 49.96 285.56
-145.0 1.523799 0.093294 1.86 49.96 285.49
-146.0 1.523733 0.093429 1.86 49.97 285.42
-147.0 1.523678 0.093334 1.86 49.97 285.46
-148.0 1.523699 0.093192 1.86 49.98 285.38
-149.0 1.523588 0.093306 1.86 49.98 285.39
-150.0 1.523627 0.093197 1.86 49.98 285.49
-151.0 1.523675 0.093193 1.86 49.98 285.4
-152.0 1.523664 0.093304 1.86 49.99 285.43
-153.0 1.523714 0.093185 1.86 49.99 285.46
-154.0 1.52374 0.09322 1.86 50.0 285.39
-155.0 1.523695 0.093311 1.86 50.0 285.47
-156.0 1.523698 0.093225 1.86 50.0 285.44
-157.0 1.523669 0.093382 1.86 50.0 285.37
-158.0 1.523611 0.093354 1.86 50.0 285.43
-159.0 1.52365 0.093215 1.86 50.01 285.3
-160.0 1.523631 0.093344 1.86 50.01 285.33
-161.0 1.52369 0.093206 1.86 50.01 285.41
-162.0 1.523723 0.093215 1.86 50.02 285.31
-163.0 1.523779 0.093359 1.86 50.02 285.33
-164.0 1.523701 0.09319 1.86 50.02 285.35
-165.0 1.523718 0.093192 1.86 50.03 285.28
-166.0 1.523641 0.093274 1.86 50.03 285.37
-167.0 1.523651 0.093191 1.86 50.03 285.37
-168.0 1.523623 0.093354 1.86 50.03 285.3
-169.0 1.523625 0.093343 1.86 50.03 285.35
-170.0 1.523672 0.093235 1.86 50.04 285.23
-171.0 1.523653 0.093313 1.86 50.05 285.23
-172.0 1.523783 0.093196 1.86 50.05 285.33
-173.0 1.523711 0.093159 1.86 50.05 285.25
-174.0 1.523715 0.093335 1.86 50.05 285.27
-175.0 1.523678 0.093221 1.86 50.05 285.31
-176.0 1.523628 0.09319 1.86 50.06 285.21
-177.0 1.523627 0.093324 1.86 50.06 285.27
-178.0 1.523683 0.093196 1.86 50.07 285.28
-179.0 1.523629 0.093323 1.86 50.07 285.21
-180.0 1.523696 0.093329 1.86 50.07 285.27
-181.0 1.523729 0.093222 1.86 50.07 285.18
-182.0 1.523711 0.093339 1.86 50.08 285.14
-183.0 1.523768 0.093202 1.86 50.08 285.22
-184.0 1.523707 0.093142 1.86 50.09 285.12
-185.0 1.523606 0.093294 1.86 50.09 285.15
-186.0 1.523623 0.093159 1.86 50.09 285.23
-187.0 1.523627 0.093176 1.86 50.09 285.12
-188.0 1.523579 0.093266 1.87 50.09 285.21
-189.0 1.52371 0.09315 1.87 50.1 285.2
-190.0 1.52368 0.093264 1.87 50.1 285.16
-191.0 1.523728 0.093311 1.87 50.1 285.22
-192.0 1.523801 0.093241 1.87 50.1 285.14
-193.0 1.523725 0.093395 1.87 50.1 285.1
-194.0 1.523701 0.093283 1.87 50.11 285.12
-195.0 1.523689 0.093181 1.87 50.12 285.01
-196.0 1.52356 0.0933 1.87 50.12 285.05
-197.0 1.523617 0.093111 1.87 50.12 285.13
-198.0 1.52365 0.093174 1.87 50.12 285.05
-199.0 1.523651 0.093266 1.87 50.13 285.11
-200.0 1.523738 0.093133 1.87 50.13 285.11
-201.0 1.523758 0.093211 1.87 50.14 285.03
-202.0 1.523721 0.093249 1.87 50.14 285.14
-203.0 1.523731 0.093167 1.87 50.14 285.08
-204.0 1.523665 0.093356 1.87 50.14 285.05
-205.0 1.523609 0.093298 1.87 50.14 285.1
-206.0 1.523622 0.093215 1.87 50.15 284.95
-207.0 1.523584 0.093346 1.87 50.15 285.01
-208.0 1.523646 0.093109 1.87 50.15 285.04
-209.0 1.523705 0.0932 1.87 50.16 284.95
-210.0 1.523786 0.093317 1.87 50.16 285.01
-211.0 1.523733 0.093124 1.87 50.16 284.99
-212.0 1.523761 0.09319 1.87 50.17 284.92
-213.0 1.523663 0.093198 1.87 50.17 285.02
-214.0 1.523665 0.093114 1.87 50.17 285.0
-215.0 1.523602 0.093312 1.87 50.17 284.97
-216.0 1.523598 0.093259 1.87 50.17 285.03
-217.0 1.523617 0.093231 1.87 50.18 284.87
-218.0 1.523608 0.093303 1.87 50.18 284.92
-219.0 1.523749 0.093109 1.87 50.19 284.94
-220.0 1.523698 0.093137 1.87 50.19 284.87
-221.0 1.523771 0.09328 1.87 50.19 284.95
-222.0 1.523716 0.093133 1.87 50.19 284.95
-223.0 1.523657 0.093183 1.87 50.19 284.85
-224.0 1.523647 0.093252 1.87 50.2 284.93
-225.0 1.523666 0.09312 1.87 50.2 284.91
-226.0 1.5236 0.093295 1.87 50.21 284.88
-227.0 1.523666 0.093237 1.87 50.21 284.94
-228.0 1.523672 0.093228 1.87 50.21 284.82
-229.0 1.523684 0.09332 1.87 50.21 284.84
-230.0 1.523785 0.093141 1.87 50.22 284.86
-231.0 1.523723 0.093159 1.87 50.22 284.76
-232.0 1.523668 0.093255 1.87 50.22 284.84
-233.0 1.523675 0.093101 1.87 50.22 284.86
-234.0 1.523627 0.093182 1.87 50.23 284.77
-235.0 1.523585 0.093214 1.87 50.23 284.87
-236.0 1.523683 0.0931 1.87 50.24 284.82
-237.0 1.523626 0.093244 1.87 50.24 284.82
-238.0 1.523698 0.093213 1.87 50.24 284.87
-239.0 1.523757 0.093222 1.87 50.24 284.79
-240.0 1.523709 0.093341 1.87 50.24 284.79
-241.0 1.523743 0.093219 1.87 50.25 284.77
-242.0 1.523721 0.093208 1.87 50.26 284.66
-243.0 1.523594 0.093253 1.87 50.26 284.72
-244.0 1.523653 0.093051 1.87 50.26 284.75
-245.0 1.52363 0.093153 1.87 50.26 284.69
-246.0 1.523625 0.093194 1.87 50.26 284.78
-247.0 1.523709 0.093086 1.87 50.27 284.73
-248.0 1.523709 0.093187 1.87 50.27 284.7
-249.0 1.523699 0.093157 1.87 50.27 284.77
-250.0 1.523723 0.093117 1.87 50.27 284.72
-251.0 1.523671 0.093283 1.87 50.27 284.73
-252.0 1.523638 0.093211 1.87 50.27 284.75
-253.0 1.523654 0.093217 1.87 50.28 284.61
-254.0 1.523595 0.093294 1.87 50.29 284.67
-255.0 1.523649 0.09305 1.87 50.29 284.66
-256.0 1.523689 0.093181 1.87 50.29 284.6
-257.0 1.523757 0.09324 1.87 50.29 284.69
-258.0 1.523725 0.093093 1.87 50.3 284.63
-259.0 1.523754 0.093188 1.87 50.3 284.58
-260.0 1.52366 0.093147 1.87 50.31 284.67
-261.0 1.523669 0.093073 1.87 50.31 284.64
-262.0 1.523615 0.093258 1.87 50.31 284.64
-263.0 1.523621 0.093197 1.87 50.31 284.69
-264.0 1.523632 0.093234 1.87 50.31 284.54
-265.0 1.523622 0.093287 1.87 50.32 284.59
-266.0 1.523736 0.093074 1.87 50.33 284.57
-267.0 1.523687 0.093135 1.87 50.33 284.51
-268.0 1.523784 0.093209 1.87 50.33 284.62
-269.0 1.523709 0.093083 1.87 50.33 284.59
-270.0 1.523648 0.093169 1.87 50.33 284.51
-271.0 1.523644 0.0932 1.87 50.34 284.59
-272.0 1.523647 0.093061 1.87 50.34 284.55
-273.0 1.523603 0.093244 1.87 50.35 284.54
-274.0 1.523685 0.093169 1.87 50.35 284.59
-275.0 1.523666 0.093196 1.87 50.35 284.48
-276.0 1.523699 0.093287 1.87 50.35 284.52
-277.0 1.523789 0.093084 1.87 50.36 284.5
-278.0 1.523718 0.093156 1.87 50.36 284.41
-279.0 1.523695 0.093185 1.87 50.36 284.5
-280.0 1.523672 0.093032 1.87 50.36 284.49
-281.0 1.52359 0.093151 1.87 50.36 284.42
-282.0 1.523574 0.093142 1.87 50.37 284.53
-283.0 1.523665 0.093037 1.87 50.37 284.46
-284.0 1.523607 0.09319 1.87 50.38 284.48
-285.0 1.523724 0.093129 1.87 50.38 284.53
-286.0 1.523752 0.093167 1.87 50.38 284.45
-287.0 1.523727 0.093293 1.87 50.38 284.48
-288.0 1.523784 0.093157 1.87 50.38 284.43
-289.0 1.523726 0.093228 1.87 50.39 284.33
-290.0 1.523608 0.093225 1.87 50.39 284.39
-291.0 1.523647 0.093009 1.87 50.4 284.38
-292.0 1.523584 0.093159 1.87 50.4 284.33
-293.0 1.5236 0.093129 1.87 50.4 284.45
-294.0 1.523703 0.093052 1.87 50.4 284.37
-295.0 1.523702 0.093184 1.87 50.41 284.35
-296.0 1.523738 0.093087 1.87 50.41 284.42
-297.0 1.523764 0.093084 1.87 50.41 284.34
-298.0 1.523706 0.09323 1.87 50.41 284.41
-299.0 1.523675 0.093134 1.87 50.41 284.4
-300.0 1.523654 0.09322 1.87 50.42 284.28
-301.0 1.523581 0.09326 1.87 50.42 284.35
-302.0 1.523615 0.093012 1.87 50.43 284.28
-303.0 1.523645 0.09319 1.87 50.43 284.26
-304.0 1.523718 0.093146 1.87 50.43 284.37
-305.0 1.523736 0.093049 1.87 50.44 284.27
-306.0 1.523793 0.093203 1.87 50.44 284.25
-307.0 1.523705 0.093061 1.87 50.45 284.32
-308.0 1.523718 0.093042 1.87 50.45 284.26
-309.0 1.52364 0.093178 1.87 50.45 284.31
-310.0 1.523633 0.093101 1.87 50.45 284.33
-311.0 1.52361 0.093211 1.87 50.45 284.22
-312.0 1.52359 0.093229 1.87 50.45 284.28
-313.0 1.523675 0.093036 1.88 50.46 284.19
-314.0 1.523646 0.093131 1.88 50.47 284.17
-315.0 1.52379 0.093108 1.88 50.47 284.29
-316.0 1.523724 0.093019 1.88 50.47 284.22
-317.0 1.523703 0.093174 1.88 50.47 284.19
-318.0 1.523687 0.093114 1.88 50.47 284.25
-319.0 1.523664 0.09304 1.88 50.48 284.19
-320.0 1.523617 0.093191 1.88 50.48 284.2
-321.0 1.523677 0.093094 1.88 50.48 284.24
-322.0 1.523626 0.09319 1.88 50.48 284.14
-323.0 1.523668 0.09323 1.88 50.48 284.2
-324.0 1.523748 0.093068 1.88 50.49 284.13
-325.0 1.523697 0.093171 1.88 50.5 284.07
-326.0 1.523748 0.093109 1.88 50.5 284.17
-327.0 1.523712 0.093001 1.88 50.5 284.1
-328.0 1.523625 0.093139 1.88 50.5 284.09
-329.0 1.523625 0.093069 1.88 50.5 284.17
-330.0 1.523671 0.093021 1.88 50.51 284.1
-331.0 1.5236 0.093141 1.88 50.51 284.14
-332.0 1.523712 0.093057 1.88 50.52 284.17
-333.0 1.523704 0.093145 1.88 50.52 284.11
-334.0 1.523698 0.093216 1.88 50.52 284.15
-335.0 1.523788 0.093122 1.88 50.52 284.08
-336.0 1.523725 0.093233 1.88 50.53 284.01
-337.0 1.523659 0.093158 1.88 50.53 284.06
-338.0 1.523692 0.093001 1.88 50.54 283.99
-339.0 1.523593 0.093124 1.88 50.54 284.0
-340.0 1.52363 0.093043 1.88 50.54 284.1
-341.0 1.523694 0.093014 1.88 50.54 284.01
-342.0 1.523676 0.093134 1.88 50.55 284.03
-343.0 1.523723 0.093017 1.88 50.55 284.07
-344.0 1.523741 0.093045 1.88 50.55 283.99
-345.0 1.523689 0.093148 1.88 50.55 284.07
-346.0 1.523684 0.093063 1.88 50.55 284.05
-347.0 1.523658 0.093201 1.88 50.55 283.97
-348.0 1.523602 0.093195 1.88 50.56 284.03
-349.0 1.523641 0.093021 1.88 50.57 283.91
-350.0 1.523644 0.093168 1.88 50.57 283.92
-351.0 1.523708 0.09306 1.88 50.57 284.02
-352.0 1.523734 0.093019 1.88 50.57 283.91
-353.0 1.523788 0.093186 1.88 50.58 283.92
-354.0 1.523705 0.093013 1.88 50.58 283.96
-355.0 1.523716 0.093015 1.88 50.58 283.89
-356.0 1.523635 0.093114 1.88 50.59 283.96
-357.0 1.523633 0.093025 1.88 50.59 283.97
-358.0 1.523618 0.09318 1.88 50.59 283.89
-359.0 1.52361 0.093174 1.88 50.59 283.95
-360.0 1.523676 0.09304 1.88 50.6 283.83
-361.0 1.523656 0.093126 1.88 50.6 283.83
-362.0 1.5238 0.093032 1.88 50.61 283.94
-363.0 1.52373 0.092976 1.88 50.6 283.85
-364.0 1.523727 0.093163 1.88 50.6 283.86
-365.0 1.523688 0.093056 1.88 50.61 283.91
-366.0 1.523633 0.093006 1.88 50.61 283.82
-367.0 1.523612 0.093149 1.88 50.62 283.86
-368.0 1.523666 0.093015 1.88 50.62 283.88
-369.0 1.523617 0.09315 1.88 50.62 283.81
-370.0 1.523686 0.093164 1.88 50.62 283.87
-371.0 1.523739 0.093038 1.88 50.63 283.78
-372.0 1.523716 0.093164 1.88 50.63 283.74
-373.0 1.523788 0.09303 1.88 50.64 283.83
-374.0 1.523724 0.092964 1.88 50.64 283.73
-375.0 1.523618 0.093118 1.88 50.64 283.76
-376.0 1.523624 0.092994 1.88 50.64 283.83
-377.0 1.523623 0.092995 1.88 50.64 283.73
-378.0 1.523569 0.093099 1.88 50.65 283.81
-379.0 1.523697 0.092985 1.88 50.65 283.81
-380.0 1.523679 0.093106 1.88 50.65 283.76
-381.0 1.52372 0.093151 1.88 50.65 283.82
-382.0 1.523811 0.093068 1.88 50.66 283.73
-383.0 1.523746 0.093232 1.88 50.66 283.69
-384.0 1.523709 0.093091 1.88 50.67 283.72
-385.0 1.523701 0.092996 1.88 50.67 283.61
-386.0 1.523567 0.093116 1.88 50.67 283.65
-387.0 1.523612 0.092947 1.88 50.67 283.74
-388.0 1.523645 0.093 1.88 50.68 283.64
-389.0 1.523632 0.093087 1.88 50.68 283.71
-390.0 1.523728 0.092959 1.88 50.69 283.7
-391.0 1.523746 0.09303 1.88 50.69 283.63
-392.0 1.523724 0.093079 1.88 50.69 283.74
-393.0 1.523737 0.092995 1.88 50.69 283.68
-394.0 1.523684 0.093185 1.88 50.69 283.65
-395.0 1.523626 0.093125 1.88 50.69 283.7
-396.0 1.523633 0.093028 1.88 50.7 283.55
-397.0 1.523601 0.093167 1.88 50.7 283.6
-398.0 1.523653 0.092949 1.88 50.71 283.65
-399.0 1.523695 0.093013 1.88 50.71 283.55
-400.0 1.523765 0.093132 1.88 50.71 283.6
-401.0 1.523723 0.092951 1.88 50.72 283.6
-402.0 1.52376 0.093011 1.88 50.72 283.53
-403.0 1.523672 0.093031 1.88 50.72 283.63
-404.0 1.523674 0.092956 1.88 50.73 283.61
-405.0 1.523625 0.093142 1.88 50.72 283.58
-406.0 1.523611 0.093098 1.88 50.73 283.63
-407.0 1.52363 0.093049 1.88 50.73 283.48
-408.0 1.523612 0.093121 1.88 50.74 283.52
-409.0 1.523741 0.092947 1.88 50.74 283.56
-410.0 1.523693 0.092964 1.88 50.74 283.49
-411.0 1.523756 0.093121 1.88 50.74 283.55
-412.0 1.523712 0.092983 1.88 50.74 283.55
-413.0 1.523659 0.093004 1.88 50.75 283.46
-414.0 1.523648 0.093077 1.88 50.76 283.52
-415.0 1.52368 0.092956 1.88 50.76 283.51
-416.0 1.523609 0.093108 1.88 50.76 283.48
-417.0 1.523671 0.093072 1.88 50.76 283.53
-418.0 1.523678 0.093042 1.88 50.76 283.42
-419.0 1.523678 0.093133 1.88 50.77 283.43
-420.0 1.523775 0.092968 1.88 50.77 283.46
-421.0 1.523708 0.092961 1.88 50.78 283.37
-422.0 1.523654 0.093078 1.88 50.78 283.43
-423.0 1.523663 0.09293 1.88 50.78 283.46
-424.0 1.523633 0.092988 1.88 50.78 283.38
-425.0 1.523591 0.093039 1.88 50.78 283.47
-426.0 1.523701 0.092933 1.88 50.79 283.44
-427.0 1.523649 0.093068 1.88 50.79 283.43
-428.0 1.523704 0.093059 1.88 50.79 283.47
-429.0 1.523773 0.09305 1.88 50.79 283.39
-430.0 1.523716 0.093178 1.88 50.79 283.38
-431.0 1.523728 0.093041 1.88 50.8 283.37
-432.0 1.523704 0.093003 1.88 50.81 283.26
-433.0 1.523583 0.093081 1.88 50.81 283.32
-434.0 1.523648 0.092887 1.88 50.81 283.37
-435.0 1.523641 0.092976 1.88 50.81 283.3
-436.0 1.523633 0.093034 1.88 50.82 283.38
-437.0 1.523729 0.092918 1.88 50.82 283.35
-438.0 1.523724 0.093011 1.89 50.83 283.3
-439.0 1.523709 0.093007 1.89 50.83 283.39
-440.0 1.523727 0.092951 1.89 50.83 283.33
-441.0 1.523663 0.093129 1.89 50.83 283.32
-442.0 1.523627 0.093061 1.89 50.83 283.36
-443.0 1.523636 0.093032 1.89 50.84 283.21
-444.0 1.523591 0.093136 1.89 50.84 283.27
-445.0 1.523654 0.092882 1.89 50.85 283.27
-446.0 1.523689 0.092987 1.89 50.85 283.19
-447.0 1.523761 0.093066 1.89 50.85 283.28
-448.0 1.52373 0.0929 1.89 50.85 283.24
-449.0 1.523764 0.092997 1.89 50.86 283.18
-450.0 1.523663 0.092969 1.89 50.86 283.27
-451.0 1.523664 0.092892 1.89 50.86 283.25
-452.0 1.523606 0.093089 1.89 50.86 283.24
-453.0 1.5236 0.093024 1.89 50.86 283.29
-454.0 1.523621 0.093042 1.89 50.87 283.14
-455.0 1.523611 0.093102 1.89 50.87 283.19
-456.0 1.523737 0.092889 1.89 50.88 283.18
-457.0 1.523696 0.092946 1.89 50.88 283.12
-458.0 1.523797 0.093056 1.89 50.88 283.23
-459.0 1.523728 0.092915 1.89 50.88 283.2
-460.0 1.52366 0.092993 1.89 50.88 283.11
-461.0 1.523649 0.093031 1.89 50.89 283.19
-462.0 1.523648 0.09289 1.89 50.89 283.15
-463.0 1.523588 0.093077 1.89 50.9 283.14
-464.0 1.523659 0.092994 1.89 50.9 283.2
-465.0 1.523657 0.093029 1.89 50.9 283.09
-466.0 1.523692 0.093117 1.89 50.9 283.11
-467.0 1.523795 0.092917 1.89 50.91 283.11
-468.0 1.523727 0.092977 1.89 50.91 283.01
-469.0 1.523707 0.09303 1.89 50.91 283.11
-470.0 1.523683 0.092872 1.89 50.91 283.1
-471.0 1.523601 0.092984 1.89 50.92 283.02
-472.0 1.523572 0.092986 1.89 50.92 283.14
-473.0 1.523655 0.092871 1.89 50.93 283.06
-474.0 1.523599 0.093038 1.89 50.93 283.09
-475.0 1.5237 0.092965 1.89 50.93 283.13
-476.0 1.523752 0.093011 1.89 50.93 283.04
-477.0 1.523736 0.09313 1.89 50.93 283.07
-478.0 1.523779 0.092965 1.89 50.94 283.02
-479.0 1.523732 0.093024 1.89 50.95 282.92
-480.0 1.523612 0.09303 1.89 50.95 282.99
-481.0 1.523655 0.092826 1.89 50.95 282.99
-482.0 1.523592 0.092967 1.89 50.95 282.94
-483.0 1.52359 0.092953 1.89 50.95 283.05
-484.0 1.523693 0.092873 1.89 50.96 282.97
-485.0 1.523681 0.092993 1.89 50.96 282.96
-486.0 1.523723 0.092918 1.89 50.96 283.03
-487.0 1.523752 0.092907 1.89 50.96 282.95
-488.0 1.523704 0.093063 1.89 50.96 283.01
-489.0 1.52368 0.09297 1.89 50.96 283.01
-490.0 1.523667 0.093043 1.89 50.97 282.88
-491.0 1.523596 0.093091 1.89 50.97 282.95
-492.0 1.523629 0.092836 1.89 50.98 282.89
-493.0 1.523647 0.093003 1.89 50.99 282.85
-494.0 1.523709 0.092977 1.89 50.98 282.96
-495.0 1.523717 0.09288 1.89 50.99 282.88
-496.0 1.523767 0.093005 1.89 50.99 282.85
-497.0 1.523692 0.092906 1.89 51.0 282.93
-498.0 1.523711 0.092875 1.89 51.0 282.87
-499.0 1.523644 0.093025 1.89 51.0 282.92
-500.0 1.523636 0.092955 1.89 51.0 282.94
-501.0 1.523626 0.093041 1.89 51.0 282.81
-502.0 1.5236 0.093067 1.89 51.0 282.87
-503.0 1.523686 0.092861 1.89 51.02 282.8
-504.0 1.523649 0.092952 1.89 51.02 282.78
-505.0 1.523778 0.092953 1.89 51.02 282.89
-506.0 1.523716 0.092865 1.89 51.02 282.83
-507.0 1.523684 0.092984 1.89 51.02 282.78
-508.0 1.523681 0.092953 1.89 51.03 282.84
-509.0 1.523673 0.092864 1.89 51.03 282.79
-510.0 1.523614 0.093003 1.89 51.03 282.8
-511.0 1.523677 0.09292 1.89 51.04 282.84
-512.0 1.523636 0.092999 1.89 51.04 282.75
-513.0 1.523674 0.093055 1.89 51.04 282.79
-514.0 1.523753 0.092881 1.89 51.04 282.74
-515.0 1.523691 0.092971 1.89 51.05 282.67
-516.0 1.52373 0.092944 1.89 51.05 282.77
-517.0 1.523688 0.092821 1.89 51.05 282.72
-518.0 1.523612 0.092955 1.89 51.05 282.69
-519.0 1.523609 0.092907 1.89 51.06 282.78
-520.0 1.52367 0.092837 1.89 51.06 282.71
-521.0 1.523606 0.092977 1.89 51.06 282.75
-522.0 1.523718 0.092899 1.89 51.07 282.78
-523.0 1.523724 0.092981 1.89 51.07 282.71
-524.0 1.523719 0.093065 1.89 51.07 282.75
-525.0 1.523782 0.092941 1.89 51.07 282.68
-526.0 1.523715 0.093036 1.89 51.08 282.6
-527.0 1.523637 0.092994 1.89 51.08 282.66
-528.0 1.523667 0.092813 1.89 51.09 282.61
-529.0 1.523588 0.092956 1.89 51.09 282.6
-530.0 1.523618 0.092893 1.89 51.09 282.71
-531.0 1.523703 0.092842 1.89 51.09 282.62
-532.0 1.52368 0.092971 1.89 51.1 282.62
-533.0 1.52374 0.092854 1.89 51.1 282.68
-534.0 1.523754 0.092874 1.89 51.1 282.59
-535.0 1.523699 0.092991 1.89 51.1 282.67
-536.0 1.523686 0.092901 1.89 51.1 282.66
-537.0 1.523652 0.093022 1.89 51.11 282.56
-538.0 1.523592 0.09304 1.89 51.11 282.63
-539.0 1.523625 0.092822 1.89 51.12 282.52
-540.0 1.523638 0.092987 1.89 51.12 282.51
-541.0 1.523711 0.092897 1.89 51.12 282.62
-542.0 1.523734 0.092825 1.89 51.12 282.52
-543.0 1.52379 0.092997 1.89 51.13 282.52
-544.0 1.523713 0.09283 1.89 51.13 282.57
-545.0 1.523727 0.092835 1.89 51.14 282.5
-546.0 1.523637 0.092948 1.89 51.14 282.57
-547.0 1.523626 0.092861 1.89 51.14 282.59
-548.0 1.523605 0.093006 1.89 51.14 282.48
-549.0 1.523585 0.093008 1.89 51.14 282.55
-550.0 1.523665 0.092845 1.89 51.15 282.44
-551.0 1.523646 0.092945 1.89 51.15 282.43
-552.0 1.523799 0.092867 1.89 51.16 282.55
-553.0 1.52374 0.09281 1.89 51.15 282.46
-554.0 1.523736 0.092993 1.89 51.15 282.46
-555.0 1.523707 0.092893 1.89 51.16 282.5
-556.0 1.523662 0.092846 1.89 51.16 282.43
-557.0 1.523608 0.092972 1.89 51.17 282.47
-558.0 1.523652 0.092847 1.89 51.17 282.49
-559.0 1.523607 0.092988 1.89 51.17 282.41
-560.0 1.523662 0.093 1.89 51.17 282.47
-561.0 1.523738 0.092864 1.89 51.18 282.38
-562.0 1.523709 0.092987 1.89 51.18 282.34
-563.0 1.523796 0.092864 1.89 51.19 282.44
-564.0 1.523729 0.092791 1.9 51.19 282.34
-565.0 1.52364 0.092942 1.9 51.19 282.36
-566.0 1.523635 0.092828 1.9 51.19 282.43
-567.0 1.523636 0.092817 1.9 51.2 282.34
-568.0 1.523573 0.09293 1.9 51.2 282.42
-569.0 1.523686 0.092817 1.9 51.2 282.42
-570.0 1.523675 0.092952 1.9 51.2 282.37
-571.0 1.523711 0.092985 1.9 51.2 282.43
-572.0 1.523801 0.092889 1.9 51.21 282.32
-573.0 1.523749 0.093044 1.9 51.21 282.28
-574.0 1.523705 0.092905 1.9 51.22 282.32
-575.0 1.523706 0.092803 1.9 51.23 282.23
-576.0 1.523582 0.092925 1.9 51.23 282.26
-577.0 1.52362 0.09279 1.9 51.23 282.35
-578.0 1.523654 0.092817 1.9 51.23 282.26
-579.0 1.523626 0.092914 1.9 51.23 282.31
-580.0 1.523715 0.092787 1.9 51.24 282.31
-581.0 1.523729 0.092851 1.9 51.24 282.25
-582.0 1.523715 0.092912 1.9 51.24 282.34
-583.0 1.523729 0.092832 1.9 51.24 282.29
-584.0 1.523688 0.093011 1.9 51.24 282.25
-585.0 1.523637 0.092965 1.9 51.24 282.29
-586.0 1.523645 0.092847 1.9 51.25 282.16
-587.0 1.523625 0.092985 1.9 51.26 282.18
-588.0 1.523675 0.09281 1.9 51.26 282.26
-589.0 1.523699 0.092828 1.9 51.26 282.16
-590.0 1.523753 0.092959 1.9 51.26 282.2
-591.0 1.523713 0.092789 1.9 51.27 282.21
-592.0 1.523743 0.092829 1.9 51.27 282.14
-593.0 1.523668 0.092873 1.9 51.27 282.23
-594.0 1.52367 0.092798 1.9 51.27 282.22
-595.0 1.523637 0.092971 1.9 51.27 282.17
-596.0 1.523616 0.092937 1.9 51.28 282.22
-597.0 1.523652 0.092861 1.9 51.29 282.08
-598.0 1.523627 0.092934 1.9 51.29 282.11
-599.0 1.523752 0.092783 1.9 51.29 282.17
-600.0 1.523704 0.092788 1.9 51.29 282.11
-601.0 1.523741 0.092949 1.9 51.29 282.14
-602.0 1.523707 0.092831 1.9 51.29 282.16
-603.0 1.523663 0.092824 1.9 51.3 282.07
-604.0 1.523636 0.092899 1.9 51.31 282.12
-605.0 1.523678 0.092784 1.9 51.31 282.12
-606.0 1.523614 0.092926 1.9 51.31 282.08
-607.0 1.523675 0.092913 1.9 51.31 282.14
-608.0 1.523699 0.09285 1.9 51.32 282.03
-609.0 1.523689 0.092955 1.9 51.32 282.02
-610.0 1.523783 0.092793 1.9 51.32 282.08
-611.0 1.523705 0.09277 1.9 51.33 281.98
-612.0 1.523641 0.092904 1.9 51.33 282.03
-613.0 1.523645 0.092762 1.9 51.33 282.08
-614.0 1.523626 0.092803 1.9 51.33 281.99
-615.0 1.523586 0.092873 1.9 51.33 282.07
-616.0 1.523701 0.092768 1.9 51.34 282.05
-617.0 1.523665 0.092906 1.9 51.34 282.03
-618.0 1.523718 0.092915 1.9 51.34 282.08
-619.0 1.523791 0.09287 1.9 51.34 281.98
-620.0 1.523736 0.09302 1.9 51.35 281.96
-621.0 1.523725 0.092862 1.9 51.35 281.98
-622.0 1.523694 0.092805 1.9 51.36 281.87
-623.0 1.523571 0.092913 1.9 51.36 281.92
-624.0 1.523628 0.092718 1.9 51.36 281.98
-625.0 1.523639 0.092801 1.9 51.36 281.9
-626.0 1.523629 0.092866 1.9 51.37 281.98
-627.0 1.523736 0.092743 1.9 51.37 281.96
-628.0 1.523731 0.092833 1.9 51.38 281.9
-629.0 1.523729 0.092846 1.9 51.38 282.0
-630.0 1.523745 0.092776 1.9 51.38 281.93
-631.0 1.523675 0.092967 1.9 51.38 281.92
-632.0 1.523634 0.0929 1.9 51.38 281.97
-633.0 1.523623 0.092839 1.9 51.39 281.81
-634.0 1.523592 0.092972 1.9 51.39 281.86
-635.0 1.523655 0.092722 1.9 51.39 281.89
-636.0 1.523683 0.092801 1.9 51.4 281.8
-637.0 1.523756 0.092899 1.9 51.4 281.88
-638.0 1.523736 0.092721 1.9 51.4 281.86
-639.0 1.523774 0.092819 1.9 51.41 281.78
-640.0 1.523681 0.092798 1.9 51.41 281.89
-641.0 1.523677 0.092725 1.9 51.41 281.86
-642.0 1.523613 0.092924 1.9 51.41 281.84
-643.0 1.523593 0.092859 1.9 51.41 281.9
-644.0 1.52361 0.092861 1.9 51.42 281.74
-645.0 1.523594 0.092924 1.9 51.42 281.79
-646.0 1.523724 0.092718 1.9 51.43 281.8
-647.0 1.523695 0.092771 1.9 51.43 281.74
-648.0 1.523793 0.092901 1.9 51.43 281.83
-649.0 1.523739 0.092758 1.9 51.43 281.8
-650.0 1.523685 0.092826 1.9 51.43 281.71
-651.0 1.523655 0.092848 1.9 51.44 281.78
-652.0 1.523661 0.092722 1.9 51.44 281.75
-653.0 1.523585 0.0929 1.9 51.45 281.74
-654.0 1.523642 0.09282 1.9 51.45 281.8
-655.0 1.523647 0.092856 1.9 51.45 281.68
-656.0 1.523671 0.092931 1.9 51.45 281.71
-657.0 1.52379 0.092739 1.9 51.46 281.71
-658.0 1.523724 0.092784 1.9 51.46 281.62
-659.0 1.523709 0.092855 1.9 51.46 281.71
-660.0 1.52369 0.0927 1.9 51.46 281.71
-661.0 1.523625 0.092801 1.9 51.46 281.63
-662.0 1.523587 0.092812 1.9 51.47 281.74
-663.0 1.523665 0.092706 1.9 51.47 281.68
-664.0 1.52361 0.092874 1.9 51.48 281.7
-665.0 1.523682 0.092804 1.9 51.48 281.73
-666.0 1.523749 0.092852 1.9 51.48 281.64
-667.0 1.523733 0.092967 1.9 51.48 281.66
-668.0 1.523768 0.092789 1.9 51.49 281.63
-669.0 1.523731 0.092831 1.9 51.5 281.52
-670.0 1.523614 0.092856 1.9 51.5 281.6
-671.0 1.523663 0.09266 1.9 51.5 281.61
-672.0 1.523611 0.092789 1.9 51.5 281.56
-673.0 1.523601 0.092792 1.9 51.5 281.66
-674.0 1.523697 0.092707 1.9 51.51 281.59
-675.0 1.523673 0.092815 1.9 51.51 281.58
-676.0 1.523707 0.092764 1.9 51.51 281.64
-677.0 1.523735 0.092742 1.9 51.51 281.57
-678.0 1.52369 0.092904 1.9 51.51 281.6
-679.0 1.523674 0.092817 1.9 51.51 281.61
-680.0 1.523661 0.092856 1.9 51.52 281.47
-681.0 1.523606 0.092926 1.9 51.52 281.54
-682.0 1.523655 0.092672 1.9 51.53 281.51
-683.0 1.523655 0.092799 1.9 51.53 281.45
-684.0 1.523714 0.092808 1.9 51.53 281.55
-685.0 1.523713 0.092696 1.9 51.54 281.49
-686.0 1.523752 0.092808 1.9 51.54 281.45
-687.0 1.52368 0.092738 1.9 51.55 281.53
-688.0 1.523693 0.092691 1.9 51.55 281.49
-689.0 1.523639 0.092857 1.9 51.55 281.51
-690.0 1.523628 0.092789 1.9 51.55 281.55
-691.0 1.523632 0.092855 1.9 51.55 281.41
-692.0 1.523606 0.092889 1.9 51.55 281.47
-693.0 1.523703 0.092682 1.91 51.56 281.42
-694.0 1.523667 0.092763 1.91 51.57 281.39
-695.0 1.523783 0.092804 1.91 51.56 281.5
-696.0 1.523721 0.092708 1.91 51.56 281.45
-697.0 1.523675 0.092802 1.91 51.57 281.38
-698.0 1.523666 0.092795 1.91 51.58 281.44
-699.0 1.523664 0.092684 1.91 51.58 281.4
-700.0 1.523602 0.092838 1.91 51.58 281.41
-701.0 1.523669 0.092756 1.91 51.58 281.46
-702.0 1.523642 0.09283 1.91 51.58 281.36
-703.0 1.523679 0.092892 1.91 51.58 281.4
-704.0 1.523768 0.092709 1.91 51.59 281.35
-705.0 1.523703 0.092788 1.91 51.6 281.28
-706.0 1.523728 0.092789 1.91 51.6 281.38
-707.0 1.523678 0.092653 1.91 51.6 281.34
-708.0 1.523599 0.092781 1.91 51.6 281.28
-709.0 1.523587 0.092751 1.91 51.6 281.39
-710.0 1.523656 0.092659 1.91 51.61 281.31
-711.0 1.523602 0.092818 1.91 51.61 281.35
-712.0 1.523706 0.092727 1.91 51.61 281.38
-713.0 1.523737 0.09281 1.91 51.61 281.29
-714.0 1.523744 0.092911 1.91 51.61 281.34
-715.0 1.523787 0.092741 1.91 51.62 281.27
-716.0 1.523723 0.092839 1.91 51.63 281.19
-717.0 1.523631 0.092813 1.91 51.63 281.26
-718.0 1.523655 0.092621 1.91 51.63 281.23
-719.0 1.523579 0.092778 1.91 51.63 281.2
-720.0 1.523594 0.092722 1.91 51.63 281.32
-721.0 1.523697 0.092664 1.91 51.64 281.23
-722.0 1.523671 0.092793 1.91 51.64 281.23
-723.0 1.523742 0.092688 1.91 51.65 281.29
-724.0 1.52376 0.092702 1.91 51.65 281.21
-725.0 1.523714 0.092837 1.91 51.65 281.28
-726.0 1.523701 0.092738 1.91 51.65 281.27
-727.0 1.523657 0.092849 1.91 51.65 281.15
-728.0 1.523594 0.092887 1.91 51.66 281.23
-729.0 1.523621 0.092637 1.91 51.67 281.14
-730.0 1.523621 0.092812 1.91 51.67 281.11
-731.0 1.523691 0.092726 1.91 51.67 281.23
-732.0 1.523723 0.092657 1.91 51.67 281.14
-733.0 1.523781 0.092818 1.91 51.68 281.13
-734.0 1.523718 0.092668 1.91 51.68 281.19
-735.0 1.523736 0.092671 1.91 51.68 281.11
-736.0 1.523653 0.092791 1.91 51.68 281.18
-737.0 1.523634 0.092708 1.91 51.68 281.19
-738.0 1.523608 0.092836 1.91 51.69 281.08
-739.0 1.523574 0.092842 1.91 51.69 281.15
-740.0 1.523653 0.092656 1.91 51.7 281.04
-741.0 1.52363 0.092764 1.91 51.7 281.04
-742.0 1.523784 0.092701 1.91 51.7 281.16
-743.0 1.523737 0.092644 1.91 51.7 281.07
-744.0 1.523731 0.092803 1.91 51.7 281.06
-745.0 1.523714 0.092714 1.91 51.71 281.09
-746.0 1.523687 0.092671 1.91 51.71 281.03
-747.0 1.523613 0.092778 1.91 51.72 281.07
-748.0 1.523655 0.092673 1.91 51.72 281.1
-749.0 1.523603 0.09281 1.91 51.72 281.02
-750.0 1.523647 0.092824 1.91 51.72 281.08
-751.0 1.523726 0.092688 1.91 51.73 280.98
-752.0 1.523689 0.092794 1.91 51.73 280.94
-753.0 1.523786 0.092698 1.91 51.73 281.04
-754.0 1.523721 0.092617 1.91 51.74 280.96
-755.0 1.523645 0.092764 1.91 51.74 280.97
-756.0 1.523638 0.092669 1.91 51.74 281.04
-757.0 1.523654 0.092644 1.91 51.74 280.95
-758.0 1.52359 0.092765 1.91 51.75 281.02
-759.0 1.523685 0.092655 1.91 51.75 281.03
-760.0 1.523682 0.092799 1.91 51.75 280.97
-761.0 1.52371 0.092829 1.91 51.75 281.03
-762.0 1.523783 0.09272 1.91 51.75 280.93
-763.0 1.523732 0.092854 1.91 51.76 280.87
-764.0 1.523694 0.092741 1.91 51.76 280.93
-765.0 1.523702 0.092629 1.91 51.77 280.85
-766.0 1.523595 0.092752 1.91 51.77 280.87
-767.0 1.523625 0.092644 1.91 51.77 280.96
-768.0 1.523677 0.092641 1.91 51.77 280.87
-769.0 1.523635 0.092746 1.91 51.78 280.91
-770.0 1.52372 0.09262 1.91 51.78 280.92
-771.0 1.523722 0.092674 1.91 51.79 280.86
-772.0 1.523703 0.092747 1.91 51.79 280.94
-773.0 1.523715 0.092666 1.91 51.78 280.91
-774.0 1.523679 0.092829 1.91 51.79 280.84
-775.0 1.523632 0.092802 1.91 51.79 280.89
-776.0 1.523648 0.092647 1.91 51.8 280.77
-777.0 1.523628 0.092787 1.91 51.8 280.77
-778.0 1.523689 0.092643 1.91 51.8 280.86
-779.0 1.523707 0.092627 1.91 51.81 280.77
-780.0 1.523756 0.092775 1.91 51.81 280.8
-781.0 1.523709 0.092613 1.91 51.81 280.82
-782.0 1.523734 0.092644 1.91 51.82 280.75
-783.0 1.523656 0.092713 1.91 51.82 280.84
-784.0 1.523652 0.092633 1.91 51.82 280.83
-785.0 1.523632 0.092797 1.91 51.82 280.77
-786.0 1.523606 0.092777 1.91 51.82 280.82
-787.0 1.52366 0.092669 1.91 51.83 280.69
-788.0 1.523636 0.092756 1.91 51.83 280.71
-789.0 1.523771 0.092626 1.91 51.84 280.8
-790.0 1.523726 0.092616 1.91 51.84 280.72
-791.0 1.523743 0.092784 1.91 51.84 280.74
-792.0 1.523715 0.092675 1.91 51.84 280.76
-793.0 1.523669 0.092656 1.91 51.84 280.68
-794.0 1.523621 0.092735 1.91 51.85 280.73
-795.0 1.523659 0.092615 1.91 51.85 280.74
-796.0 1.523612 0.092764 1.91 51.85 280.69
-797.0 1.52367 0.092764 1.91 51.85 280.74
-798.0 1.523716 0.092672 1.91 51.86 280.64
-799.0 1.523698 0.092784 1.91 51.86 280.61
-800.0 1.523805 0.092625 1.91 51.87 280.7
-801.0 1.523718 0.092587 1.91 51.87 280.59
-802.0 1.523647 0.092732 1.91 51.87 280.63
-803.0 1.523638 0.092594 1.91 51.87 280.69
-804.0 1.523616 0.092618 1.91 51.88 280.59
-805.0 1.523574 0.092706 1.91 51.88 280.69
-806.0 1.523686 0.09259 1.91 51.88 280.66
-807.0 1.523665 0.092743 1.91 51.88 280.63
-808.0 1.523726 0.09275 1.91 51.88 280.69
-809.0 1.523793 0.092673 1.91 51.89 280.57
-810.0 1.523749 0.092837 1.91 51.89 280.55
-811.0 1.523733 0.092666 1.91 51.9 280.59
-812.0 1.523701 0.092613 1.91 51.91 280.48
-813.0 1.523572 0.09273 1.91 51.91 280.53
-814.0 1.523616 0.092552 1.91 51.91 280.6
-815.0 1.523633 0.092623 1.91 51.91 280.51
-816.0 1.52361 0.092695 1.91 51.91 280.59
-817.0 1.523729 0.092566 1.91 51.92 280.57
-818.0 1.523726 0.092658 1.91 51.92 280.51
-819.0 1.523738 0.092683 1.92 51.92 280.61
-820.0 1.523759 0.092608 1.92 51.92 280.54
-821.0 1.523698 0.092811 1.92 51.92 280.53
-822.0 1.523657 0.092737 1.92 51.92 280.57
-823.0 1.523632 0.092662 1.92 51.93 280.41
-824.0 1.523599 0.0928 1.92 51.94 280.45
-825.0 1.52365 0.092562 1.92 51.94 280.5
-826.0 1.523674 0.092627 1.92 51.94 280.41
-827.0 1.523736 0.092726 1.92 51.94 280.48
-828.0 1.523733 0.092555 1.92 51.95 280.47
-829.0 1.523777 0.092647 1.92 51.95 280.39
-830.0 1.523694 0.092634 1.92 51.96 280.5
-831.0 1.523692 0.092564 1.92 51.96 280.46
-832.0 1.523636 0.092756 1.92 51.95 280.45
-833.0 1.523603 0.092693 1.92 51.96 280.5
-834.0 1.523616 0.092675 1.92 51.96 280.34
-835.0 1.52359 0.092742 1.92 51.97 280.4
-836.0 1.52371 0.092541 1.92 51.97 280.41
-837.0 1.52369 0.092595 1.92 51.97 280.36
-838.0 1.523776 0.092726 1.92 51.97 280.43
-839.0 1.523741 0.092594 1.92 51.97 280.4
-840.0 1.523704 0.092649 1.92 51.98 280.33
-841.0 1.523657 0.092652 1.92 51.99 280.39
-842.0 1.523673 0.092548 1.92 51.99 280.36
-843.0 1.523598 0.092712 1.92 51.99 280.36
-844.0 1.523646 0.092658 1.92 51.99 280.41
-845.0 1.523651 0.092673 1.92 51.99 280.29
-846.0 1.523659 0.09275 1.92 52.0 280.31
-847.0 1.523781 0.092566 1.92 52.0 280.33
-848.0 1.523709 0.092592 1.92 52.01 280.23
-849.0 1.523701 0.092685 1.92 52.01 280.32
-850.0 1.523686 0.092534 1.92 52.01 280.32
-851.0 1.523634 0.092624 1.92 52.01 280.25
-852.0 1.5236 0.092646 1.92 52.01 280.34
-853.0 1.523682 0.092552 1.92 52.02 280.29
-854.0 1.523632 0.092712 1.92 52.02 280.3
-855.0 1.523693 0.092658 1.92 52.02 280.34
-856.0 1.523748 0.092681 1.92 52.02 280.23
-857.0 1.523723 0.092793 1.92 52.03 280.24
-858.0 1.523755 0.092618 1.92 52.03 280.24
-859.0 1.523714 0.092631 1.92 52.04 280.13
-860.0 1.523608 0.092686 1.92 52.04 280.2
-861.0 1.523663 0.092495 1.92 52.04 280.22
-862.0 1.523626 0.092607 1.92 52.04 280.16
-863.0 1.523613 0.092627 1.92 52.05 280.26
-864.0 1.523715 0.092529 1.92 52.05 280.2
-865.0 1.523684 0.092632 1.92 52.05 280.18
-866.0 1.523713 0.092599 1.92 52.06 280.25
-867.0 1.523735 0.092567 1.92 52.06 280.19
-868.0 1.52368 0.092736 1.92 52.05 280.21
-869.0 1.523669 0.092656 1.92 52.06 280.23
-870.0 1.523647 0.092662 1.92 52.07 280.08
-871.0 1.523608 0.092752 1.92 52.07 280.13
-872.0 1.523667 0.092503 1.92 52.07 280.13
-873.0 1.523661 0.092597 1.92 52.08 280.06
-874.0 1.52372 0.09264 1.92 52.08 280.16
-875.0 1.523724 0.092509 1.92 52.08 280.11
-876.0 1.523761 0.092625 1.92 52.09 280.06
-877.0 1.523681 0.09257 1.92 52.09 280.15
-878.0 1.523685 0.092514 1.92 52.09 280.1
-879.0 1.523628 0.092698 1.92 52.09 280.12
-880.0 1.523609 0.092624 1.92 52.09 280.16
-881.0 1.523624 0.092678 1.92 52.09 280.01
-882.0 1.5236 0.09272 1.92 52.1 280.07
-883.0 1.523705 0.092511 1.92 52.11 280.03
-884.0 1.523682 0.092588 1.92 52.11 280.0
-885.0 1.523794 0.092659 1.92 52.11 280.1
-886.0 1.523741 0.092547 1.92 52.11 280.05
-887.0 1.523697 0.092637 1.92 52.11 279.98
-888.0 1.523657 0.092618 1.92 52.12 280.04
-889.0 1.52365 0.092495 1.92 52.12 280.0
-890.0 1.523588 0.09267 1.92 52.12 280.02
-891.0 1.523645 0.092578 1.92 52.12 280.07
-892.0 1.523639 0.092654 1.92 52.13 279.95
-893.0 1.523675 0.09272 1.92 52.13 279.99
-894.0 1.52378 0.092525 1.92 52.14 279.96
-895.0 1.523716 0.092598 1.92 52.14 279.88
-896.0 1.523745 0.092619 1.92 52.14 279.99
-897.0 1.523691 0.092474 1.92 52.14 279.96
-898.0 1.523607 0.092602 1.92 52.14 279.9
-899.0 1.523584 0.092581 1.92 52.15 280.01
-900.0 1.523642 0.092483 1.92 52.15 279.92
-901.0 1.523596 0.09266 1.92 52.15 279.97
-902.0 1.52369 0.092559 1.92 52.16 280.0
-903.0 1.523734 0.09264 1.92 52.16 279.9
-904.0 1.523748 0.092743 1.92 52.16 279.94
-905.0 1.52379 0.092549 1.92 52.17 279.89
-906.0 1.523733 0.092646 1.92 52.17 279.79
-907.0 1.523637 0.092631 1.92 52.17 279.88
-908.0 1.523662 0.092443 1.92 52.18 279.85
-909.0 1.523578 0.092604 1.92 52.18 279.81
-910.0 1.523579 0.092554 1.92 52.18 279.93
-911.0 1.523682 0.092497 1.92 52.18 279.83
-912.0 1.523648 0.092619 1.92 52.19 279.85
-913.0 1.523731 0.092526 1.92 52.19 279.9
-914.0 1.523754 0.092539 1.92 52.19 279.82
-915.0 1.523717 0.092679 1.92 52.19 279.88
-916.0 1.523716 0.092577 1.92 52.19 279.87
-917.0 1.52367 0.092674 1.92 52.2 279.75
-918.0 1.523611 0.092717 1.92 52.2 279.81
-919.0 1.523641 0.092464 1.92 52.21 279.75
-920.0 1.523614 0.092618 1.92 52.21 279.71
-921.0 1.52367 0.092543 1.92 52.21 279.83
-922.0 1.523709 0.092482 1.92 52.21 279.75
-923.0 1.523758 0.092622 1.92 52.22 279.73
-924.0 1.523715 0.092495 1.92 52.22 279.8
-925.0 1.523737 0.092496 1.92 52.22 279.73
-926.0 1.523666 0.092621 1.92 52.22 279.8
-927.0 1.523645 0.092541 1.92 52.22 279.8
-928.0 1.523625 0.09266 1.92 52.23 279.69
-929.0 1.523583 0.092667 1.92 52.23 279.76
-930.0 1.523653 0.092475 1.92 52.24 279.65
-931.0 1.523628 0.092586 1.92 52.24 279.66
-932.0 1.523764 0.09254 1.92 52.24 279.76
-933.0 1.523729 0.092492 1.92 52.24 279.7
-934.0 1.523727 0.092623 1.92 52.24 279.67
-935.0 1.523701 0.092541 1.92 52.25 279.7
-936.0 1.523687 0.092484 1.92 52.26 279.64
-937.0 1.523615 0.092596 1.92 52.26 279.68
-938.0 1.523658 0.092503 1.92 52.26 279.71
-939.0 1.523611 0.092634 1.92 52.26 279.63
-940.0 1.523647 0.092656 1.92 52.26 279.68
-941.0 1.523721 0.092513 1.92 52.27 279.59
-942.0 1.523675 0.092607 1.92 52.27 279.55
-943.0 1.523768 0.092535 1.92 52.28 279.65
-944.0 1.523699 0.092444 1.92 52.28 279.58
-945.0 1.523638 0.092583 1.92 52.28 279.56
-946.0 1.52363 0.092508 1.92 52.28 279.64
-947.0 1.523658 0.092461 1.92 52.28 279.56
-948.0 1.523605 0.092597 1.93 52.29 279.62
-949.0 1.523692 0.092488 1.93 52.29 279.64
-950.0 1.523698 0.092622 1.93 52.29 279.56
-951.0 1.523726 0.092669 1.93 52.29 279.62
-952.0 1.523774 0.09253 1.93 52.3 279.53
-953.0 1.523715 0.092648 1.93 52.3 279.47
-954.0 1.523678 0.092569 1.93 52.31 279.54
-955.0 1.523685 0.092433 1.93 52.31 279.47
-956.0 1.523592 0.092573 1.93 52.31 279.48
-957.0 1.52362 0.092482 1.93 52.31 279.57
-958.0 1.523688 0.092462 1.93 52.31 279.48
-959.0 1.523642 0.092573 1.93 52.32 279.52
-960.0 1.523733 0.092455 1.93 52.32 279.54
-961.0 1.523732 0.092502 1.93 52.33 279.48
-962.0 1.523704 0.092591 1.93 52.33 279.56
-963.0 1.523715 0.09251 1.93 52.33 279.53
-964.0 1.523663 0.09265 1.93 52.33 279.44
-965.0 1.523623 0.092654 1.93 52.33 279.5
-966.0 1.52365 0.092464 1.93 52.34 279.39
-967.0 1.523616 0.092602 1.93 52.35 279.38
-968.0 1.523681 0.092471 1.93 52.35 279.48
-969.0 1.523713 0.092442 1.93 52.35 279.39
-970.0 1.523757 0.0926 1.93 52.35 279.41
-971.0 1.523719 0.092439 1.93 52.36 279.44
-972.0 1.523739 0.092471 1.93 52.36 279.36
-973.0 1.523655 0.09255 1.93 52.36 279.45
-974.0 1.52364 0.092467 1.93 52.36 279.45
-975.0 1.523618 0.092622 1.93 52.36 279.36
-976.0 1.523582 0.092609 1.93 52.36 279.43
-977.0 1.523653 0.092472 1.93 52.37 279.3
-978.0 1.52363 0.092574 1.93 52.37 279.31
-979.0 1.523772 0.092455 1.93 52.38 279.41
-980.0 1.523743 0.092439 1.93 52.38 279.33
-981.0 1.523761 0.092611 1.93 52.38 279.35
-982.0 1.523725 0.092489 1.93 52.38 279.35
-983.0 1.523685 0.092473 1.93 52.39 279.28
-984.0 1.523612 0.092551 1.93 52.39 279.34
-985.0 1.52364 0.092427 1.93 52.39 279.35
-986.0 1.523597 0.092597 1.93 52.39 279.29
-987.0 1.523649 0.092588 1.93 52.39 279.36
-988.0 1.523711 0.092492 1.93 52.4 279.24
-989.0 1.523695 0.092606 1.93 52.4 279.22
-990.0 1.523817 0.092452 1.93 52.41 279.31
-991.0 1.523729 0.09241 1.93 52.41 279.21
-992.0 1.523665 0.09256 1.93 52.41 279.25
-993.0 1.523648 0.092431 1.93 52.41 279.3
-994.0 1.523621 0.09244 1.93 52.42 279.21
-995.0 1.523577 0.092548 1.93 52.42 279.3
-996.0 1.523664 0.092415 1.93 52.42 279.28
-997.0 1.52366 0.092595 1.93 52.42 279.24
-998.0 1.523728 0.092596 1.93 52.42 279.3
-999.0 1.523784 0.092493 1.93 52.43 279.18
-1000.0 1.523746 0.092657 1.93 52.43 279.16
