0.0 5.20204 0.048933 1.3 100.51 274.18
-1000.0 5.20361 0.046375 1.32 98.75 274.04
-2000.0 5.202875 0.045645 1.35 97.29 272.87
-3000.0 5.202119 0.043937 1.39 96.05 273.74
-4000.0 5.202233 0.041623 1.42 95.1 271.14
-5000.0 5.202545 0.040526 1.47 94.41 271.71
-6000.0 5.202069 0.03692 1.51 93.95 270.89
-7000.0 5.201462 0.036432 1.56 93.69 270.14
-8000.0 5.202684 0.033172 1.6 93.62 271.91
-9000.0 5.202162 0.031789 1.65 93.76 270.52
-10000.0 5.201827 0.030554 1.69 94.07 274.43
-11000.0 5.202724 0.028889 1.74 94.61 274.18
-12000.0 5.204456 0.029235 1.78 95.28 276.01
-13000.0 5.202556 0.027928 1.81 96.13 278.61
-14000.0 5.202451 0.028063 1.85 97.06 278.6
-15000.0 5.203562 0.028676 1.88 98.1 281.91
-16000.0 5.203178 0.028348 1.91 99.21 281.6
-17000.0 5.202224 0.030238 1.93 100.36 281.81
-18000.0 5.202503 0.029874 1.95 101.62 283.99
-19000.0 5.202875 0.031659 1.97 102.91 282.0
-20000.0 5.202001 0.033453 1.98 104.26 284.35
-21000.0 5.202191 0.034239 1.99 105.62 281.47
-22000.0 5.202142 0.037442 1.99 106.96 281.43
-23000.0 5.202202 0.038322 1.99 108.26 279.83
-24000.0 5.201677 0.041529 1.98 109.57 276.36
-25000.0 5.202527 0.042908 1.96 110.85 274.7
-26000.0 5.204453 0.044396 1.95 112.1 270.27
-27000.0 5.202171 0.046903 1.92 113.38 267.91
-28000.0 5.202346 0.04755 1.9 114.56 264.49
-29000.0 5.203365 0.050025 1.87 115.71 260.37
-30000.0 5.203118 0.050591 1.83 116.73 258.04
-31000.0 5.202488 0.05164 1.8 117.64 253.38
-32000.0 5.202238 0.05348 1.76 118.44 251.67
-33000.0 5.203299 0.053542 1.71 119.07 247.73
-34000.0 5.201763 0.056061 1.67 119.61 244.64
-35000.0 5.202415 0.055664 1.62 119.93 242.31
-36000.0 5.202696 0.057596 1.58 120.08 238.4
-37000.0 5.201947 0.058297 1.53 119.95 236.81
-38000.0 5.201796 0.058364 1.49 119.57 233.04
-39000.0 5.202381 0.059425 1.44 118.94 231.54
-40000.0 5.203982 0.058554 1.4 118.05 229.69
-41000.0 5.20187 0.059492 1.36 116.9 227.33
-42000.0 5.2024 0.058987 1.33 115.51 226.78
-43000.0 5.20422 0.058282 1.3 113.91 224.34
-44000.0 5.20229 0.058656 1.27 112.1 224.42
-45000.0 5.202835 0.056856 1.26 110.15 223.43
-46000.0 5.202959 0.057778 1.25 108.04 222.59
-47000.0 5.203093 0.056009 1.25 105.92 222.88
-48000.0 5.202044 0.055767 1.26 103.85 220.9
-49000.0 5.202474 0.055064 1.27 101.88 221.68
-50000.0 5.202935 0.053475 1.29 100.14 219.33
-51000.0 5.201505 0.053268 1.32 98.57 218.56
-52000.0 5.20198 0.050598 1.35 97.25 217.29
-53000.0 5.202474 0.049939 1.39 96.13 215.48
-54000.0 5.202656 0.048279 1.43 95.29 215.08
-55000.0 5.202022 0.045956 1.48 94.64 212.46
-56000.0 5.202171 0.044921 1.52 94.26 211.75
-57000.0 5.204259 0.041627 1.57 94.14 210.5
-58000.0 5.202396 0.041116 1.61 94.24 208.51
-59000.0 5.202697 0.038674 1.66 94.57 209.04
-60000.0 5.203601 0.037123 1.7 95.05 205.51
-61000.0 5.203 0.036039 1.74 95.69 206.55
-62000.0 5.202649 0.033283 1.78 96.43 204.23
-63000.0 5.202837 0.033088 1.82 97.32 203.7
-64000.0 5.20285 0.030168 1.85 98.33 204.04
-65000.0 5.201599 0.029165 1.88 99.44 202.65
-66000.0 5.201543 0.027934 1.9 100.67 206.06
-67000.0 5.202788 0.026733 1.92 101.9 206.02
-68000.0 5.2024 0.027257 1.94 103.19 207.54
-69000.0 5.201552 0.026503 1.95 104.48 211.41
-70000.0 5.202145 0.02745 1.96 105.78 211.15
-71000.0 5.203627 0.02904 1.96 107.08 215.17
-72000.0 5.202507 0.029476 1.96 108.41 213.47
-73000.0 5.202311 0.032465 1.95 109.75 213.64
-74000.0 5.203844 0.032607 1.94 111.09 213.43
-75000.0 5.202759 0.035374 1.92 112.42 210.21
-76000.0 5.202392 0.036639 1.9 113.65 210.61
-77000.0 5.203643 0.037829 1.88 114.85 206.65
-78000.0 5.202777 0.040279 1.85 115.95 206.24
-79000.0 5.201953 0.041051 1.82 116.99 204.05
-80000.0 5.201778 0.043919 1.78 117.95 201.08
-81000.0 5.202815 0.045108 1.74 118.78 199.39
-82000.0 5.202536 0.046433 1.7 119.48 195.62
-83000.0 5.201685 0.049138 1.65 120.01 193.85
-84000.0 5.202662 0.049719 1.61 120.35 190.8
-85000.0 5.203028 0.052548 1.56 120.44 187.54
-86000.0 5.202445 0.052702 1.52 120.35 185.95
-87000.0 5.202502 0.054267 1.47 120.0 182.12
-88000.0 5.203654 0.05537 1.42 119.46 181.49
-89000.0 5.203031 0.05532 1.38 118.66 178.16
-90000.0 5.201991 0.057072 1.34 117.6 177.2
-91000.0 5.20392 0.056233 1.3 116.27 175.92
-92000.0 5.20275 0.057889 1.27 114.65 174.37
-93000.0 5.202042 0.058046 1.25 112.86 174.33
-94000.0 5.202337 0.058181 1.23 110.81 172.51
-95000.0 5.2026 0.058887 1.22 108.74 172.5
-96000.0 5.20248 0.057875 1.22 106.59 171.98
-97000.0 5.201516 0.05896 1.22 104.47 170.47
-98000.0 5.20281 0.058 1.24 102.45 170.47
-99000.0 5.202965 0.057446 1.26 100.54 167.93
-100000.0 5.201758 0.057396 1.29 98.82 168.14
-101000.0 5.202783 0.055469 1.32 97.28 165.87
-102000.0 5.203251 0.055917 1.36 96.05 164.6
-103000.0 5.202744 0.053361 1.4 95.06 163.37
-104000.0 5.202403 0.053143 1.44 94.4 160.72
-105000.0 5.204552 0.051727 1.49 93.99 160.12
-106000.0 5.202846 0.050262 1.53 93.81 156.58
-107000.0 5.201807 0.049749 1.58 93.86 154.73
-108000.0 5.203025 0.047269 1.63 94.08 152.1
-109000.0 5.202906 0.046638 1.67 94.52 148.96
-110000.0 5.202026 0.044898 1.71 95.11 147.66
-111000.0 5.201865 0.042728 1.75 95.91 143.03
-112000.0 5.202347 0.041502 1.78 96.82 141.69
-113000.0 5.202479 0.037964 1.82 97.88 138.83
-114000.0 5.201704 0.037395 1.85 98.98 136.52
-115000.0 5.202653 0.034104 1.88 100.14 136.4
-116000.0 5.202688 0.032766 1.9 101.34 133.39
-117000.0 5.202152 0.031219 1.92 102.58 135.75
-118000.0 5.202751 0.029353 1.93 103.87 133.98
-119000.0 5.20475 0.0295 1.93 105.19 135.03
-120000.0 5.202978 0.027584 1.94 106.57 136.06
-121000.0 5.202201 0.027446 1.94 107.91 135.48
-122000.0 5.202633 0.027192 1.93 109.28 138.65
-123000.0 5.203295 0.026672 1.92 110.59 138.25
-124000.0 5.202329 0.028038 1.9 111.85 139.19
-125000.0 5.202056 0.027337 1.88 113.12 141.95
-126000.0 5.202663 0.028879 1.86 114.31 140.93
-127000.0 5.202117 0.030463 1.83 115.49 144.51
-128000.0 5.201905 0.031182 1.8 116.57 142.27
-129000.0 5.202207 0.034353 1.76 117.55 143.35
-130000.0 5.20299 0.035026 1.72 118.35 142.56
-131000.0 5.201714 0.03839 1.68 119.02 140.08
-132000.0 5.202263 0.039654 1.64 119.51 139.64
-133000.0 5.204795 0.041371 1.59 119.82 136.04
-134000.0 5.202531 0.043683 1.55 120.01 135.31
-135000.0 5.202276 0.044456 1.5 119.96 133.22
-136000.0 5.202778 0.04697 1.45 119.73 130.88
-137000.0 5.203079 0.047703 1.41 119.2 130.1
-138000.0 5.202248 0.048847 1.36 118.43 127.22
-139000.0 5.202069 0.050892 1.32 117.33 127.58
-140000.0 5.203336 0.051139 1.29 115.97 125.67
-141000.0 5.201761 0.053904 1.26 114.39 124.7
-142000.0 5.202219 0.053634 1.23 112.56 124.52
-143000.0 5.202453 0.055771 1.22 110.6 122.67
-144000.0 5.202386 0.056494 1.21 108.47 123.13
-145000.0 5.202164 0.056827 1.21 106.23 121.12
-146000.0 5.202303 0.057962 1.21 103.99 121.27
-147000.0 5.204588 0.057138 1.23 101.83 120.49
-148000.0 5.202085 0.058326 1.25 99.77 119.22
-149000.0 5.202282 0.057953 1.27 97.97 119.05
-150000.0 5.203605 0.05763 1.3 96.42 116.61
-151000.0 5.202637 0.05799 1.34 95.13 116.11
-152000.0 5.202655 0.056426 1.38 94.17 114.06
-153000.0 5.202095 0.057567 1.43 93.42 111.9
-154000.0 5.203157 0.055991 1.47 92.98 110.26
-155000.0 5.202161 0.055935 1.52 92.74 106.34
-156000.0 5.202074 0.055318 1.56 92.77 104.99
-157000.0 5.202855 0.053893 1.61 93.05 100.47
-158000.0 5.201676 0.053838 1.65 93.52 97.63
-159000.0 5.201877 0.051235 1.69 94.21 94.17
-160000.0 5.202392 0.050787 1.73 94.98 90.41
-161000.0 5.20387 0.048989 1.77 95.9 88.19
-162000.0 5.202206 0.04711 1.81 96.87 83.68
-163000.0 5.20188 0.046126 1.84 97.94 81.39
-164000.0 5.204236 0.043099 1.86 99.09 78.3
-165000.0 5.202673 0.042625 1.89 100.3 75.1
-166000.0 5.202637 0.040275 1.9 101.59 74.05
-167000.0 5.203154 0.038826 1.92 102.91 69.29
-168000.0 5.202919 0.037576 1.93 104.25 68.86
-169000.0 5.202241 0.034624 1.93 105.57 65.34
-170000.0 5.202301 0.03433 1.93 106.91 63.97
-171000.0 5.202927 0.031056 1.92 108.23 63.14
-172000.0 5.201536 0.029932 1.91 109.57 60.94
-173000.0 5.201465 0.028186 1.9 110.93 63.75
-174000.0 5.202546 0.026755 1.88 112.2 63.0
-175000.0 5.203149 0.02686 1.85 113.43 65.03
-176000.0 5.202017 0.025602 1.83 114.57 68.34
-177000.0 5.202164 0.026161 1.8 115.6 68.85
-178000.0 5.203576 0.027088 1.76 116.49 73.83
-179000.0 5.202711 0.027345 1.72 117.29 73.08
-180000.0 5.202361 0.029946 1.68 117.96 74.75
-181000.0 5.203353 0.029743 1.64 118.51 75.78
-182000.0 5.203085 0.03232 1.59 118.9 74.31
-183000.0 5.202418 0.033374 1.55 119.08 76.76
-184000.0 5.202797 0.034612 1.5 119.04 74.31
-185000.0 5.20265 0.036997 1.45 118.73 76.22
-186000.0 5.20215 0.037817 1.41 118.21 75.89
-187000.0 5.20161 0.040858 1.37 117.4 75.15
-188000.0 5.202643 0.042093 1.33 116.38 75.52
-189000.0 5.203268 0.043709 1.29 115.07 73.8
-190000.0 5.201687 0.046385 1.26 113.51 74.37
-191000.0 5.202396 0.04711 1.24 111.71 73.5
-192000.0 5.203668 0.050108 1.22 109.63 72.64
-193000.0 5.202735 0.050301 1.21 107.46 73.06
-194000.0 5.202237 0.05201 1.21 105.13 71.24
-195000.0 5.203212 0.053102 1.22 102.9 72.49
-196000.0 5.203253 0.053322 1.23 100.72 70.58
-197000.0 5.201926 0.05529 1.25 98.75 70.62
-198000.0 5.203326 0.054601 1.27 96.97 69.75
-199000.0 5.202777 0.056538 1.31 95.42 68.2
-200000.0 5.201817 0.056859 1.34 94.14 67.7
-201000.0 5.201976 0.057286 1.38 93.1 64.71
-202000.0 5.202728 0.058107 1.43 92.41 63.37
-203000.0 5.202946 0.057276 1.47 91.97 60.94
-204000.0 5.201572 0.058492 1.52 91.83 57.55
-205000.0 5.202615 0.057675 1.56 91.9 55.34
-206000.0 5.203507 0.057391 1.61 92.23 50.56
-207000.0 5.202094 0.057346 1.66 92.68 48.55
-208000.0 5.202917 0.055621 1.7 93.29 44.17
-209000.0 5.203404 0.056314 1.74 94.03 40.99
-210000.0 5.202911 0.053932 1.78 94.88 37.77
-211000.0 5.202249 0.05398 1.82 95.87 33.33
-212000.0 5.203702 0.052572 1.85 96.94 31.13
-213000.0 5.203054 0.051499 1.88 98.11 26.04
-214000.0 5.201829 0.051098 1.9 99.3 22.95
-215000.0 5.202285 0.048747 1.92 100.56 18.83
-216000.0 5.202604 0.048216 1.94 101.83 14.88
-217000.0 5.202362 0.046489 1.94 103.12 12.44
-218000.0 5.201876 0.044485 1.95 104.49 7.18
-219000.0 5.202195 0.043264 1.95 105.84 5.03
-220000.0 5.203145 0.039791 1.94 107.25 1.34
-221000.0 5.20172 0.039287 1.93 108.6 358.62
-222000.0 5.202515 0.035956 1.92 109.93 357.68
-223000.0 5.203551 0.034812 1.9 111.16 354.03
-224000.0 5.202642 0.032961 1.88 112.33 355.71
-225000.0 5.202542 0.030983 1.85 113.44 353.18
-226000.0 5.204087 0.030815 1.82 114.46 354.21
-227000.0 5.203158 0.028493 1.78 115.43 354.3
-228000.0 5.202045 0.028011 1.74 116.24 353.82
-229000.0 5.2023 0.026982 1.7 116.95 357.27
-230000.0 5.203237 0.026109 1.66 117.46 357.54
-231000.0 5.202102 0.026925 1.62 117.8 359.96
-232000.0 5.201771 0.025696 1.57 117.96 4.21
-233000.0 5.202563 0.026965 1.52 117.91 5.25
-234000.0 5.202596 0.02803 1.48 117.69 11.42
-235000.0 5.20193 0.028747 1.43 117.22 11.19
-236000.0 5.202103 0.031687 1.39 116.53 14.91
-237000.0 5.203395 0.032148 1.35 115.51 16.28
-238000.0 5.202016 0.035553 1.32 114.22 16.41
-239000.0 5.202494 0.036724 1.29 112.63 18.55
-240000.0 5.204282 0.038595 1.27 110.79 17.32
-241000.0 5.202627 0.040723 1.25 108.81 19.33
-242000.0 5.202182 0.041517 1.24 106.71 19.52
-243000.0 5.202232 0.04418 1.23 104.54 19.65
-244000.0 5.203165 0.044994 1.24 102.39 20.61
-245000.0 5.202507 0.046368 1.25 100.34 19.22
-246000.0 5.201835 0.048543 1.27 98.34 20.67
-247000.0 5.202923 0.049089 1.3 96.59 19.24
-248000.0 5.202154 0.052003 1.33 95.04 18.34
-249000.0 5.202367 0.051955 1.37 93.79 17.55
-250000.0 5.202319 0.054222 1.4 92.85 14.65
-251000.0 5.203093 0.054978 1.45 92.19 13.81
-252000.0 5.202288 0.055555 1.5 91.8 9.8
-253000.0 5.201968 0.056858 1.54 91.6 8.06
-254000.0 5.204806 0.056085 1.59 91.65 4.85
-255000.0 5.202557 0.057574 1.64 91.84 1.64
-256000.0 5.202072 0.057292 1.69 92.23 359.23
-257000.0 5.2028 0.057416 1.73 92.8 354.76
-258000.0 5.202788 0.057782 1.77 93.5 352.21
-259000.0 5.20252 0.056492 1.81 94.35 348.33
-260000.0 5.201897 0.057819 1.85 95.3 344.41
-261000.0 5.203255 0.056464 1.88 96.34 341.2
-262000.0 5.201999 0.056584 1.91 97.42 335.8
-263000.0 5.201803 0.056103 1.93 98.61 333.29
-264000.0 5.202905 0.054822 1.95 99.85 327.69
-265000.0 5.20221 0.054956 1.97 101.15 324.11
-266000.0 5.20215 0.05247 1.97 102.53 319.74
-267000.0 5.202286 0.052233 1.98 103.89 315.41
-268000.0 5.204531 0.050357 1.98 105.28 312.61
-269000.0 5.202401 0.048906 1.98 106.62 307.63
-270000.0 5.202036 0.048043 1.97 107.94 304.86
-271000.0 5.203744 0.045334 1.95 109.23 301.25
-272000.0 5.202676 0.044885 1.94 110.47 297.87
-273000.0 5.202474 0.042645 1.91 111.67 296.42
-274000.0 5.202579 0.041337 1.89 112.82 291.5
-275000.0 5.202868 0.039944 1.86 113.86 290.72
-276000.0 5.202369 0.036954 1.83 114.78 287.05
-277000.0 5.201939 0.036515 1.79 115.59 285.81
-278000.0 5.202607 0.033072 1.75 116.23 284.85
-279000.0 5.20172 0.031882 1.7 116.79 282.95
-280000.0 5.201719 0.029705 1.66 117.19 285.81
-281000.0 5.202465 0.028096 1.61 117.43 285.4
-282000.0 5.204197 0.027863 1.57 117.48 288.59
-283000.0 5.202295 0.026056 1.52 117.3 291.97
-284000.0 5.201883 0.026298 1.48 116.88 293.94
-285000.0 5.203199 0.026346 1.44 116.13 300.45
-286000.0 5.203216 0.026412 1.4 115.17 301.73
-287000.0 5.202384 0.028426 1.36 113.92 306.16
-288000.0 5.20278 0.027797 1.33 112.47 309.55
-289000.0 5.203106 0.030037 1.31 110.81 311.21
-290000.0 5.202325 0.03082 1.29 108.99 316.74
-291000.0 5.202459 0.031981 1.28 106.98 316.79
-292000.0 5.202744 0.034343 1.28 104.88 321.5
-293000.0 5.202211 0.035092 1.28 102.8 323.14
-294000.0 5.201315 0.038324 1.29 100.71 324.23
-295000.0 5.202556 0.039531 1.31 98.86 325.82
-296000.0 5.204294 0.041487 1.33 97.15 324.49
-297000.0 5.201924 0.043982 1.36 95.73 325.4
-298000.0 5.202272 0.044907 1.4 94.52 324.02
-299000.0 5.203082 0.04787 1.44 93.56 322.41
-300000.0 5.202774 0.048284 1.48 92.85 321.35
-301000.0 5.202373 0.050062 1.53 92.33 317.85
-302000.0 5.202811 0.051239 1.58 92.07 317.31
-303000.0 5.20325 0.051689 1.63 92.0 313.44
-304000.0 5.20183 0.053936 1.67 92.19 311.45
-305000.0 5.202798 0.053366 1.72 92.56 308.43
-306000.0 5.202655 0.055615 1.76 93.09 304.89
-307000.0 5.202159 0.056021 1.81 93.74 302.48
-308000.0 5.201931 0.056786 1.85 94.53 297.61
-309000.0 5.202369 0.05768 1.88 95.43 294.72
-310000.0 5.20365 0.057061 1.91 96.43 290.63
-311000.0 5.201836 0.058396 1.94 97.57 286.15
-312000.0 5.202501 0.057768 1.97 98.76 282.77
-313000.0 5.203831 0.05777 1.99 100.07 277.07
-314000.0 5.202348 0.057741 2.0 101.37 274.19
-315000.0 5.202598 0.056218 2.02 102.72 269.07
-316000.0 5.202846 0.057091 2.02 104.07 265.45
-317000.0 5.203351 0.054955 2.02 105.39 261.57
-318000.0 5.202137 0.055282 2.02 106.74 256.73
-319000.0 5.202808 0.053931 2.01 108.06 254.15
-320000.0 5.203063 0.053175 2.0 109.38 248.79
-321000.0 5.201711 0.052934 1.99 110.62 245.56
-322000.0 5.201994 0.050685 1.97 111.82 241.24
-323000.0 5.202708 0.050307 1.94 112.91 237.42
-324000.0 5.202856 0.048533 1.91 113.92 234.99
-325000.0 5.201673 0.046779 1.88 114.87 230.1
-326000.0 5.202068 0.04557 1.84 115.7 228.26
-327000.0 5.2039 0.042266 1.8 116.47 224.77
-328000.0 5.201953 0.041785 1.75 117.09 222.74
-329000.0 5.20259 0.038565 1.71 117.57 222.1
-330000.0 5.203528 0.037582 1.67 117.84 219.09
-331000.0 5.202739 0.035616 1.62 117.9 220.95
-332000.0 5.202536 0.033528 1.58 117.75 218.97
-333000.0 5.20352 0.033155 1.53 117.36 220.78
-334000.0 5.203188 0.030497 1.49 116.8 221.22
-335000.0 5.20178 0.029783 1.45 115.96 221.75
-336000.0 5.201928 0.028056 1.41 114.89 226.26
-337000.0 5.202942 0.026908 1.38 113.54 227.92
-338000.0 5.202475 0.027099 1.36 111.99 232.5
-339000.0 5.20194 0.025442 1.34 110.17 238.27
-340000.0 5.20215 0.026272 1.32 108.26 241.9
-341000.0 5.203043 0.026702 1.31 106.26 250.5
-342000.0 5.202138 0.027327 1.32 104.28 252.26
-343000.0 5.202053 0.029915 1.32 102.39 258.17
-344000.0 5.203633 0.030087 1.34 100.58 260.62
-345000.0 5.202437 0.033426 1.36 98.94 261.99
-346000.0 5.202278 0.034345 1.39 97.45 264.73
-347000.0 5.203432 0.036391 1.43 96.16 263.22
-348000.0 5.20303 0.038231 1.46 95.1 265.1
-349000.0 5.202259 0.039092 1.51 94.31 264.24
-350000.0 5.201875 0.041829 1.55 93.75 263.37
-351000.0 5.20312 0.04274 1.6 93.45 262.69
-352000.0 5.202672 0.04433 1.64 93.37 259.62
-353000.0 5.201736 0.046634 1.69 93.47 259.19
-354000.0 5.202898 0.04737 1.74 93.77 255.85
-355000.0 5.202867 0.050535 1.78 94.2 253.2
-356000.0 5.202245 0.05058 1.82 94.82 250.48
-357000.0 5.202086 0.053053 1.86 95.58 245.92
-358000.0 5.203722 0.053761 1.9 96.5 243.7
-359000.0 5.202562 0.054632 1.93 97.55 238.16
-360000.0 5.201978 0.056051 1.96 98.65 235.26
-361000.0 5.204196 0.055467 1.99 99.86 230.77
-362000.0 5.202514 0.057116 2.01 101.06 226.81
-363000.0 5.201984 0.056999 2.03 102.31 223.6
-364000.0 5.202471 0.05747 2.05 103.62 218.43
-365000.0 5.2029 0.057935 2.05 104.93 215.29
-366000.0 5.202547 0.056901 2.06 106.25 210.88
-367000.0 5.201691 0.05841 2.06 107.6 206.59
-368000.0 5.203045 0.057246 2.05 108.9 202.99
-369000.0 5.202424 0.057595 2.04 110.15 197.44
-370000.0 5.202092 0.057175 2.03 111.39 194.73
-371000.0 5.202774 0.056057 2.0 112.55 189.26
-372000.0 5.202732 0.056383 1.98 113.7 185.94
-373000.0 5.202459 0.054011 1.95 114.8 181.71
-374000.0 5.20218 0.053989 1.91 115.81 177.73
-375000.0 5.204618 0.05207 1.88 116.75 175.31
-376000.0 5.202809 0.051068 1.84 117.54 170.82
-377000.0 5.201849 0.050303 1.8 118.21 168.63
-378000.0 5.202856 0.047923 1.75 118.71 165.37
-379000.0 5.202902 0.047495 1.71 119.06 162.88
-380000.0 5.202631 0.04538 1.66 119.23 161.94
-381000.0 5.202165 0.044162 1.61 119.22 158.07
-382000.0 5.202718 0.042732 1.57 119.0 158.01
-383000.0 5.202446 0.039709 1.53 118.51 155.43
-384000.0 5.201634 0.039249 1.49 117.75 155.39
-385000.0 5.202679 0.035673 1.45 116.7 155.59
-386000.0 5.20248 0.034613 1.41 115.46 155.01
-387000.0 5.201798 0.032068 1.38 113.95 158.98
-388000.0 5.202176 0.030391 1.36 112.35 159.58
-389000.0 5.204717 0.029816 1.34 110.57 164.42
-390000.0 5.202672 0.02768 1.33 108.71 167.88
-391000.0 5.201911 0.027559 1.33 106.82 171.1
-392000.0 5.202807 0.026878 1.34 104.86 177.95
-393000.0 5.203187 0.026611 1.35 103.03 180.28
-394000.0 5.20229 0.028033 1.37 101.28 185.54
-395000.0 5.202664 0.026893 1.4 99.71 189.28
-396000.0 5.203126 0.028747 1.43 98.37 191.49
-397000.0 5.202347 0.029074 1.46 97.3 197.3
-398000.0 5.202172 0.030165 1.5 96.43 196.78
-399000.0 5.202415 0.032307 1.55 95.79 201.12
-400000.0 5.202599 0.032983 1.59 95.36 201.41
-401000.0 5.201638 0.036268 1.64 95.12 201.51
-402000.0 5.2024 0.037449 1.68 95.14 201.57
-403000.0 5.204511 0.039708 1.73 95.33 198.6
-404000.0 5.202171 0.041992 1.77 95.78 198.04
-405000.0 5.202124 0.043025 1.81 96.35 195.06
-406000.0 5.202447 0.045988 1.86 97.13 192.16
-407000.0 5.203141 0.046524 1.89 97.98 189.56
-408000.0 5.202335 0.048458 1.93 98.93 184.79
-409000.0 5.202159 0.049651 1.96 99.97 183.23
-410000.0 5.203294 0.050393 1.99 101.06 178.33
-411000.0 5.202128 0.052809 2.01 102.24 175.55
-412000.0 5.202549 0.052476 2.03 103.48 171.69
-413000.0 5.202507 0.05495 2.05 104.77 167.46
-414000.0 5.202531 0.055441 2.06 106.04 164.49
-415000.0 5.20178 0.056504 2.06 107.35 159.05
-416000.0 5.202261 0.057531 2.06 108.63 155.88
-417000.0 5.204745 0.057 2.06 109.91 151.25
-418000.0 5.20195 0.058561 2.05 111.22 146.93
-419000.0 5.202103 0.058003 2.03 112.47 143.42
-420000.0 5.203311 0.05837 2.01 113.76 137.96
-421000.0 5.20262 0.058329 1.99 114.96 135.07
-422000.0 5.202553 0.057045 1.96 116.13 130.21
-423000.0 5.202393 0.05807 1.93 117.19 126.95
-424000.0 5.203351 0.056227 1.89 118.14 123.38
-425000.0 5.201841 0.056759 1.85 119.0 118.92
-426000.0 5.202483 0.055556 1.81 119.73 116.91
-427000.0 5.203149 0.054996 1.77 120.36 112.11
-428000.0 5.201786 0.054904 1.72 120.79 109.69
-429000.0 5.201907 0.052758 1.68 121.06 106.11
-430000.0 5.202395 0.052546 1.63 121.08 103.4
-431000.0 5.203605 0.050669 1.59 120.88 101.89
-432000.0 5.202052 0.049259 1.54 120.43 98.55
-433000.0 5.202074 0.048094 1.5 119.75 97.94
-434000.0 5.203814 0.045042 1.45 118.85 95.95
-435000.0 5.202117 0.044565 1.42 117.72 95.53
-436000.0 5.2026 0.041469 1.38 116.4 96.33
-437000.0 5.203044 0.040666 1.36 114.81 94.99
-438000.0 5.203094 0.038633 1.34 113.07 97.85
-439000.0 5.202522 0.036516 1.33 111.16 97.01
-440000.0 5.202609 0.036008 1.32 109.17 99.94
-441000.0 5.203109 0.03314 1.32 107.22 100.76
-442000.0 5.201909 0.032264 1.33 105.33 101.89
-443000.0 5.201808 0.030036 1.35 103.56 106.12
-444000.0 5.202681 0.028678 1.37 101.92 107.56
-445000.0 5.203095 0.028323 1.4 100.5 111.9
-446000.0 5.201878 0.02628 1.43 99.2 116.25
-447000.0 5.20187 0.026729 1.47 98.19 119.16
-448000.0 5.203539 0.026403 1.51 97.37 126.65
-449000.0 5.202384 0.026935 1.56 96.83 127.25
-450000.0 5.201828 0.029041 1.6 96.56 132.39
-451000.0 5.203228 0.028943 1.65 96.53 133.09
-452000.0 5.202775 0.032014 1.69 96.73 133.68
-453000.0 5.202344 0.032621 1.74 97.08 135.21
-454000.0 5.203041 0.034668 1.78 97.61 132.36
-455000.0 5.203097 0.036286 1.82 98.24 133.35
-456000.0 5.202073 0.037117 1.86 99.02 131.33
-457000.0 5.201755 0.039941 1.89 99.92 129.65
-458000.0 5.203153 0.040901 1.93 100.93 127.99
-459000.0 5.203286 0.042792 1.95 102.02 124.03
-460000.0 5.201835 0.045076 1.98 103.19 122.8
-461000.0 5.202539 0.046054 2.0 104.4 118.69
-462000.0 5.2032 0.049321 2.02 105.62 115.6
-463000.0 5.202555 0.049539 2.03 106.89 112.13
-464000.0 5.202142 0.052114 2.03 108.17 107.18
-465000.0 5.203404 0.05282 2.03 109.51 104.65
-466000.0 5.202681 0.053938 2.03 110.88 98.9
-467000.0 5.201929 0.055517 2.02 112.22 95.93
-468000.0 5.203407 0.055086 2.01 113.57 91.19
-469000.0 5.202742 0.056949 1.99 114.83 87.46
-470000.0 5.202216 0.056926 1.97 116.06 84.3
-471000.0 5.201968 0.05778 1.94 117.23 79.34
-472000.0 5.202675 0.058282 1.91 118.33 76.44
-473000.0 5.203121 0.057568 1.88 119.33 72.28
-474000.0 5.201776 0.059141 1.84 120.26 68.49
-475000.0 5.202835 0.058202 1.8 121.04 65.35
-476000.0 5.203137 0.05881 1.76 121.66 60.46
-477000.0 5.202114 0.058396 1.71 122.12 58.49
-478000.0 5.202523 0.057436 1.67 122.35 53.98
-479000.0 5.203469 0.057955 1.62 122.43 51.91
-480000.0 5.202879 0.055682 1.57 122.29 48.77
-481000.0 5.201871 0.055922 1.52 121.96 46.18
-482000.0 5.203769 0.053942 1.48 121.4 45.11
-483000.0 5.203001 0.053337 1.43 120.56 42.34
-484000.0 5.201816 0.052694 1.4 119.49 41.79
-485000.0 5.202509 0.050553 1.36 118.1 40.19
-486000.0 5.202948 0.050211 1.33 116.56 39.53
-487000.0 5.202559 0.048195 1.31 114.8 40.18
-488000.0 5.201914 0.047075 1.29 112.9 38.13
-489000.0 5.202742 0.045656 1.28 110.93 39.48
-490000.0 5.202903 0.042691 1.28 108.93 38.1
-491000.0 5.201641 0.04217 1.29 106.91 39.16
-492000.0 5.202588 0.038601 1.31 104.95 39.86
-493000.0 5.202957 0.03768 1.33 103.15 39.57
-494000.0 5.202131 0.034905 1.36 101.47 42.96
-495000.0 5.202349 0.033203 1.39 100.11 42.8
-496000.0 5.204145 0.032319 1.42 98.97 46.47
-497000.0 5.202841 0.030078 1.46 98.16 47.67
-498000.0 5.201902 0.029717 1.51 97.57 49.03
-499000.0 5.202378 0.028386 1.55 97.23 53.17
-500000.0 5.203289 0.027866 1.6 97.12 53.57
-501000.0 5.202626 0.02862 1.64 97.19 57.01
-502000.0 5.202386 0.027053 1.69 97.47 58.7
-503000.0 5.202687 0.028439 1.73 97.92 59.88
-504000.0 5.202702 0.02825 1.77 98.57 64.45
-505000.0 5.202198 0.029231 1.81 99.35 62.99
-506000.0 5.202204 0.03111 1.85 100.26 66.64
-507000.0 5.203242 0.031569 1.88 101.22 65.76
-508000.0 5.201717 0.034911 1.91 102.27 65.53
-509000.0 5.202018 0.035933 1.94 103.37 64.91
-510000.0 5.204063 0.038514 1.96 104.54 61.39
-511000.0 5.202645 0.040475 1.97 105.8 60.43
-512000.0 5.2019 0.041626 1.98 107.08 56.89
-513000.0 5.201933 0.04455 1.99 108.47 53.94
-514000.0 5.20325 0.04523 1.99 109.81 50.93
-515000.0 5.202408 0.047245 1.99 111.18 46.02
-516000.0 5.202203 0.04857 1.98 112.51 44.4
-517000.0 5.203356 0.049458 1.97 113.81 39.51
-518000.0 5.202205 0.052106 1.96 115.1 36.83
-519000.0 5.202363 0.051924 1.93 116.35 33.02
-520000.0 5.202411 0.054654 1.91 117.57 28.95
-521000.0 5.203223 0.055107 1.88 118.67 26.25
-522000.0 5.201937 0.056541 1.85 119.71 21.09
-523000.0 5.2021 0.057633 1.81 120.58 18.41
-524000.0 5.204687 0.05734 1.77 121.34 14.12
-525000.0 5.202088 0.058943 1.73 121.98 10.75
-526000.0 5.202212 0.058547 1.68 122.46 8.03
-527000.0 5.202703 0.059154 1.63 122.81 3.71
-528000.0 5.20266 0.059172 1.59 122.96 1.82
-529000.0 5.202473 0.058066 1.54 122.93 358.2
-530000.0 5.201977 0.059279 1.49 122.63 356.41
-531000.0 5.203366 0.057652 1.45 122.09 354.27
-532000.0 5.202098 0.058408 1.4 121.28 351.5
-533000.0 5.202359 0.057323 1.36 120.21 351.18
-534000.0 5.20278 0.056958 1.33 118.93 348.32
-535000.0 5.202145 0.056935 1.3 117.4 347.87
-536000.0 5.202183 0.054947 1.27 115.64 346.19
-537000.0 5.202212 0.054841 1.26 113.68 345.48
-538000.0 5.204514 0.052829 1.25 111.61 345.72
-539000.0 5.202235 0.051799 1.25 109.39 344.21
-540000.0 5.2017 0.050677 1.25 107.24 345.03
-541000.0 5.203327 0.047963 1.26 105.12 344.05
-542000.0 5.202587 0.047432 1.28 103.21 344.42
-543000.0 5.202568 0.044489 1.31 101.53 345.22
-544000.0 5.20245 0.043853 1.34 100.07 343.68
-545000.0 5.203181 0.04182 1.38 98.9 345.3
-546000.0 5.20242 0.039657 1.42 97.93 343.21
-547000.0 5.202298 0.039112 1.46 97.24 344.27
-548000.0 5.203256 0.036045 1.51 96.81 343.07
-549000.0 5.201888 0.035156 1.55 96.65 342.02
-550000.0 5.201564 0.03255 1.6 96.74 343.68
-551000.0 5.202517 0.031083 1.64 97.03 342.64
-552000.0 5.204123 0.030307 1.69 97.51 345.03
-553000.0 5.202089 0.028043 1.73 98.11 346.19
-554000.0 5.20175 0.028125 1.77 98.85 347.34
-555000.0 5.202974 0.027212 1.81 99.66 352.28
-556000.0 5.202405 0.027529 1.84 100.6 351.9
-557000.0 5.202067 0.029159 1.87 101.63 355.96
-558000.0 5.202975 0.028773 1.9 102.77 355.56
-559000.0 5.202878 0.031492 1.92 104.01 355.88
-560000.0 5.202381 0.031742 1.94 105.28 357.1
-561000.0 5.202662 0.03374 1.95 106.61 353.9
-562000.0 5.203044 0.035086 1.96 107.91 355.06
-563000.0 5.202502 0.035918 1.96 109.24 352.74
-564000.0 5.201837 0.038715 1.96 110.59 351.43
-565000.0 5.202721 0.039718 1.95 111.95 349.65
-566000.0 5.20406 0.041929 1.94 113.28 345.87
-567000.0 5.202102 0.044072 1.92 114.61 344.68
-568000.0 5.202304 0.045242 1.91 115.87 340.78
-569000.0 5.202953 0.048543 1.88 117.04 338.05
-570000.0 5.202754 0.048924 1.85 118.14 334.75
-571000.0 5.201811 0.05168 1.82 119.12 330.24
-572000.0 5.202732 0.052277 1.78 120.04 328.23
-573000.0 5.203109 0.053671 1.74 120.86 323.18
-574000.0 5.201976 0.055332 1.7 121.58 321.07
-575000.0 5.202777 0.055058 1.65 122.15 317.07
-576000.0 5.202739 0.057084 1.61 122.52 314.5
-577000.0 5.202352 0.057182 1.56 122.71 312.4
-578000.0 5.20186 0.058302 1.51 122.66 308.78
-579000.0 5.202816 0.058947 1.47 122.41 307.26
-580000.0 5.203869 0.058432 1.42 121.88 304.5
-581000.0 5.201631 0.060119 1.38 121.16 302.54
-582000.0 5.202628 0.059285 1.34 120.12 301.17
-583000.0 5.203662 0.060183 1.3 118.8 298.34
-584000.0 5.202332 0.059704 1.27 117.22 298.35
-585000.0 5.202436 0.05891 1.25 115.32 296.05
-586000.0 5.203051 0.059462 1.23 113.26 296.26
-587000.0 5.202889 0.057432 1.22 111.02 295.2
-588000.0 5.201835 0.057836 1.22 108.81 294.5
-589000.0 5.203227 0.055915 1.23 106.57 295.05
-590000.0 5.203034 0.05557 1.24 104.46 293.59
-591000.0 5.201789 0.055059 1.26 102.5 293.92
-592000.0 5.202211 0.053083 1.29 100.69 292.55
-593000.0 5.202735 0.052824 1.32 99.19 291.88
-594000.0 5.203143 0.050836 1.35 97.92 291.68
-595000.0 5.202058 0.04985 1.39 96.93 288.86
-596000.0 5.202374 0.04843 1.44 96.25 288.6
-597000.0 5.203356 0.045596 1.48 95.89 285.46
-598000.0 5.201822 0.045015 1.53 95.74 284.55
-599000.0 5.202545 0.041495 1.57 95.83 283.01
-600000.0 5.203258 0.040737 1.62 96.07 280.52
-601000.0 5.202511 0.037812 1.67 96.47 281.3
-602000.0 5.20208 0.036137 1.71 97.04 278.73
-603000.0 5.203147 0.035026 1.75 97.75 280.24
-604000.0 5.203264 0.032769 1.79 98.63 278.71
-605000.0 5.202026 0.032265 1.82 99.58 278.18
-606000.0 5.202064 0.030485 1.85 100.69 279.8
-607000.0 5.203217 0.029755 1.88 101.83 278.7
-608000.0 5.202876 0.029962 1.9 103.03 280.67
-609000.0 5.20226 0.028084 1.92 104.28 281.06
-610000.0 5.20266 0.029057 1.93 105.56 281.63
-611000.0 5.203269 0.028311 1.94 106.92 285.71
-612000.0 5.201965 0.029227 1.94 108.29 284.04
-613000.0 5.201919 0.030777 1.94 109.7 287.89
-614000.0 5.203629 0.031066 1.94 111.05 286.63
-615000.0 5.201954 0.034335 1.93 112.4 287.06
-616000.0 5.201972 0.03519 1.91 113.65 286.58
-617000.0 5.203164 0.037992 1.89 114.87 283.55
-618000.0 5.202688 0.039646 1.87 116.04 282.9
-619000.0 5.201852 0.040841 1.84 117.13 279.82
-620000.0 5.201985 0.043717 1.81 118.22 277.59
-621000.0 5.203338 0.044462 1.77 119.16 275.2
-622000.0 5.202645 0.04659 1.73 120.03 271.11
-623000.0 5.20221 0.04797 1.69 120.73 270.35
-624000.0 5.203093 0.049038 1.65 121.27 266.42
-625000.0 5.202751 0.05179 1.6 121.64 264.96
-626000.0 5.202701 0.051828 1.56 121.83 262.17
-627000.0 5.202145 0.054681 1.51 121.85 259.43
-628000.0 5.203629 0.055087 1.46 121.6 258.14
-629000.0 5.202164 0.056826 1.42 121.13 254.55
-630000.0 5.201946 0.057977 1.38 120.33 253.64
-631000.0 5.203984 0.057919 1.34 119.22 251.09
-632000.0 5.202442 0.059521 1.31 117.83 250.05
-633000.0 5.202014 0.059169 1.28 116.2 249.45
-634000.0 5.201994 0.060069 1.25 114.29 247.58
-635000.0 5.2029 0.06006 1.23 112.25 247.85
-636000.0 5.202773 0.059182 1.22 110.1 246.43
-637000.0 5.201803 0.060488 1.22 107.84 246.63
-638000.0 5.203296 0.059063 1.22 105.65 246.14
-639000.0 5.202349 0.05998 1.24 103.47 244.77
-640000.0 5.202249 0.058992 1.26 101.49 245.3
-641000.0 5.20276 0.05872 1.28 99.71 242.94
-642000.0 5.203053 0.0588 1.31 98.24 242.61
-643000.0 5.202221 0.056893 1.35 97.03 240.2
-644000.0 5.201841 0.056938 1.39 96.1 238.53
-645000.0 5.204683 0.054779 1.43 95.48 237.15
-646000.0 5.202491 0.054084 1.48 95.03 234.04
-647000.0 5.201676 0.052997 1.53 94.86 232.78
-648000.0 5.202806 0.050558 1.58 94.87 229.64
-649000.0 5.202555 0.049987 1.62 95.09 227.8
-650000.0 5.202501 0.047184 1.67 95.51 226.36
-651000.0 5.202342 0.04664 1.71 96.12 222.63
-652000.0 5.203302 0.04466 1.75 96.88 221.95
-653000.0 5.202487 0.042483 1.79 97.73 217.79
-654000.0 5.202087 0.041898 1.83 98.69 216.87
-655000.0 5.203018 0.03874 1.86 99.72 213.85
-656000.0 5.202268 0.037866 1.88 100.86 211.33
-657000.0 5.201919 0.035002 1.9 102.08 211.2
-658000.0 5.202305 0.033478 1.92 103.37 208.9
-659000.0 5.204439 0.032341 1.94 104.73 210.24
-660000.0 5.202288 0.030033 1.95 106.09 209.72
-661000.0 5.201611 0.029866 1.95 107.45 210.0
-662000.0 5.202363 0.028522 1.95 108.79 213.51
-663000.0 5.202765 0.028695 1.95 110.11 212.89
-664000.0 5.202181 0.029864 1.94 111.38 216.7
-665000.0 5.202447 0.029247 1.92 112.67 215.93
-666000.0 5.203006 0.031595 1.9 113.92 216.84
-667000.0 5.202788 0.031482 1.88 115.13 218.37
-668000.0 5.202493 0.033375 1.85 116.28 215.89
-669000.0 5.202932 0.034502 1.82 117.3 217.92
-670000.0 5.202986 0.035266 1.79 118.24 216.21
-671000.0 5.201715 0.038062 1.75 119.06 216.17
-672000.0 5.202526 0.039022 1.71 119.77 215.28
-673000.0 5.204769 0.041562 1.66 120.34 212.61
-674000.0 5.202236 0.043476 1.62 120.78 212.53
-675000.0 5.201829 0.044795 1.57 121.01 209.76
-676000.0 5.202191 0.047989 1.53 121.01 208.59
-677000.0 5.202903 0.048598 1.48 120.77 206.6
-678000.0 5.20183 0.051407 1.44 120.22 203.81
-679000.0 5.202444 0.052004 1.4 119.42 203.61
-680000.0 5.203104 0.053512 1.36 118.33 200.67
-681000.0 5.201894 0.055298 1.32 117.06 200.7
-682000.0 5.202669 0.05509 1.29 115.49 198.91
-683000.0 5.202825 0.057304 1.27 113.73 198.61
-684000.0 5.202824 0.05738 1.25 111.77 198.69
-685000.0 5.201858 0.058802 1.24 109.62 197.27
-686000.0 5.202508 0.05947 1.23 107.47 197.68
-687000.0 5.204551 0.059221 1.24 105.29 196.43
-688000.0 5.201988 0.060863 1.25 103.24 196.02
-689000.0 5.202547 0.060201 1.27 101.33 195.5
-690000.0 5.203028 0.061218 1.29 99.65 193.23
-691000.0 5.202455 0.060776 1.32 98.19 192.97
-692000.0 5.202311 0.060063 1.36 96.98 190.05
-693000.0 5.202342 0.060643 1.4 95.99 189.32
-694000.0 5.203237 0.058781 1.45 95.25 186.71
-695000.0 5.201854 0.059382 1.5 94.78 184.33
-696000.0 5.202502 0.057448 1.54 94.54 182.83
-697000.0 5.202931 0.057369 1.59 94.58 179.29
-698000.0 5.202203 0.056871 1.64 94.77 177.43
-699000.0 5.202208 0.055089 1.68 95.19 173.74
-700000.0 5.202538 0.054876 1.73 95.74 170.98
-701000.0 5.203933 0.052847 1.77 96.43 168.58
-702000.0 5.201993 0.052024 1.81 97.25 164.05
-703000.0 5.202087 0.05062 1.84 98.18 162.06
-704000.0 5.203818 0.04791 1.87 99.28 157.29
-705000.0 5.202039 0.04727 1.9 100.44 155.11
-706000.0 5.202205 0.043777 1.92 101.7 152.19
-707000.0 5.202724 0.043158 1.94 102.98 148.76
-708000.0 5.202798 0.040185 1.96 104.29 148.12
-709000.0 5.202051 0.038537 1.97 105.59 144.57
-710000.0 5.20272 0.037343 1.98 106.91 145.08
-711000.0 5.203367 0.035054 1.98 108.26 142.54
-712000.0 5.201897 0.034459 1.97 109.58 141.22
-713000.0 5.20202 0.032376 1.96 110.95 141.92
-714000.0 5.203226 0.031478 1.95 112.22 140.35
-715000.0 5.203558 0.031222 1.93 113.46 142.13
-716000.0 5.202299 0.02919 1.91 114.64 142.09
-717000.0 5.20228 0.029836 1.88 115.73 143.02
-718000.0 5.203408 0.028643 1.85 116.78 147.09
-719000.0 5.202156 0.029495 1.82 117.75 146.34
-720000.0 5.201976 0.030747 1.78 118.66 150.88
-721000.0 5.20314 0.030958 1.74 119.42 150.29
-722000.0 5.202019 0.03401 1.7 120.05 152.07
-723000.0 5.201914 0.034688 1.65 120.45 152.75
-724000.0 5.20244 0.037609 1.61 120.66 151.1
-725000.0 5.202981 0.038982 1.56 120.65 151.94
-726000.0 5.202245 0.040228 1.52 120.44 150.28
-727000.0 5.201793 0.042996 1.47 120.0 150.07
-728000.0 5.203086 0.043797 1.43 119.31 149.38
-729000.0 5.203507 0.046048 1.39 118.4 147.5
-730000.0 5.20244 0.047397 1.35 117.19 148.69
-731000.0 5.202857 0.048578 1.32 115.75 146.99
-732000.0 5.203334 0.051414 1.3 114.03 147.89
-733000.0 5.202681 0.051574 1.28 112.15 147.12
-734000.0 5.201801 0.054578 1.26 110.16 146.46
-735000.0 5.203773 0.05487 1.26 108.11 147.03
-736000.0 5.202524 0.056895 1.26 106.08 145.02
-737000.0 5.20166 0.058051 1.27 104.1 145.44
-738000.0 5.203014 0.058214 1.29 102.21 143.51
-739000.0 5.202622 0.059751 1.32 100.46 143.11
-740000.0 5.202095 0.059476 1.35 98.95 142.37
-741000.0 5.201909 0.060506 1.39 97.6 140.09
-742000.0 5.202995 0.060573 1.43 96.58 139.34
-743000.0 5.202934 0.059835 1.47 95.79 136.59
-744000.0 5.201785 0.061236 1.51 95.28 135.06
-745000.0 5.203345 0.059922 1.56 95.03 132.66
-746000.0 5.203006 0.061087 1.61 94.96 129.21
-747000.0 5.202429 0.060067 1.66 95.13 127.49
-748000.0 5.20253 0.059919 1.7 95.44 123.05
-749000.0 5.203495 0.06001 1.74 95.98 120.84
-750000.0 5.202489 0.058228 1.78 96.68 116.38
-751000.0 5.201872 0.058328 1.82 97.52 112.98
-752000.0 5.203824 0.056147 1.86 98.53 109.76
-753000.0 5.202523 0.055632 1.89 99.59 105.36
-754000.0 5.201655 0.05462 1.92 100.73 102.75
-755000.0 5.202345 0.052378 1.95 101.93 98.32
-756000.0 5.202679 0.051819 1.97 103.17 95.48
-757000.0 5.202974 0.04912 1.98 104.44 92.95
-758000.0 5.202161 0.048663 1.99 105.78 88.49
-759000.0 5.202971 0.046694 2.0 107.13 86.88
-760000.0 5.202938 0.044585 2.0 108.49 82.07
-761000.0 5.202196 0.04389 2.0 109.82 80.52
-762000.0 5.202835 0.040695 1.99 111.1 77.08
-763000.0 5.203019 0.039941 1.98 112.38 74.28
-764000.0 5.202038 0.036803 1.96 113.61 73.73
-765000.0 5.201873 0.03529 1.94 114.83 71.18
-766000.0 5.203914 0.033781 1.91 116.02 72.57
-767000.0 5.20271 0.031555 1.88 117.12 71.6
-768000.0 5.201447 0.031241 1.85 118.14 72.1
-769000.0 5.201831 0.029553 1.81 119.03 75.23
-770000.0 5.202854 0.029594 1.77 119.79 75.29
-771000.0 5.202424 0.030384 1.73 120.37 79.55
-772000.0 5.202511 0.029553 1.69 120.82 79.58
-773000.0 5.203157 0.031575 1.64 121.09 81.66
-774000.0 5.203015 0.031113 1.6 121.21 84.54
-775000.0 5.202315 0.03288 1.55 121.1 83.68
-776000.0 5.202881 0.033819 1.51 120.75 87.66
-777000.0 5.203743 0.034478 1.47 120.15 87.47
-778000.0 5.201841 0.03724 1.42 119.25 89.96
-779000.0 5.202291 0.038154 1.39 118.16 91.04
-780000.0 5.203848 0.040915 1.35 116.77 90.89
-781000.0 5.202307 0.042648 1.32 115.27 92.67
-782000.0 5.201871 0.044069 1.3 113.54 92.04
-783000.0 5.201748 0.047178 1.29 111.68 92.94
-784000.0 5.202847 0.047927 1.28 109.71 92.72
-785000.0 5.201933 0.050761 1.29 107.67 91.54
-786000.0 5.202245 0.051348 1.29 105.63 92.71
-787000.0 5.20308 0.052949 1.31 103.66 90.77
-788000.0 5.202428 0.054749 1.33 101.89 91.49
-789000.0 5.202717 0.054688 1.36 100.29 89.74
-790000.0 5.202428 0.057008 1.39 98.99 89.12
-791000.0 5.203525 0.057041 1.43 97.9 88.29
-792000.0 5.202113 0.058752 1.47 97.06 85.67
-793000.0 5.202304 0.059472 1.52 96.47 84.53
-794000.0 5.204662 0.059465 1.56 96.11 81.3
-795000.0 5.202163 0.061053 1.61 96.01 79.12
-796000.0 5.202088 0.060438 1.65 96.13 76.53
-797000.0 5.202294 0.061635 1.7 96.5 72.4
-798000.0 5.202835 0.061153 1.74 97.02 70.03
-799000.0 5.202217 0.060571 1.78 97.73 65.2
-800000.0 5.201834 0.061178 1.82 98.54 62.77
-801000.0 5.203308 0.059482 1.86 99.46 58.47
-802000.0 5.201853 0.060207 1.9 100.46 54.63
-803000.0 5.20246 0.058365 1.93 101.55 51.78
-804000.0 5.203062 0.058404 1.95 102.75 47.04
-805000.0 5.202594 0.057954 1.98 103.96 44.22
-806000.0 5.202072 0.056308 1.99 105.27 39.47
-807000.0 5.202369 0.056175 2.01 106.55 35.99
-808000.0 5.204782 0.054014 2.02 107.86 32.69
-809000.0 5.202165 0.053437 2.02 109.17 27.84
-810000.0 5.201949 0.052029 2.02 110.46 25.32
-811000.0 5.203183 0.049553 2.01 111.81 20.31
-812000.0 5.202015 0.048772 1.99 113.1 17.85
-813000.0 5.202282 0.045343 1.98 114.43 14.79
-814000.0 5.202339 0.044824 1.96 115.69 11.35
-815000.0 5.202906 0.041851 1.93 116.89 10.48
-816000.0 5.201996 0.040223 1.9 117.97 6.87
-817000.0 5.202416 0.039003 1.87 118.99 7.43
-818000.0 5.203323 0.036677 1.84 119.9 4.83
-819000.0 5.202367 0.036035 1.8 120.7 3.87
-820000.0 5.20226 0.033709 1.75 121.42 4.49
-821000.0 5.20279 0.032692 1.71 121.93 3.53
-822000.0 5.204289 0.031973 1.67 122.3 6.04
-823000.0 5.202512 0.029893 1.62 122.43 6.54
-824000.0 5.202009 0.030227 1.58 122.37 8.63
-825000.0 5.203113 0.028688 1.53 122.06 13.74
-826000.0 5.202301 0.02943 1.48 121.54 14.84
-827000.0 5.201637 0.030385 1.44 120.83 21.39
-828000.0 5.202447 0.030541 1.4 119.87 22.37
-829000.0 5.202432 0.033343 1.37 118.71 26.62
-830000.0 5.202032 0.033813 1.34 117.27 29.29
-831000.0 5.202054 0.036751 1.31 115.59 29.87
-832000.0 5.203054 0.037886 1.3 113.72 32.88
-833000.0 5.202595 0.039145 1.29 111.77 33.1
-834000.0 5.201912 0.041785 1.29 109.67 34.96
-835000.0 5.203184 0.042599 1.29 107.66 35.82
-836000.0 5.204442 0.045053 1.3 105.73 35.26
-837000.0 5.202381 0.046295 1.32 103.91 37.19
-838000.0 5.202575 0.04759 1.35 102.31 35.77
-839000.0 5.203306 0.05042 1.38 100.84 36.66
-840000.0 5.20281 0.050766 1.41 99.66 35.13
-841000.0 5.201733 0.053846 1.45 98.7 33.53
-842000.0 5.203049 0.054115 1.49 98.04 32.63
-843000.0 5.202401 0.056272 1.54 97.66 29.13
-844000.0 5.20167 0.057506 1.58 97.54 27.75
-845000.0 5.202663 0.057763 1.63 97.64 23.75
-846000.0 5.202679 0.059353 1.67 97.9 21.5
-847000.0 5.202378 0.059097 1.72 98.35 18.78
-848000.0 5.201814 0.060308 1.76 98.92 14.69
-849000.0 5.202839 0.060392 1.8 99.65 12.19
-850000.0 5.20382 0.059926 1.84 100.49 7.76
-851000.0 5.20213 0.061251 1.88 101.47 4.83
-852000.0 5.203048 0.060143 1.91 102.53 1.09
-853000.0 5.203343 0.061467 1.94 103.66 356.5
-854000.0 5.202622 0.060469 1.96 104.85 353.63
-855000.0 5.202364 0.060393 1.98 106.05 348.28
-856000.0 5.203337 0.060485 1.99 107.33 345.43
-857000.0 5.202829 0.058836 2.0 108.63 340.22
-858000.0 5.201542 0.059089 2.0 109.98 336.37
-859000.0 5.202744 0.056807 2.0 111.37 332.56
-860000.0 5.202829 0.056551 2.0 112.73 328.03
-861000.0 5.20193 0.055504 1.99 114.08 325.16
-862000.0 5.202069 0.053504 1.97 115.4 320.55
-863000.0 5.202657 0.052949 1.95 116.67 317.63
-864000.0 5.203388 0.050377 1.93 117.86 314.98
-865000.0 5.202097 0.049983 1.9 119.04 310.65
-866000.0 5.203041 0.048088 1.87 120.11 309.11
-867000.0 5.203662 0.046036 1.83 121.12 304.35
-868000.0 5.202047 0.04527 1.79 121.99 303.19
-869000.0 5.202503 0.042009 1.75 122.69 300.06
-870000.0 5.203492 0.041405 1.71 123.25 297.96
-871000.0 5.202287 0.038023 1.67 123.61 297.84
-872000.0 5.201722 0.036539 1.62 123.85 296.06
-873000.0 5.202914 0.034693 1.57 123.89 298.35
-874000.0 5.202641 0.032621 1.52 123.75 298.17
-875000.0 5.201425 0.032146 1.48 123.39 299.78
-876000.0 5.201957 0.030242 1.43 122.76 303.87
-877000.0 5.202955 0.030081 1.39 121.89 305.39
-878000.0 5.202864 0.03048 1.36 120.71 311.27
-879000.0 5.202565 0.029459 1.33 119.27 313.0
-880000.0 5.202912 0.031126 1.3 117.61 317.31
-881000.0 5.203589 0.030258 1.28 115.81 322.17
-882000.0 5.202628 0.031944 1.27 113.84 323.74
-883000.0 5.202617 0.032646 1.26 111.83 329.82
-884000.0 5.203921 0.03326 1.26 109.75 331.2
-885000.0 5.201977 0.035923 1.27 107.68 335.58
-886000.0 5.202031 0.036768 1.29 105.75 337.76
-887000.0 5.202818 0.039712 1.31 103.93 338.53
-888000.0 5.202611 0.041246 1.34 102.42 340.34
-889000.0 5.201687 0.042748 1.37 101.14 339.32
-890000.0 5.201309 0.045808 1.41 100.15 339.64
-891000.0 5.202957 0.04663 1.45 99.43 338.18
-892000.0 5.202507 0.049499 1.49 98.97 335.64
-893000.0 5.20229 0.050102 1.54 98.7 335.05
-894000.0 5.203007 0.051749 1.59 98.64 331.34
-895000.0 5.202945 0.053585 1.63 98.79 330.35
-896000.0 5.202674 0.05364 1.68 99.12 326.68
-897000.0 5.202385 0.056111 1.72 99.66 324.26
-898000.0 5.204422 0.056022 1.76 100.33 321.72
-899000.0 5.202109 0.058084 1.8 101.16 317.42
-900000.0 5.201904 0.058831 1.83 102.05 314.88
-901000.0 5.203863 0.059174 1.87 103.07 310.12
-902000.0 5.202381 0.060601 1.89 104.15 306.89
-903000.0 5.202033 0.0601 1.92 105.31 303.18
-904000.0 5.201894 0.061389 1.93 106.59 298.25
-905000.0 5.202769 0.060969 1.95 107.88 295.01
-906000.0 5.202138 0.060439 1.96 109.28 289.53
-907000.0 5.201891 0.061153 1.96 110.66 286.54
-908000.0 5.203442 0.059544 1.96 112.06 281.79
-909000.0 5.202112 0.06046 1.96 113.43 277.59
-910000.0 5.202521 0.058683 1.95 114.79 274.43
-911000.0 5.202794 0.058894 1.94 116.15 269.48
-912000.0 5.203307 0.058401 1.92 117.44 266.65
-913000.0 5.202494 0.057008 1.9 118.75 261.69
-914000.0 5.202188 0.05688 1.87 119.92 258.29
-915000.0 5.204544 0.054724 1.84 121.03 254.89
-916000.0 5.202287 0.05427 1.81 122.01 250.54
-917000.0 5.201788 0.052894 1.77 122.87 248.34
-918000.0 5.202504 0.050626 1.73 123.62 243.86
-919000.0 5.202326 0.049762 1.68 124.23 242.03
-920000.0 5.202322 0.046385 1.64 124.73 239.63
-921000.0 5.201774 0.04601 1.59 125.06 237.12
-922000.0 5.203048 0.043025 1.54 125.2 236.97
-923000.0 5.202404 0.041508 1.5 125.07 234.34
-924000.0 5.202386 0.040228 1.45 124.72 235.93
-925000.0 5.203243 0.037872 1.41 124.09 234.49
-926000.0 5.202926 0.037223 1.36 123.23 234.99
-927000.0 5.202228 0.034631 1.32 122.11 236.85
-928000.0 5.202521 0.033515 1.29 120.73 237.48
-929000.0 5.20487 0.032338 1.26 119.13 241.91
-930000.0 5.202594 0.030244 1.24 117.24 243.86
-931000.0 5.201546 0.030326 1.23 115.22 247.96
-932000.0 5.202398 0.028446 1.22 112.98 254.49
-933000.0 5.202403 0.029035 1.22 110.77 257.74
-934000.0 5.201679 0.029647 1.22 108.58 265.99
-935000.0 5.202193 0.029704 1.24 106.53 268.13
-936000.0 5.202482 0.032229 1.26 104.71 273.52
-937000.0 5.20206 0.032486 1.28 103.12 276.65
-938000.0 5.202107 0.035331 1.32 101.75 277.19
-939000.0 5.203224 0.036288 1.35 100.62 279.91
-940000.0 5.203368 0.037536 1.39 99.78 279.03
-941000.0 5.202119 0.04 1.44 99.11 280.09
-942000.0 5.202866 0.040825 1.48 98.77 279.42
-943000.0 5.204597 0.04342 1.53 98.65 277.55
-944000.0 5.202703 0.044593 1.57 98.77 277.53
-945000.0 5.202452 0.046008 1.62 99.09 274.39
-946000.0 5.202406 0.048771 1.66 99.57 273.5
-947000.0 5.202791 0.049369 1.7 100.21 270.19
-948000.0 5.201635 0.052533 1.74 100.95 266.9
-949000.0 5.202409 0.052782 1.78 101.85 264.45
-950000.0 5.202643 0.055086 1.81 102.86 259.59
-951000.0 5.201918 0.056318 1.83 103.99 257.08
-952000.0 5.2022 0.056694 1.86 105.25 251.83
-953000.0 5.202534 0.058329 1.88 106.53 248.74
-954000.0 5.203171 0.058096 1.89 107.86 245.04
-955000.0 5.201951 0.059495 1.91 109.23 240.34
-956000.0 5.202677 0.059657 1.91 110.6 237.17
-957000.0 5.204632 0.059454 1.92 111.98 232.11
-958000.0 5.202149 0.060774 1.91 113.39 228.84
-959000.0 5.202718 0.059783 1.91 114.77 224.75
-960000.0 5.203285 0.061279 1.89 116.15 219.98
-961000.0 5.202831 0.060295 1.88 117.46 216.83
-962000.0 5.201981 0.060349 1.86 118.69 211.38
-963000.0 5.202498 0.060354 1.83 119.87 208.71
-964000.0 5.202971 0.058927 1.8 120.94 203.64
-965000.0 5.201494 0.059283 1.77 121.97 200.12
-966000.0 5.202412 0.057018 1.73 122.91 196.68
-967000.0 5.202863 0.056929 1.68 123.74 192.72
-968000.0 5.202082 0.055927 1.64 124.42 190.48
-969000.0 5.202048 0.054114 1.6 124.96 186.57
-970000.0 5.202731 0.053644 1.55 125.31 184.51
-971000.0 5.204189 0.051118 1.5 125.42 182.62
-972000.0 5.202211 0.050853 1.45 125.35 179.59
-973000.0 5.202769 0.049 1.41 125.03 179.19
-974000.0 5.203741 0.047088 1.36 124.49 175.8
-975000.0 5.202215 0.046181 1.32 123.66 176.18
-976000.0 5.202527 0.042951 1.28 122.51 174.73
-977000.0 5.20292 0.042374 1.25 121.06 174.63
-978000.0 5.202379 0.03891 1.22 119.26 176.22
-979000.0 5.201562 0.037454 1.2 117.29 176.32
-980000.0 5.20216 0.035373 1.18 115.07 180.7
-981000.0 5.202856 0.033384 1.17 112.85 182.04
-982000.0 5.201888 0.032769 1.17 110.58 185.45
-983000.0 5.201904 0.030656 1.17 108.35 190.39
-984000.0 5.202724 0.030343 1.19 106.24 193.07
-985000.0 5.20374 0.030239 1.21 104.29 199.43
-986000.0 5.202835 0.029105 1.23 102.51 201.33
-987000.0 5.202739 0.030364 1.27 100.99 205.62
-988000.0 5.204017 0.029068 1.3 99.77 210.04
-989000.0 5.202576 0.030609 1.34 98.83 211.04
-990000.0 5.202175 0.031065 1.39 98.22 216.43
-991000.0 5.203686 0.031641 1.43 97.85 216.12
-992000.0 5.202274 0.034154 1.48 97.72 219.47
-993000.0 5.201679 0.034873 1.52 97.77 219.86
-994000.0 5.201971 0.037975 1.57 98.02 219.05
-995000.0 5.202692 0.039329 1.61 98.46 218.99
-996000.0 5.201816 0.040903 1.65 99.07 216.22
-997000.0 5.201552 0.04387 1.69 99.88 214.93
-998000.0 5.203009 0.044753 1.73 100.8 211.97
-999000.0 5.202996 0.047644 1.76 101.89 208.05
-1000000.0 5.202394 0.048258 1.79 103.03 206.18
0.0 5.20204 0.048933 1.3 100.51 274.18
-1.0 5.201817 0.048967 1.3 100.51 274.21
-2.0 5.201741 0.048983 1.3 100.51 274.25
-3.0 5.201988 0.048955 1.3 100.51 274.31
-4.0 5.20247 0.048935 1.3 100.51 274.41
-5.0 5.203618 0.048907 1.3 100.51 274.67
-6.0 5.204423 0.048872 1.3 100.5 274.92
-7.0 5.204195 0.048755 1.3 100.49 275.09
-8.0 5.203084 0.048556 1.3 100.47 275.18
-9.0 5.202653 0.048478 1.3 100.47 275.22
-10.0 5.202347 0.048437 1.3 100.47 275.27
-11.0 5.202476 0.048399 1.3 100.47 275.24
-12.0 5.202567 0.048384 1.3 100.47 275.22
-13.0 5.202786 0.048337 1.3 100.47 275.21
-14.0 5.203006 0.04829 1.3 100.47 275.19
-15.0 5.203109 0.048267 1.3 100.47 275.2
-16.0 5.203296 0.048227 1.3 100.47 275.22
-17.0 5.203168 0.048208 1.3 100.47 275.19
-18.0 5.203215 0.048196 1.3 100.47 275.21
-19.0 5.202873 0.048137 1.3 100.47 275.18
-20.0 5.202828 0.048124 1.3 100.47 275.17
-21.0 5.202546 0.048075 1.3 100.47 275.19
-22.0 5.202736 0.048053 1.3 100.47 275.13
-23.0 5.203027 0.048028 1.3 100.47 275.06
-24.0 5.203863 0.047924 1.3 100.46 274.91
-25.0 5.204679 0.047809 1.3 100.44 274.71
-26.0 5.204536 0.047802 1.3 100.42 274.51
-27.0 5.203588 0.047873 1.3 100.4 274.26
-28.0 5.202619 0.04794 1.3 100.4 274.05
-29.0 5.202344 0.047955 1.3 100.4 273.98
-30.0 5.202147 0.047961 1.3 100.4 273.91
-31.0 5.202484 0.048024 1.3 100.4 273.91
-32.0 5.202581 0.04804 1.3 100.4 273.89
-33.0 5.202976 0.048091 1.3 100.4 273.82
-34.0 5.203035 0.048114 1.3 100.4 273.81
-35.0 5.203219 0.048121 1.3 100.4 273.76
-36.0 5.203171 0.048153 1.3 100.4 273.74
-37.0 5.203104 0.048171 1.3 100.4 273.72
-38.0 5.202978 0.048187 1.3 100.4 273.67
-39.0 5.202699 0.048223 1.3 100.4 273.62
-40.0 5.202588 0.04822 1.3 100.4 273.59
-41.0 5.202291 0.048226 1.3 100.4 273.52
-42.0 5.20241 0.048253 1.3 100.4 273.51
-43.0 5.202459 0.048271 1.3 100.4 273.48
-44.0 5.203165 0.048391 1.3 100.4 273.42
-45.0 5.203708 0.048509 1.3 100.4 273.38
-46.0 5.203771 0.048631 1.3 100.4 273.4
-47.0 5.202942 0.048757 1.3 100.39 273.55
-48.0 5.202364 0.048838 1.3 100.39 273.65
-49.0 5.202062 0.048894 1.3 100.39 273.68
-50.0 5.202008 0.048914 1.3 100.39 273.71
-51.0 5.202229 0.048888 1.3 100.39 273.75
-52.0 5.202372 0.048894 1.3 100.39 273.78
-53.0 5.202753 0.048901 1.3 100.39 273.86
-54.0 5.202817 0.048904 1.3 100.39 273.87
-55.0 5.203063 0.048942 1.3 100.39 273.91
-56.0 5.202879 0.048919 1.3 100.39 273.94
-57.0 5.202829 0.048923 1.3 100.39 273.96
-58.0 5.20245 0.048931 1.3 100.39 274.04
-59.0 5.202228 0.04894 1.3 100.39 274.09
-60.0 5.201907 0.048989 1.3 100.39 274.13
-61.0 5.201744 0.049016 1.3 100.39 274.17
-62.0 5.201765 0.049021 1.3 100.39 274.19
-63.0 5.202004 0.049027 1.3 100.39 274.26
-64.0 5.202823 0.049005 1.3 100.39 274.44
-65.0 5.203824 0.049028 1.3 100.39 274.67
-66.0 5.204454 0.049017 1.3 100.37 274.94
-67.0 5.203538 0.048837 1.3 100.35 275.07
-68.0 5.202836 0.048725 1.3 100.35 275.16
-69.0 5.202315 0.048655 1.3 100.34 275.24
-70.0 5.202351 0.048618 1.3 100.34 275.23
-71.0 5.202367 0.048604 1.3 100.34 275.22
-72.0 5.202611 0.048552 1.3 100.34 275.21
-73.0 5.202791 0.048515 1.3 100.34 275.19
-74.0 5.202966 0.048483 1.3 100.34 275.2
-75.0 5.203132 0.048439 1.3 100.34 275.21
-76.0 5.203105 0.048428 1.3 100.34 275.2
-77.0 5.203161 0.048409 1.3 100.34 275.22
-78.0 5.202912 0.048367 1.3 100.34 275.19
-79.0 5.202846 0.048352 1.3 100.34 275.19
-80.0 5.202512 0.048294 1.3 100.34 275.21
-81.0 5.202563 0.048273 1.3 100.34 275.19
-82.0 5.202617 0.04825 1.3 100.34 275.17
-83.0 5.203278 0.048161 1.3 100.34 275.05
-84.0 5.204139 0.048035 1.3 100.33 274.89
-85.0 5.204836 0.047888 1.3 100.31 274.73
-86.0 5.204265 0.047884 1.3 100.29 274.47
-87.0 5.203149 0.047945 1.3 100.28 274.21
-88.0 5.202483 0.047949 1.3 100.28 274.05
-89.0 5.202115 0.047951 1.3 100.28 273.95
-90.0 5.202284 0.047989 1.3 100.28 273.93
-91.0 5.202374 0.048006 1.3 100.28 273.9
-92.0 5.202792 0.048065 1.3 100.28 273.84
-93.0 5.202873 0.048084 1.3 100.28 273.83
-94.0 5.203145 0.048093 1.3 100.28 273.76
-95.0 5.203082 0.048127 1.3 100.28 273.75
-96.0 5.20314 0.048125 1.3 100.28 273.72
-97.0 5.20299 0.048151 1.3 100.28 273.68
-98.0 5.202847 0.04817 1.3 100.28 273.65
-99.0 5.202682 0.048166 1.3 100.27 273.6
-100.0 5.20243 0.048175 1.3 100.27 273.54
-101.0 5.202406 0.04818 1.3 100.27 273.52
-102.0 5.202323 0.04818 1.3 100.27 273.47
-103.0 5.202811 0.048264 1.3 100.27 273.43
-104.0 5.20333 0.048352 1.3 100.27 273.37
-105.0 5.20395 0.048488 1.3 100.28 273.29
-106.0 5.20335 0.048627 1.3 100.27 273.4
-107.0 5.202705 0.048733 1.3 100.27 273.5
-108.0 5.202121 0.048838 1.3 100.27 273.55
-109.0 5.201996 0.048868 1.3 100.27 273.59
-110.0 5.202045 0.048868 1.3 100.27 273.61
-111.0 5.202224 0.048875 1.3 100.27 273.65
-112.0 5.202568 0.048875 1.3 100.27 273.72
-113.0 5.202718 0.048889 1.3 100.27 273.75
-114.0 5.203018 0.04893 1.3 100.27 273.79
-115.0 5.202891 0.048912 1.3 100.27 273.82
-116.0 5.202932 0.04893 1.3 100.26 273.83
-117.0 5.202543 0.048925 1.3 100.26 273.91
-118.0 5.202396 0.048935 1.3 100.26 273.94
-119.0 5.20199 0.04899 1.3 100.26 274.0
-120.0 5.201837 0.049013 1.3 100.26 274.03
-121.0 5.20166 0.049051 1.3 100.26 274.04
-122.0 5.201739 0.049069 1.3 100.26 274.09
-123.0 5.202194 0.04906 1.3 100.26 274.18
-124.0 5.202999 0.049095 1.3 100.26 274.36
-125.0 5.204124 0.049159 1.3 100.25 274.63
-126.0 5.203911 0.049079 1.3 100.24 274.82
-127.0 5.203154 0.048961 1.3 100.22 274.96
-128.0 5.202359 0.048855 1.3 100.22 275.08
-129.0 5.202263 0.048822 1.3 100.22 275.09
-130.0 5.202133 0.048807 1.3 100.22 275.12
-131.0 5.20238 0.048755 1.3 100.22 275.09
-132.0 5.202503 0.048729 1.3 100.22 275.08
-133.0 5.202756 0.048681 1.3 100.22 275.1
-134.0 5.202931 0.048638 1.3 100.22 275.1
-135.0 5.202991 0.048624 1.3 100.22 275.11
-136.0 5.203067 0.048597 1.3 100.22 275.13
-137.0 5.202864 0.048565 1.3 100.22 275.1
-138.0 5.20281 0.04855 1.3 100.22 275.12
-139.0 5.202455 0.048486 1.3 100.22 275.13
-140.0 5.202442 0.048471 1.3 100.22 275.11
-141.0 5.202326 0.048441 1.3 100.22 275.13
-142.0 5.202782 0.048379 1.3 100.21 275.04
-143.0 5.203427 0.048281 1.3 100.21 274.94
-144.0 5.204496 0.048078 1.3 100.19 274.81
-145.0 5.204722 0.047953 1.3 100.17 274.61
-146.0 5.203795 0.04796 1.3 100.16 274.34
-147.0 5.202808 0.047952 1.3 100.16 274.1
-148.0 5.202198 0.047947 1.3 100.16 273.95
-149.0 5.202159 0.047955 1.3 100.16 273.92
-150.0 5.202168 0.047961 1.3 100.16 273.87
-151.0 5.20253 0.048017 1.3 100.16 273.83
-152.0 5.202646 0.048027 1.3 100.16 273.8
-153.0 5.202975 0.048045 1.3 100.16 273.72
-154.0 5.202976 0.048067 1.3 100.16 273.71
-155.0 5.203117 0.048057 1.3 100.16 273.66
-156.0 5.202992 0.048083 1.3 100.16 273.62
-157.0 5.202919 0.048091 1.3 100.16 273.6
-158.0 5.202726 0.048092 1.3 100.16 273.54
-159.0 5.202514 0.048105 1.3 100.16 273.49
-160.0 5.202403 0.048095 1.3 100.16 273.46
-161.0 5.20228 0.048095 1.3 100.16 273.41
-162.0 5.202549 0.048143 1.3 100.16 273.39
-163.0 5.202933 0.0482 1.3 100.16 273.33
-164.0 5.203733 0.048328 1.3 100.16 273.21
-165.0 5.203646 0.048456 1.3 100.16 273.23
-166.0 5.203053 0.048584 1.3 100.15 273.31
-167.0 5.202277 0.048724 1.3 100.15 273.39
-168.0 5.202035 0.048772 1.3 100.15 273.43
-169.0 5.201919 0.048798 1.3 100.15 273.43
-170.0 5.202085 0.048806 1.3 100.15 273.47
-171.0 5.202326 0.0488 1.3 100.15 273.52
-172.0 5.202561 0.048826 1.3 100.15 273.56
-173.0 5.202849 0.048859 1.3 100.15 273.61
-174.0 5.202875 0.048865 1.3 100.15 273.62
-175.0 5.202959 0.048891 1.3 100.14 273.64
-176.0 5.202654 0.048883 1.3 100.14 273.71
-177.0 5.202515 0.048898 1.3 100.14 273.73
-178.0 5.202069 0.048952 1.3 100.14 273.81
-179.0 5.201904 0.048976 1.3 100.14 273.84
-180.0 5.201592 0.049037 1.3 100.14 273.85
-181.0 5.20161 0.049057 1.3 100.14 273.88
-182.0 5.201761 0.049062 1.3 100.14 273.92
-183.0 5.202349 0.049097 1.3 100.14 274.05
-184.0 5.203365 0.049162 1.3 100.14 274.26
-185.0 5.203965 0.049208 1.3 100.12 274.47
-186.0 5.203472 0.049128 1.3 100.11 274.66
-187.0 5.20252 0.049001 1.3 100.1 274.81
-188.0 5.202224 0.048962 1.3 100.1 274.86
-189.0 5.201964 0.048942 1.3 100.1 274.91
-190.0 5.202176 0.048897 1.3 100.1 274.89
-191.0 5.202202 0.048888 1.3 100.1 274.89
-192.0 5.202515 0.048827 1.3 100.1 274.9
-193.0 5.202628 0.048796 1.3 100.1 274.9
-194.0 5.202826 0.048774 1.3 100.1 274.93
-195.0 5.202886 0.048744 1.3 100.1 274.94
-196.0 5.202822 0.048728 1.3 100.1 274.94
-197.0 5.202742 0.048705 1.3 100.1 274.95
-198.0 5.202418 0.048646 1.3 100.1 274.95
-199.0 5.20233 0.048628 1.3 100.1 274.96
-200.0 5.202086 0.048589 1.3 100.1 274.99
-201.0 5.202388 0.048546 1.3 100.1 274.93
-202.0 5.202758 0.04848 1.3 100.09 274.88
-203.0 5.203835 0.048282 1.3 100.08 274.77
-204.0 5.20464 0.048085 1.3 100.07 274.65
-205.0 5.204474 0.04797 1.3 100.06 274.44
-206.0 5.203295 0.047939 1.3 100.05 274.14
-207.0 5.202424 0.047918 1.3 100.05 273.94
-208.0 5.20209 0.047893 1.3 100.05 273.86
-209.0 5.202008 0.047892 1.3 100.05 273.8
-210.0 5.202297 0.047938 1.3 100.05 273.76
-211.0 5.202408 0.047943 1.3 100.05 273.73
-212.0 5.202776 0.04797 1.3 100.05 273.65
-213.0 5.202788 0.047983 1.3 100.05 273.63
-214.0 5.203025 0.047967 1.3 100.05 273.57
-215.0 5.202909 0.047994 1.3 100.05 273.54
-216.0 5.202956 0.047981 1.3 100.05 273.52
-217.0 5.202753 0.047988 1.3 100.05 273.46
-218.0 5.202613 0.047994 1.3 100.05 273.43
-219.0 5.202423 0.047977 1.3 100.05 273.38
-220.0 5.202255 0.047974 1.3 100.05 273.33
-221.0 5.202357 0.047994 1.3 100.05 273.31
-222.0 5.202568 0.048022 1.3 100.05 273.25
-223.0 5.203337 0.048131 1.3 100.05 273.14
-224.0 5.203703 0.048236 1.3 100.05 273.07
-225.0 5.203448 0.048375 1.3 100.04 273.08
-226.0 5.202529 0.048544 1.3 100.04 273.18
-227.0 5.202116 0.048625 1.3 100.04 273.22
-228.0 5.201812 0.048687 1.3 100.03 273.22
-229.0 5.201927 0.048697 1.3 100.03 273.26
-230.0 5.202096 0.048695 1.3 100.03 273.29
-231.0 5.202379 0.048723 1.3 100.03 273.34
-232.0 5.202673 0.048749 1.3 100.03 273.4
-233.0 5.20278 0.048768 1.3 100.03 273.41
-234.0 5.202904 0.048799 1.3 100.03 273.43
-235.0 5.202689 0.048787 1.3 100.03 273.47
-236.0 5.202594 0.048809 1.3 100.03 273.5
-237.0 5.202183 0.048849 1.3 100.03 273.57
-238.0 5.202009 0.048878 1.3 100.03 273.6
-239.0 5.201629 0.048951 1.3 100.03 273.61
-240.0 5.201554 0.048977 1.3 100.03 273.63
-241.0 5.201492 0.049002 1.3 100.03 273.63
-242.0 5.201852 0.049035 1.3 100.03 273.71
-243.0 5.202588 0.049083 1.3 100.03 273.86
-244.0 5.20356 0.049194 1.3 100.02 274.05
-245.0 5.203724 0.04921 1.3 100.0 274.27
-246.0 5.202815 0.049092 1.3 99.99 274.44
-247.0 5.202235 0.049039 1.3 99.99 274.55
-248.0 5.201839 0.049005 1.3 99.99 274.63
-249.0 5.201939 0.048973 1.3 99.99 274.62
-250.0 5.201947 0.048961 1.3 99.99 274.63
-251.0 5.202265 0.048897 1.3 99.99 274.64
-252.0 5.202374 0.04887 1.3 99.99 274.63
-253.0 5.202634 0.048838 1.3 99.99 274.67
-254.0 5.20268 0.048806 1.3 99.99 274.68
-255.0 5.202722 0.048801 1.3 99.99 274.69
-256.0 5.202627 0.048772 1.3 99.99 274.7
-257.0 5.202414 0.048732 1.3 99.99 274.69
-258.0 5.202248 0.048708 1.3 99.98 274.72
-259.0 5.201982 0.048664 1.3 99.98 274.75
-260.0 5.202072 0.04864 1.3 99.98 274.73
-261.0 5.202228 0.048594 1.3 99.98 274.71
-262.0 5.203061 0.048442 1.3 99.98 274.63
-263.0 5.204015 0.048241 1.3 99.97 274.56
-264.0 5.204775 0.048006 1.3 99.95 274.47
-265.0 5.203945 0.047906 1.3 99.95 274.19
-266.0 5.202883 0.047855 1.3 99.95 273.95
-267.0 5.202149 0.04779 1.3 99.95 273.8
-268.0 5.201941 0.047776 1.3 99.95 273.72
-269.0 5.20204 0.047792 1.3 99.95 273.69
-270.0 5.202203 0.047801 1.3 99.95 273.64
-271.0 5.202539 0.047831 1.3 99.95 273.57
-272.0 5.202635 0.047836 1.3 99.95 273.54
-273.0 5.202899 0.047825 1.3 99.95 273.47
-274.0 5.202813 0.047849 1.3 99.95 273.45
-275.0 5.202931 0.047825 1.3 99.95 273.42
-276.0 5.202714 0.047842 1.3 99.94 273.36
-277.0 5.202684 0.047839 1.3 99.94 273.35
-278.0 5.202429 0.047821 1.3 99.94 273.29
-279.0 5.202322 0.047823 1.3 99.94 273.25
-280.0 5.202232 0.047812 1.3 99.94 273.23
-281.0 5.202345 0.047827 1.3 99.94 273.17
-282.0 5.202875 0.0479 1.3 99.94 273.09
-283.0 5.203466 0.04798 1.3 99.95 272.98
-284.0 5.203713 0.048105 1.31 99.94 272.9
-285.0 5.202888 0.048282 1.31 99.94 272.98
-286.0 5.202329 0.048396 1.31 99.93 273.01
-287.0 5.201798 0.048501 1.31 99.93 273.01
-288.0 5.201841 0.048516 1.31 99.93 273.04
-289.0 5.201849 0.048528 1.31 99.93 273.05
-290.0 5.202186 0.048556 1.31 99.93 273.11
-291.0 5.202427 0.048575 1.31 99.93 273.16
-292.0 5.202676 0.048616 1.31 99.93 273.18
-293.0 5.202819 0.048647 1.31 99.92 273.21
-294.0 5.202717 0.048643 1.31 99.92 273.23
-295.0 5.202648 0.048668 1.31 99.92 273.25
-296.0 5.202268 0.048696 1.31 99.92 273.33
-297.0 5.202112 0.048727 1.31 99.92 273.34
-298.0 5.201678 0.048807 1.31 99.92 273.37
-299.0 5.201596 0.048829 1.31 99.92 273.38
-300.0 5.201366 0.048875 1.31 99.92 273.36
-301.0 5.201588 0.048898 1.31 99.92 273.42
-302.0 5.201974 0.048931 1.31 99.92 273.49
-303.0 5.202904 0.049043 1.31 99.92 273.65
-304.0 5.203626 0.049141 1.31 99.9 273.84
-305.0 5.203155 0.049092 1.31 99.89 274.02
-306.0 5.202401 0.04903 1.31 99.88 274.18
-307.0 5.201826 0.048984 1.31 99.88 274.3
-308.0 5.201794 0.048966 1.31 99.88 274.31
-309.0 5.201714 0.048957 1.31 99.88 274.34
-310.0 5.202015 0.048897 1.31 99.88 274.33
-311.0 5.202088 0.048881 1.31 99.88 274.33
-312.0 5.202415 0.048834 1.31 99.88 274.38
-313.0 5.202475 0.048808 1.31 99.88 274.39
-314.0 5.202625 0.048803 1.31 99.88 274.42
-315.0 5.20254 0.048772 1.31 99.88 274.43
-316.0 5.202388 0.048743 1.31 99.88 274.42
-317.0 5.202182 0.048711 1.31 99.88 274.45
-318.0 5.201899 0.048662 1.31 99.88 274.48
-319.0 5.201869 0.048648 1.31 99.88 274.48
-320.0 5.201871 0.04861 1.31 99.88 274.49
-321.0 5.202449 0.048506 1.31 99.88 274.43
-322.0 5.20323 0.048348 1.31 99.87 274.39
-323.0 5.204456 0.048069 1.31 99.86 274.38
-324.0 5.204469 0.04788 1.31 99.86 274.22
-325.0 5.203487 0.047775 1.31 99.86 273.97
-326.0 5.202415 0.047677 1.31 99.86 273.75
-327.0 5.201995 0.047638 1.31 99.85 273.65
-328.0 5.201906 0.047623 1.31 99.85 273.61
-329.0 5.202032 0.047629 1.31 99.86 273.56
-330.0 5.202293 0.047656 1.31 99.86 273.51
-331.0 5.202445 0.04765 1.31 99.86 273.46
-332.0 5.202719 0.047647 1.31 99.85 273.39
-333.0 5.20273 0.047652 1.31 99.85 273.37
-334.0 5.202892 0.047623 1.31 99.85 273.33
-335.0 5.202732 0.047638 1.31 99.85 273.29
-336.0 5.202737 0.047625 1.31 99.85 273.27
-337.0 5.202467 0.047612 1.31 99.85 273.21
-338.0 5.202372 0.047614 1.31 99.85 273.17
-339.0 5.20218 0.047587 1.31 99.85 273.14
-340.0 5.202235 0.047598 1.31 99.85 273.09
-341.0 5.202529 0.047639 1.31 99.85 273.04
-342.0 5.203128 0.047697 1.31 99.85 272.92
-343.0 5.203713 0.047803 1.31 99.85 272.78
-344.0 5.203285 0.047953 1.31 99.84 272.8
-345.0 5.202588 0.048108 1.31 99.83 272.83
-346.0 5.201901 0.048244 1.31 99.83 272.84
-347.0 5.201802 0.048276 1.31 99.83 272.86
-348.0 5.20171 0.048303 1.31 99.83 272.85
-349.0 5.202025 0.048324 1.31 99.83 272.91
-350.0 5.202198 0.048336 1.31 99.83 272.95
-351.0 5.202542 0.048391 1.31 99.83 272.98
-352.0 5.20267 0.048415 1.31 99.83 273.01
-353.0 5.20274 0.048431 1.31 99.83 273.0
-354.0 5.202672 0.048457 1.31 99.83 273.03
-355.0 5.202421 0.048475 1.31 99.83 273.08
-356.0 5.202221 0.048517 1.31 99.82 273.1
-357.0 5.201804 0.04859 1.31 99.82 273.14
-358.0 5.201651 0.048623 1.31 99.82 273.14
-359.0 5.201326 0.048685 1.31 99.82 273.12
-360.0 5.201446 0.048705 1.31 99.82 273.15
-361.0 5.201569 0.048731 1.31 99.82 273.18
-362.0 5.202336 0.048826 1.31 99.82 273.3
-363.0 5.203167 0.048939 1.31 99.81 273.45
-364.0 5.203429 0.049002 1.31 99.8 273.61
-365.0 5.202639 0.048944 1.31 99.79 273.82
-366.0 5.201946 0.04889 1.31 99.79 273.95
-367.0 5.201701 0.048881 1.31 99.79 274.01
-368.0 5.201583 0.048869 1.31 99.79 274.05
-369.0 5.201818 0.048821 1.31 99.79 274.04
-370.0 5.201866 0.04881 1.31 99.79 274.04
-371.0 5.202216 0.048755 1.31 99.79 274.08
-372.0 5.20225 0.048736 1.31 99.79 274.08
-373.0 5.202513 0.048729 1.31 99.79 274.14
-374.0 5.202417 0.048697 1.31 99.79 274.14
-375.0 5.202412 0.048692 1.31 99.79 274.14
-376.0 5.202147 0.048648 1.31 99.79 274.17
-377.0 5.201916 0.048607 1.31 99.79 274.19
-378.0 5.201739 0.04859 1.31 99.78 274.22
-379.0 5.201642 0.048557 1.31 99.79 274.25
-380.0 5.201979 0.048493 1.31 99.78 274.21
-381.0 5.202514 0.048381 1.31 99.78 274.2
-382.0 5.203759 0.048123 1.31 99.77 274.21
-383.0 5.204534 0.047879 1.31 99.77 274.18
-384.0 5.204213 0.04769 1.31 99.77 274.03
-385.0 5.202881 0.047552 1.31 99.77 273.75
-386.0 5.202208 0.047476 1.31 99.77 273.62
-387.0 5.201838 0.047419 1.31 99.77 273.57
-388.0 5.201927 0.047423 1.31 99.77 273.51
-389.0 5.202101 0.047438 1.31 99.77 273.47
-390.0 5.202302 0.047433 1.31 99.77 273.41
-391.0 5.202569 0.047435 1.31 99.77 273.34
-392.0 5.20263 0.047431 1.31 99.77 273.32
-393.0 5.202834 0.0474 1.31 99.76 273.27
-394.0 5.202706 0.047416 1.31 99.76 273.24
-395.0 5.202788 0.047388 1.31 99.76 273.23
-396.0 5.202524 0.047384 1.31 99.76 273.16
-397.0 5.20249 0.04738 1.31 99.76 273.15
-398.0 5.202211 0.047345 1.31 99.76 273.1
-399.0 5.202206 0.047348 1.31 99.76 273.06
-400.0 5.202286 0.047355 1.31 99.76 273.03
-401.0 5.202763 0.047394 1.31 99.76 272.92
-402.0 5.20348 0.047475 1.31 99.76 272.77
-403.0 5.203605 0.04758 1.31 99.76 272.69
-404.0 5.203009 0.047748 1.31 99.75 272.68
-405.0 5.20215 0.04792 1.31 99.74 272.7
-406.0 5.201857 0.047981 1.31 99.74 272.7
-407.0 5.201618 0.048035 1.31 99.73 272.68
-408.0 5.20187 0.048049 1.31 99.73 272.73
-409.0 5.202003 0.048066 1.31 99.73 272.75
-410.0 5.202405 0.048125 1.31 99.73 272.8
-411.0 5.202562 0.048151 1.31 99.73 272.83
-412.0 5.202726 0.048182 1.31 99.73 272.82
-413.0 5.202675 0.048205 1.31 99.73 272.85
-414.0 5.202517 0.048214 1.31 99.73 272.88
-415.0 5.202326 0.048258 1.31 99.73 272.91
-416.0 5.201975 0.048315 1.31 99.73 272.95
-417.0 5.201784 0.048355 1.31 99.73 272.94
-418.0 5.20143 0.048425 1.31 99.73 272.92
-419.0 5.201423 0.048443 1.31 99.73 272.93
-420.0 5.201364 0.048473 1.31 99.73 272.91
-421.0 5.201885 0.04854 1.31 99.73 273.0
-422.0 5.202587 0.048638 1.31 99.72 273.11
-423.0 5.203411 0.048784 1.31 99.71 273.24
-424.0 5.202992 0.048782 1.31 99.7 273.43
-425.0 5.202223 0.048732 1.31 99.7 273.6
-426.0 5.201711 0.048729 1.31 99.7 273.71
-427.0 5.201512 0.048714 1.31 99.7 273.77
-428.0 5.201614 0.048689 1.31 99.7 273.77
-429.0 5.201696 0.04867 1.31 99.7 273.78
-430.0 5.202023 0.048612 1.31 99.7 273.81
-431.0 5.202114 0.048595 1.31 99.7 273.82
-432.0 5.202407 0.048576 1.31 99.7 273.88
-433.0 5.202344 0.048549 1.31 99.7 273.88
-434.0 5.202412 0.048552 1.31 99.7 273.9
-435.0 5.202139 0.048503 1.31 99.7 273.92
-436.0 5.201987 0.048474 1.31 99.7 273.93
-437.0 5.201707 0.048453 1.31 99.7 273.98
-438.0 5.201593 0.048421 1.31 99.7 274.01
-439.0 5.20167 0.048395 1.31 99.7 274.0
-440.0 5.20201 0.048315 1.31 99.69 274.01
-441.0 5.20295 0.048125 1.31 99.69 274.01
-442.0 5.204038 0.047887 1.31 99.69 274.06
-443.0 5.204651 0.047629 1.31 99.69 274.07
-444.0 5.203569 0.047447 1.31 99.69 273.84
-445.0 5.202633 0.047323 1.31 99.69 273.67
-446.0 5.201934 0.047216 1.31 99.68 273.58
-447.0 5.201918 0.047207 1.31 99.68 273.53
-448.0 5.201925 0.047198 1.31 99.68 273.5
-449.0 5.202197 0.047195 1.31 99.68 273.43
-450.0 5.202403 0.047201 1.31 99.68 273.38
-451.0 5.20259 0.04718 1.31 99.68 273.33
-452.0 5.202777 0.047158 1.31 99.68 273.28
-453.0 5.202735 0.047161 1.31 99.68 273.25
-454.0 5.202824 0.047131 1.31 99.68 273.24
-455.0 5.202589 0.047133 1.31 99.68 273.18
-456.0 5.202598 0.047125 1.31 99.68 273.17
-457.0 5.202277 0.047089 1.31 99.68 273.11
-458.0 5.202289 0.047096 1.31 99.68 273.09
-459.0 5.202164 0.047071 1.31 99.68 273.06
-460.0 5.202539 0.047101 1.31 99.68 272.97
-461.0 5.203093 0.047154 1.31 99.68 272.85
-462.0 5.203689 0.047213 1.31 99.68 272.69
-463.0 5.203427 0.047362 1.31 99.67 272.63
-464.0 5.202553 0.047547 1.31 99.65 272.64
-465.0 5.202041 0.047649 1.31 99.65 272.62
-466.0 5.201654 0.047726 1.31 99.65 272.59
-467.0 5.201807 0.047738 1.31 99.65 272.62
-468.0 5.201837 0.047758 1.31 99.65 272.62
-469.0 5.202276 0.047816 1.31 99.65 272.68
-470.0 5.202408 0.047838 1.31 99.64 272.7
-471.0 5.202719 0.047893 1.31 99.64 272.69
-472.0 5.202679 0.047911 1.31 99.64 272.72
-473.0 5.202654 0.047925 1.31 99.64 272.73
-474.0 5.202451 0.047969 1.31 99.64 272.76
-475.0 5.202166 0.048014 1.31 99.64 272.8
-476.0 5.20194 0.048063 1.31 99.64 272.79
-477.0 5.20157 0.048136 1.31 99.64 272.78
-478.0 5.201503 0.048153 1.31 99.64 272.77
-479.0 5.201313 0.048192 1.31 99.64 272.74
-480.0 5.20167 0.048235 1.31 99.64 272.8
-481.0 5.202093 0.048301 1.31 99.64 272.85
-482.0 5.203097 0.04847 1.31 99.63 272.96
-483.0 5.203231 0.048538 1.31 99.62 273.11
-484.0 5.202605 0.048521 1.31 99.62 273.28
-485.0 5.201875 0.048514 1.31 99.61 273.44
-486.0 5.201566 0.048503 1.31 99.61 273.52
-487.0 5.201538 0.048497 1.31 99.61 273.53
-488.0 5.201586 0.04848 1.31 99.62 273.56
-489.0 5.201871 0.048427 1.31 99.62 273.58
-490.0 5.201969 0.048416 1.31 99.62 273.59
-491.0 5.202301 0.048385 1.31 99.62 273.66
-492.0 5.202288 0.048369 1.31 99.62 273.66
-493.0 5.20245 0.048377 1.31 99.62 273.7
-494.0 5.202205 0.048331 1.31 99.61 273.71
-495.0 5.20209 0.048311 1.31 99.61 273.72
-496.0 5.201744 0.048278 1.31 99.61 273.78
-497.0 5.201589 0.048248 1.31 99.61 273.81
-498.0 5.20151 0.048238 1.31 99.61 273.83
-499.0 5.201693 0.048181 1.31 99.61 273.85
-500.0 5.202332 0.048052 1.31 99.61 273.84
-501.0 5.203317 0.04786 1.31 99.61 273.92
-502.0 5.204536 0.047582 1.31 99.61 274.04
-503.0 5.204259 0.047364 1.31 99.61 273.95
-504.0 5.203223 0.047184 1.31 99.61 273.78
-505.0 5.202224 0.047034 1.31 99.6 273.65
-506.0 5.202009 0.046994 1.31 99.6 273.6
-507.0 5.20189 0.046965 1.31 99.6 273.58
-508.0 5.202134 0.046964 1.31 99.6 273.51
-509.0 5.202276 0.046969 1.31 99.6 273.47
-510.0 5.202516 0.046941 1.31 99.6 273.42
-511.0 5.202686 0.046926 1.31 99.6 273.37
-512.0 5.202761 0.04691 1.31 99.6 273.35
-513.0 5.202863 0.046876 1.31 99.6 273.32
-514.0 5.202727 0.046877 1.31 99.6 273.28
-515.0 5.202724 0.046857 1.31 99.6 273.28
-516.0 5.202423 0.04683 1.31 99.6 273.21
-517.0 5.202381 0.046826 1.31 99.6 273.19
-518.0 5.20216 0.046786 1.31 99.6 273.17
-519.0 5.202414 0.046807 1.31 99.6 273.1
-520.0 5.202774 0.046836 1.31 99.6 273.01
-521.0 5.203564 0.046867 1.31 99.6 272.82
-522.0 5.203753 0.046973 1.31 99.59 272.69
-523.0 5.203096 0.047141 1.31 99.57 272.67
-524.0 5.20232 0.047297 1.31 99.56 272.62
-525.0 5.201803 0.0474 1.31 99.56 272.59
-526.0 5.201773 0.047423 1.31 99.56 272.59
-527.0 5.201778 0.047451 1.31 99.56 272.59
-528.0 5.202166 0.047497 1.31 99.56 272.65
-529.0 5.202308 0.047521 1.31 99.56 272.66
-530.0 5.202683 0.047588 1.31 99.56 272.66
-531.0 5.202662 0.0476 1.31 99.56 272.68
-532.0 5.202777 0.047623 1.31 99.56 272.67
-533.0 5.202571 0.047663 1.31 99.56 272.7
-534.0 5.202427 0.04769 1.31 99.56 272.72
-535.0 5.202138 0.047753 1.31 99.56 272.72
-536.0 5.201826 0.047816 1.31 99.56 272.71
-537.0 5.201632 0.047848 1.31 99.55 272.68
-538.0 5.201394 0.047892 1.31 99.55 272.64
-539.0 5.201566 0.04792 1.31 99.55 272.67
-540.0 5.201783 0.047967 1.31 99.55 272.69
-541.0 5.202691 0.048116 1.31 99.55 272.77
-542.0 5.203239 0.048234 1.31 99.54 272.87
-543.0 5.203076 0.048285 1.31 99.53 273.01
-544.0 5.202154 0.048276 1.31 99.53 273.23
-545.0 5.201741 0.04827 1.31 99.53 273.32
-546.0 5.201504 0.048286 1.31 99.53 273.37
-547.0 5.201568 0.048262 1.31 99.53 273.4
-548.0 5.201762 0.048224 1.31 99.53 273.41
-549.0 5.201914 0.048206 1.31 99.53 273.44
-550.0 5.202224 0.048168 1.31 99.53 273.49
-551.0 5.202255 0.048158 1.31 99.53 273.5
-552.0 5.202479 0.048167 1.31 99.53 273.55
-553.0 5.202264 0.048125 1.31 99.53 273.55
-554.0 5.202252 0.048123 1.31 99.53 273.56
-555.0 5.201851 0.048077 1.31 99.53 273.63
-556.0 5.201724 0.048056 1.31 99.53 273.65
-557.0 5.201469 0.048055 1.31 99.53 273.7
-558.0 5.201549 0.048013 1.31 99.53 273.72
-559.0 5.201875 0.047943 1.31 99.53 273.73
-560.0 5.202631 0.0478 1.31 99.53 273.79
-561.0 5.203917 0.04756 1.31 99.53 273.94
-562.0 5.204596 0.047332 1.31 99.53 274.03
-563.0 5.203997 0.047109 1.31 99.53 273.96
-564.0 5.202716 0.046907 1.31 99.53 273.8
-565.0 5.20224 0.046823 1.31 99.52 273.75
-566.0 5.2019 0.046755 1.31 99.52 273.73
-567.0 5.202115 0.046757 1.31 99.52 273.66
-568.0 5.202188 0.046752 1.31 99.52 273.64
-569.0 5.202492 0.046724 1.31 99.52 273.57
-570.0 5.202643 0.046714 1.31 99.52 273.52
-571.0 5.202795 0.046685 1.31 99.52 273.5
-572.0 5.2029 0.046653 1.31 99.52 273.47
-573.0 5.202828 0.046652 1.31 99.52 273.44
-574.0 5.202853 0.046624 1.31 99.52 273.44
-575.0 5.202589 0.046607 1.31 99.52 273.38
-576.0 5.20256 0.046599 1.31 99.52 273.37
-577.0 5.202265 0.04655 1.31 99.52 273.33
-578.0 5.202399 0.04656 1.31 99.52 273.29
-579.0 5.202536 0.04656 1.31 99.52 273.24
-580.0 5.203269 0.046578 1.31 99.52 273.07
-581.0 5.203825 0.046629 1.31 99.51 272.89
-582.0 5.20367 0.04674 1.31 99.5 272.79
-583.0 5.202817 0.046923 1.31 99.48 272.72
-584.0 5.202115 0.047057 1.31 99.47 272.67
-585.0 5.201863 0.047101 1.31 99.47 272.63
-586.0 5.201763 0.047142 1.31 99.47 272.61
-587.0 5.202065 0.047174 1.31 99.47 272.67
-588.0 5.202223 0.047207 1.31 99.47 272.67
-589.0 5.202641 0.04728 1.31 99.47 272.69
-590.0 5.202695 0.047298 1.31 99.47 272.69
-591.0 5.20288 0.047333 1.31 99.47 272.67
-592.0 5.202704 0.047364 1.31 99.47 272.71
-593.0 5.202626 0.047386 1.31 99.47 272.71
-594.0 5.202339 0.04745 1.31 99.47 272.72
-595.0 5.202097 0.047498 1.31 99.47 272.72
-596.0 5.201852 0.047537 1.31 99.47 272.68
-597.0 5.20161 0.047583 1.31 99.47 272.64
-598.0 5.201612 0.047596 1.31 99.47 272.64
-599.0 5.201669 0.047634 1.31 99.47 272.63
-600.0 5.202308 0.047738 1.31 99.46 272.69
-601.0 5.202999 0.047867 1.31 99.46 272.74
-602.0 5.203419 0.047995 1.31 99.45 272.83
-603.0 5.202622 0.048006 1.31 99.45 273.04
-604.0 5.202054 0.048014 1.31 99.45 273.17
-605.0 5.201606 0.048049 1.31 99.45 273.26
-606.0 5.201601 0.048032 1.31 99.45 273.3
-607.0 5.201665 0.048018 1.31 99.45 273.3
-608.0 5.201869 0.047993 1.31 99.45 273.34
-609.0 5.202136 0.047954 1.31 99.45 273.38
-610.0 5.202285 0.04795 1.31 99.45 273.41
-611.0 5.202509 0.047947 1.31 99.45 273.47
-612.0 5.202394 0.047922 1.31 99.45 273.47
-613.0 5.202394 0.047921 1.31 99.45 273.49
-614.0 5.202015 0.04787 1.31 99.45 273.55
-615.0 5.201894 0.047854 1.31 99.45 273.57
-616.0 5.201549 0.047852 1.31 99.45 273.64
-617.0 5.201574 0.047821 1.31 99.45 273.66
-618.0 5.201626 0.0478 1.31 99.45 273.67
-619.0 5.202164 0.047697 1.31 99.45 273.73
-620.0 5.203123 0.047526 1.31 99.45 273.83
-621.0 5.204321 0.047326 1.31 99.45 274.04
-622.0 5.204592 0.047098 1.31 99.45 274.13
-623.0 5.203437 0.04687 1.31 99.44 274.01
-624.0 5.202631 0.046724 1.31 99.44 273.96
-625.0 5.202069 0.046619 1.31 99.44 273.93
-626.0 5.202158 0.04661 1.31 99.44 273.89
-627.0 5.202126 0.046591 1.31 99.44 273.88
-628.0 5.20247 0.046565 1.31 99.44 273.8
-629.0 5.20257 0.046559 1.31 99.43 273.77
-630.0 5.202849 0.046508 1.31 99.43 273.73
-631.0 5.202926 0.046486 1.31 99.43 273.7
-632.0 5.202987 0.046467 1.31 99.43 273.69
-633.0 5.202973 0.046438 1.31 99.43 273.67
-634.0 5.202789 0.046428 1.31 99.43 273.62
-635.0 5.202724 0.046411 1.31 99.43 273.61
-636.0 5.20242 0.046364 1.31 99.43 273.57
-637.0 5.202482 0.046368 1.31 99.43 273.54
-638.0 5.202433 0.046344 1.31 99.43 273.52
-639.0 5.203034 0.046359 1.31 99.43 273.38
-640.0 5.203621 0.046376 1.31 99.43 273.22
-641.0 5.204093 0.046408 1.31 99.42 273.03
-642.0 5.203392 0.046583 1.31 99.4 272.93
-643.0 5.202586 0.046736 1.31 99.39 272.86
-644.0 5.202055 0.046818 1.31 99.38 272.78
-645.0 5.201861 0.046867 1.31 99.38 272.74
-646.0 5.202031 0.04689 1.31 99.38 272.77
-647.0 5.202163 0.046924 1.31 99.38 272.77
-648.0 5.202583 0.046995 1.31 99.38 272.79
-649.0 5.202668 0.047013 1.31 99.38 272.79
-650.0 5.202961 0.047064 1.31 99.38 272.76
-651.0 5.202824 0.047085 1.31 99.38 272.79
-652.0 5.202864 0.047107 1.31 99.38 272.77
-653.0 5.202567 0.047169 1.31 99.38 272.79
-654.0 5.202402 0.047204 1.31 99.38 272.78
-655.0 5.202094 0.047258 1.31 99.38 272.74
-656.0 5.201859 0.047301 1.31 99.38 272.71
-657.0 5.201745 0.047313 1.31 99.37 272.68
-658.0 5.201693 0.047346 1.31 99.38 272.65
-659.0 5.202115 0.047414 1.31 99.37 272.69
-660.0 5.202673 0.047517 1.31 99.37 272.71
-661.0 5.203503 0.047691 1.31 99.37 272.75
-662.0 5.203099 0.04774 1.31 99.36 272.92
-663.0 5.202465 0.047771 1.31 99.36 273.07
-664.0 5.201817 0.047813 1.31 99.36 273.21
-665.0 5.201724 0.047808 1.31 99.36 273.25
-666.0 5.201678 0.047813 1.31 99.36 273.26
-667.0 5.201876 0.047785 1.31 99.37 273.3
-668.0 5.202092 0.047751 1.31 99.37 273.33
-669.0 5.202286 0.047747 1.31 99.37 273.37
-670.0 5.202528 0.047738 1.31 99.37 273.43
-671.0 5.202509 0.04773 1.31 99.36 273.43
-672.0 5.202569 0.047736 1.31 99.36 273.47
-673.0 5.202254 0.047689 1.31 99.36 273.5
-674.0 5.20212 0.047681 1.31 99.36 273.53
-675.0 5.201716 0.047669 1.31 99.36 273.62
-676.0 5.201644 0.047654 1.31 99.36 273.64
-677.0 5.201524 0.047657 1.31 99.36 273.68
-678.0 5.201866 0.047587 1.31 99.36 273.72
-679.0 5.202497 0.047477 1.31 99.36 273.8
-680.0 5.203663 0.047321 1.31 99.36 274.0
-681.0 5.204699 0.047124 1.31 99.37 274.23
-682.0 5.204225 0.04691 1.31 99.36 274.25
-683.0 5.203178 0.046701 1.31 99.35 274.21
-684.0 5.202375 0.046554 1.31 99.35 274.18
-685.0 5.202257 0.04652 1.31 99.34 274.16
-686.0 5.202171 0.046488 1.31 99.34 274.15
-687.0 5.202464 0.046471 1.31 99.34 274.08
-688.0 5.202545 0.046463 1.31 99.34 274.05
-689.0 5.202848 0.046411 1.31 99.34 274.01
-690.0 5.202917 0.046395 1.31 99.34 273.98
-691.0 5.203078 0.046362 1.31 99.34 273.98
-692.0 5.203072 0.046332 1.31 99.34 273.96
-693.0 5.203012 0.046326 1.31 99.34 273.94
-694.0 5.202905 0.046297 1.31 99.34 273.93
-695.0 5.20265 0.046261 1.31 99.34 273.88
-696.0 5.202578 0.046246 1.31 99.34 273.87
-697.0 5.202444 0.046208 1.31 99.34 273.85
-698.0 5.202833 0.046217 1.31 99.34 273.75
-699.0 5.203332 0.046214 1.31 99.34 273.63
-700.0 5.204191 0.046188 1.32 99.33 273.4
-701.0 5.204 0.046295 1.32 99.31 273.24
-702.0 5.20323 0.046446 1.32 99.29 273.13
-703.0 5.202377 0.046576 1.32 99.29 273.0
-704.0 5.202044 0.046641 1.32 99.29 272.95
-705.0 5.201998 0.04666 1.32 99.29 272.93
-706.0 5.202156 0.046704 1.32 99.29 272.93
-707.0 5.202499 0.046761 1.32 99.29 272.96
-708.0 5.202675 0.046793 1.32 99.29 272.94
-709.0 5.20298 0.046848 1.32 99.29 272.92
-710.0 5.20292 0.046864 1.32 99.29 272.93
-711.0 5.203035 0.046887 1.32 99.29 272.9
-712.0 5.20277 0.046941 1.32 99.29 272.92
-713.0 5.202713 0.04696 1.32 99.28 272.91
-714.0 5.202366 0.047023 1.32 99.28 272.87
-715.0 5.2022 0.047053 1.32 99.28 272.84
-716.0 5.201935 0.047072 1.32 99.28 272.78
-717.0 5.20185 0.047102 1.32 99.28 272.75
-718.0 5.202007 0.047135 1.32 99.28 272.76
-719.0 5.202422 0.047216 1.32 99.28 272.76
-720.0 5.203303 0.047383 1.32 99.27 272.77
-721.0 5.20349 0.047487 1.32 99.27 272.85
-722.0 5.203002 0.047552 1.32 99.27 272.99
-723.0 5.202147 0.047605 1.32 99.27 273.18
-724.0 5.201926 0.047618 1.32 99.27 273.23
-725.0 5.201705 0.047651 1.32 99.27 273.27
-726.0 5.20192 0.047617 1.32 99.27 273.31
-727.0 5.202042 0.047598 1.32 99.27 273.32
-728.0 5.202336 0.047585 1.32 99.27 273.39
-729.0 5.202544 0.047569 1.32 99.27 273.43
-730.0 5.202636 0.047574 1.32 99.27 273.45
-731.0 5.20271 0.047577 1.32 99.27 273.49
-732.0 5.202472 0.047539 1.32 99.27 273.51
-733.0 5.202369 0.047537 1.32 99.27 273.54
-734.0 5.201946 0.047515 1.32 99.27 273.63
-735.0 5.201847 0.047511 1.32 99.27 273.65
-736.0 5.201562 0.047533 1.32 99.27 273.71
-737.0 5.20176 0.047488 1.32 99.27 273.74
-738.0 5.202039 0.04744 1.32 99.27 273.79
-739.0 5.202963 0.047325 1.32 99.27 273.96
-740.0 5.204152 0.047183 1.32 99.27 274.2
-741.0 5.20473 0.047031 1.32 99.27 274.41
-742.0 5.203901 0.046804 1.32 99.26 274.44
-743.0 5.202841 0.046609 1.32 99.25 274.42
-744.0 5.202449 0.046534 1.32 99.25 274.43
-745.0 5.202209 0.046477 1.32 99.25 274.44
-746.0 5.202443 0.046465 1.32 99.25 274.38
-747.0 5.202496 0.046448 1.32 99.25 274.37
-748.0 5.202848 0.046394 1.32 99.24 274.31
-749.0 5.202916 0.04638 1.32 99.24 274.28
-750.0 5.203155 0.046331 1.32 99.24 274.29
-751.0 5.203148 0.046307 1.32 99.24 274.26
-752.0 5.203166 0.046296 1.32 99.24 274.26
-753.0 5.203058 0.046266 1.32 99.24 274.24
-754.0 5.202856 0.046241 1.32 99.24 274.2
-755.0 5.202742 0.046218 1.32 99.24 274.2
-756.0 5.202543 0.046173 1.32 99.24 274.18
-757.0 5.202739 0.046177 1.32 99.24 274.12
-758.0 5.203034 0.046158 1.32 99.24 274.04
-759.0 5.203922 0.046116 1.32 99.24 273.83
-760.0 5.204323 0.046125 1.32 99.22 273.64
-761.0 5.203942 0.046217 1.32 99.2 273.48
-762.0 5.202916 0.046376 1.32 99.19 273.31
-763.0 5.202359 0.046457 1.32 99.19 273.21
-764.0 5.20208 0.046483 1.32 99.18 273.15
-765.0 5.202148 0.046525 1.32 99.18 273.13
-766.0 5.202395 0.046566 1.32 99.18 273.15
-767.0 5.202628 0.04661 1.32 99.19 273.13
-768.0 5.202954 0.04667 1.32 99.18 273.11
-769.0 5.203017 0.046686 1.32 99.19 273.1
-770.0 5.203167 0.046719 1.32 99.19 273.06
-771.0 5.202974 0.04676 1.32 99.19 273.08
-772.0 5.202941 0.04678 1.32 99.18 273.06
-773.0 5.202614 0.046844 1.32 99.18 273.03
-774.0 5.202484 0.046866 1.32 99.18 273.01
-775.0 5.202182 0.046891 1.32 99.18 272.94
-776.0 5.202085 0.046917 1.32 99.18 272.91
-777.0 5.202049 0.046925 1.32 99.18 272.9
-778.0 5.202304 0.046984 1.32 99.18 272.88
-779.0 5.202961 0.047104 1.32 99.18 272.89
-780.0 5.203582 0.047238 1.32 99.17 272.87
-781.0 5.203496 0.047348 1.32 99.17 272.97
-782.0 5.20264 0.04741 1.32 99.17 273.16
-783.0 5.202213 0.047455 1.32 99.17 273.25
-784.0 5.201852 0.047507 1.32 99.17 273.3
-785.0 5.201973 0.047486 1.32 99.17 273.34
-786.0 5.202004 0.047484 1.32 99.17 273.35
-787.0 5.202332 0.047466 1.32 99.17 273.41
-788.0 5.202509 0.04745 1.32 99.17 273.45
-789.0 5.202749 0.047469 1.32 99.17 273.5
-790.0 5.202816 0.047466 1.32 99.17 273.54
-791.0 5.202725 0.04745 1.32 99.17 273.55
-792.0 5.202579 0.047443 1.32 99.17 273.59
-793.0 5.202217 0.047417 1.32 99.17 273.66
-794.0 5.202043 0.047421 1.32 99.17 273.7
-795.0 5.2017 0.047444 1.32 99.17 273.77
-796.0 5.201772 0.047421 1.32 99.17 273.8
-797.0 5.201804 0.047416 1.32 99.17 273.83
-798.0 5.202457 0.047335 1.32 99.17 273.95
-799.0 5.203343 0.047245 1.32 99.17 274.13
-800.0 5.204575 0.047161 1.32 99.17 274.43
-801.0 5.2045 0.046986 1.32 99.16 274.6
-802.0 5.203475 0.046777 1.32 99.15 274.62
-803.0 5.202726 0.046642 1.32 99.14 274.66
-804.0 5.202357 0.046566 1.32 99.14 274.68
-805.0 5.202429 0.04655 1.32 99.14 274.65
-806.0 5.202448 0.046527 1.32 99.14 274.65
-807.0 5.202786 0.046479 1.32 99.14 274.59
-808.0 5.202846 0.046467 1.32 99.14 274.57
-809.0 5.20317 0.046402 1.32 99.14 274.57
-810.0 5.203158 0.046384 1.32 99.14 274.54
-811.0 5.203315 0.04636 1.32 99.14 274.57
-812.0 5.203168 0.046328 1.32 99.14 274.54
-813.0 5.203068 0.046314 1.32 99.14 274.52
-814.0 5.202858 0.046274 1.32 99.14 274.51
-815.0 5.202666 0.046233 1.32 99.14 274.49
-816.0 5.202696 0.046225 1.32 99.14 274.46
-817.0 5.202829 0.046198 1.32 99.14 274.42
-818.0 5.203558 0.046161 1.32 99.13 274.25
-819.0 5.204233 0.046112 1.32 99.12 274.07
-820.0 5.204546 0.046094 1.32 99.1 273.86
-821.0 5.203569 0.046247 1.32 99.08 273.65
-822.0 5.202813 0.04634 1.32 99.08 273.51
-823.0 5.202222 0.046388 1.32 99.08 273.37
-824.0 5.202204 0.046426 1.32 99.08 273.35
-825.0 5.202306 0.046451 1.32 99.08 273.35
-826.0 5.20257 0.046503 1.32 99.08 273.33
-827.0 5.202866 0.046557 1.32 99.08 273.31
-828.0 5.203005 0.046576 1.32 99.08 273.28
-829.0 5.203212 0.046613 1.32 99.08 273.24
-830.0 5.203101 0.046639 1.32 99.08 273.25
-831.0 5.203151 0.046654 1.32 99.08 273.21
-832.0 5.202848 0.046715 1.32 99.08 273.2
-833.0 5.202777 0.046725 1.32 99.07 273.17
-834.0 5.202422 0.046763 1.32 99.07 273.1
-835.0 5.202321 0.04678 1.32 99.07 273.07
-836.0 5.202139 0.046781 1.32 99.07 273.02
-837.0 5.202277 0.046823 1.32 99.07 273.0
-838.0 5.202697 0.0469 1.32 99.07 273.0
-839.0 5.203399 0.047028 1.32 99.07 272.95
-840.0 5.203822 0.047174 1.32 99.07 272.97
-841.0 5.203162 0.047254 1.32 99.07 273.13
-842.0 5.20255 0.047332 1.32 99.07 273.25
-843.0 5.202025 0.047401 1.32 99.07 273.34
-844.0 5.202047 0.047395 1.32 99.07 273.37
-845.0 5.202007 0.047409 1.32 99.07 273.38
-846.0 5.202328 0.047381 1.32 99.07 273.44
-847.0 5.202478 0.047369 1.32 99.07 273.48
-848.0 5.202776 0.047387 1.32 99.07 273.53
-849.0 5.202867 0.047384 1.32 99.07 273.57
-850.0 5.202892 0.047388 1.32 99.07 273.58
-851.0 5.202783 0.047384 1.32 99.06 273.62
-852.0 5.202507 0.047359 1.32 99.06 273.67
-853.0 5.202284 0.047372 1.32 99.06 273.72
-854.0 5.201907 0.047391 1.32 99.06 273.8
-855.0 5.201827 0.047396 1.32 99.06 273.83
-856.0 5.201694 0.04742 1.32 99.06 273.87
-857.0 5.202086 0.04737 1.32 99.07 273.95
-858.0 5.202653 0.047324 1.32 99.07 274.07
-859.0 5.203892 0.047277 1.32 99.07 274.35
-860.0 5.204671 0.047196 1.32 99.06 274.62
-861.0 5.204155 0.04703 1.32 99.04 274.75
-862.0 5.203114 0.046838 1.32 99.03 274.83
-863.0 5.202549 0.046733 1.32 99.03 274.86
-864.0 5.202412 0.046704 1.32 99.03 274.87
-865.0 5.202428 0.04667 1.32 99.03 274.87
-866.0 5.202691 0.046638 1.32 99.03 274.81
-867.0 5.202787 0.046617 1.32 99.03 274.8
-868.0 5.203093 0.046556 1.32 99.03 274.79
-869.0 5.203115 0.04654 1.32 99.03 274.77
-870.0 5.203327 0.046508 1.32 99.03 274.8
-871.0 5.203217 0.046481 1.32 99.03 274.77
-872.0 5.203222 0.046475 1.32 99.03 274.77
-873.0 5.202971 0.046427 1.32 99.03 274.76
-874.0 5.202817 0.046396 1.32 99.03 274.74
-875.0 5.202663 0.046367 1.32 99.02 274.75
-876.0 5.202702 0.046334 1.32 99.02 274.71
-877.0 5.203144 0.046311 1.32 99.02 274.61
-878.0 5.203847 0.046237 1.32 99.02 274.46
-879.0 5.204702 0.04613 1.32 99.0 274.24
-880.0 5.204303 0.046186 1.32 98.98 274.02
-881.0 5.203435 0.046277 1.32 98.97 273.81
-882.0 5.202511 0.046348 1.32 98.97 273.61
-883.0 5.202298 0.046382 1.32 98.97 273.54
-884.0 5.202192 0.046391 1.32 98.97 273.5
-885.0 5.202488 0.046452 1.32 98.97 273.49
-886.0 5.202704 0.046492 1.32 98.97 273.48
-887.0 5.202975 0.046527 1.32 98.97 273.43
-888.0 5.203157 0.046564 1.32 98.97 273.39
-889.0 5.203173 0.046579 1.32 98.97 273.38
-890.0 5.203233 0.046599 1.32 98.97 273.34
-891.0 5.203013 0.046646 1.32 98.96 273.33
-892.0 5.202985 0.046649 1.32 98.96 273.3
-893.0 5.202641 0.046691 1.32 98.96 273.23
-894.0 5.202579 0.046697 1.32 98.96 273.21
-895.0 5.202269 0.046694 1.32 98.96 273.14
-896.0 5.202346 0.046725 1.32 98.96 273.12
-897.0 5.202467 0.046752 1.32 98.96 273.1
-898.0 5.203102 0.046863 1.32 98.96 273.05
-899.0 5.203768 0.047005 1.32 98.96 273.01
-900.0 5.203668 0.047113 1.32 98.96 273.07
-901.0 5.202984 0.047222 1.32 98.96 273.2
-902.0 5.202291 0.047312 1.32 98.96 273.32
-903.0 5.202143 0.047337 1.32 98.96 273.35
-904.0 5.201985 0.047372 1.32 98.96 273.37
-905.0 5.202284 0.047342 1.32 98.96 273.43
-906.0 5.202376 0.047339 1.32 98.96 273.45
-907.0 5.202776 0.047354 1.32 98.96 273.53
-908.0 5.202858 0.047349 1.32 98.96 273.56
-909.0 5.203025 0.047374 1.32 98.96 273.59
-910.0 5.202905 0.047363 1.32 98.95 273.63
-911.0 5.20273 0.047346 1.32 98.95 273.66
-912.0 5.202483 0.047356 1.32 98.95 273.72
-913.0 5.202125 0.047368 1.32 98.95 273.79
-914.0 5.201969 0.047389 1.32 98.95 273.82
-915.0 5.201711 0.047431 1.32 98.95 273.87
-916.0 5.201911 0.047405 1.32 98.95 273.91
-917.0 5.202141 0.0474 1.32 98.96 273.98
-918.0 5.20311 0.047369 1.32 98.96 274.19
-919.0 5.204132 0.047353 1.32 98.95 274.45
-920.0 5.204601 0.047304 1.32 98.94 274.7
-921.0 5.203632 0.047107 1.32 98.92 274.84
-922.0 5.202846 0.046972 1.32 98.91 274.91
-923.0 5.202447 0.046915 1.32 98.91 274.97
-924.0 5.202356 0.046875 1.32 98.91 274.97
-925.0 5.202528 0.046852 1.32 98.91 274.94
-926.0 5.202633 0.046822 1.32 98.91 274.93
-927.0 5.20296 0.046759 1.32 98.91 274.91
-928.0 5.203022 0.046742 1.32 98.91 274.9
-929.0 5.203293 0.046693 1.32 98.91 274.93
-930.0 5.203209 0.046674 1.32 98.91 274.91
-931.0 5.203277 0.046665 1.32 98.91 274.93
-932.0 5.203023 0.046618 1.32 98.91 274.9
-933.0 5.202902 0.046595 1.32 98.91 274.89
-934.0 5.202673 0.046556 1.32 98.91 274.9
-935.0 5.202634 0.046522 1.32 98.91 274.88
-936.0 5.202835 0.046508 1.32 98.91 274.83
-937.0 5.203353 0.046441 1.32 98.91 274.73
-938.0 5.204323 0.046313 1.32 98.9 274.53
-939.0 5.204698 0.04624 1.32 98.88 274.34
-940.0 5.204125 0.046267 1.32 98.86 274.1
-941.0 5.202986 0.046353 1.32 98.85 273.84
-942.0 5.202493 0.046377 1.32 98.85 273.72
-943.0 5.202174 0.046378 1.32 98.85 273.63
-944.0 5.202364 0.046426 1.32 98.85 273.61
-945.0 5.202502 0.046452 1.32 98.85 273.6
-946.0 5.202828 0.046496 1.32 98.86 273.54
-947.0 5.203022 0.046532 1.32 98.86 273.51
-948.0 5.203174 0.04654 1.32 98.86 273.47
-949.0 5.203253 0.046566 1.32 98.85 273.43
-950.0 5.203138 0.046595 1.32 98.85 273.41
-951.0 5.203096 0.046604 1.32 98.85 273.37
-952.0 5.202807 0.046646 1.32 98.85 273.32
-953.0 5.202727 0.046647 1.32 98.85 273.29
-954.0 5.20241 0.046651 1.32 98.85 273.22
-955.0 5.202427 0.046669 1.32 98.85 273.2
-956.0 5.202371 0.04667 1.32 98.85 273.17
-957.0 5.202832 0.046752 1.32 98.85 273.12
-958.0 5.203426 0.046861 1.32 98.85 273.07
-959.0 5.203903 0.046984 1.32 98.85 273.02
-960.0 5.203401 0.047115 1.32 98.85 273.12
-961.0 5.202651 0.047218 1.32 98.85 273.26
-962.0 5.202265 0.047287 1.32 98.84 273.3
-963.0 5.202037 0.047334 1.32 98.84 273.33
-964.0 5.202207 0.047316 1.32 98.84 273.37
-965.0 5.20227 0.047322 1.32 98.84 273.38
-966.0 5.202663 0.047328 1.32 98.84 273.47
-967.0 5.202767 0.047329 1.32 98.84 273.49
-968.0 5.20306 0.047371 1.32 98.84 273.53
-969.0 5.202963 0.047359 1.32 98.84 273.57
-970.0 5.202932 0.047361 1.32 98.84 273.58
-971.0 5.20263 0.047365 1.32 98.84 273.65
-972.0 5.202352 0.04737 1.32 98.84 273.71
-973.0 5.202072 0.047408 1.32 98.84 273.76
-974.0 5.201795 0.047449 1.32 98.84 273.81
-975.0 5.201805 0.047452 1.32 98.84 273.83
-976.0 5.201844 0.04747 1.32 98.84 273.87
-977.0 5.202492 0.047448 1.32 98.84 274.02
-978.0 5.203305 0.047455 1.32 98.84 274.2
-979.0 5.204451 0.047501 1.32 98.83 274.5
-980.0 5.204072 0.047379 1.32 98.81 274.7
-981.0 5.203238 0.047237 1.32 98.8 274.81
-982.0 5.202512 0.047139 1.32 98.8 274.92
-983.0 5.202348 0.047094 1.32 98.8 274.94
-984.0 5.202348 0.047079 1.32 98.8 274.94
-985.0 5.202476 0.047042 1.32 98.8 274.94
-986.0 5.202737 0.046994 1.32 98.8 274.91
-987.0 5.202846 0.04697 1.32 98.8 274.91
-988.0 5.203143 0.046914 1.32 98.8 274.94
-989.0 5.203104 0.0469 1.32 98.8 274.92
-990.0 5.203275 0.046888 1.32 98.8 274.96
-991.0 5.20302 0.046843 1.32 98.8 274.93
-992.0 5.202976 0.046832 1.32 98.8 274.93
-993.0 5.202631 0.046772 1.32 98.79 274.95
-994.0 5.202574 0.046744 1.32 98.79 274.93
-995.0 5.20255 0.046725 1.32 98.79 274.93
-996.0 5.202914 0.046669 1.32 98.79 274.85
-997.0 5.203707 0.046564 1.32 98.79 274.71
-998.0 5.204565 0.046411 1.32 98.77 274.55
-999.0 5.204727 0.046314 1.32 98.75 274.33
-1000.0 5.20361 0.046375 1.32 98.75 274.04
