0.0 0.723329 0.006759 3.39 76.66 54.53
-1000.0 0.723335 0.007267 3.4 79.43 52.01
-2000.0 0.723332 0.007772 3.39 82.16 48.67
-3000.0 0.723327 0.008308 3.39 84.88 45.62
-4000.0 0.723334 0.008838 3.37 87.56 41.86
-5000.0 0.723324 0.009368 3.35 90.22 38.57
-6000.0 0.72333 0.009948 3.32 92.85 34.52
-7000.0 0.723327 0.010461 3.29 95.45 30.8
-8000.0 0.723326 0.011055 3.25 98.02 26.76
-9000.0 0.723328 0.011603 3.2 100.57 22.78
-10000.0 0.723327 0.012214 3.15 103.07 18.59
-11000.0 0.723324 0.012771 3.09 105.55 14.44
-12000.0 0.723329 0.013411 3.02 107.99 10.26
-13000.0 0.723323 0.014 2.95 110.39 5.89
-14000.0 0.723327 0.014635 2.87 112.74 1.68
-15000.0 0.723327 0.015243 2.79 115.04 357.33
-16000.0 0.723323 0.015902 2.7 117.29 353.16
-17000.0 0.72333 0.016526 2.61 119.47 348.81
-18000.0 0.723325 0.017163 2.51 121.58 344.81
-19000.0 0.723328 0.017845 2.4 123.6 340.64
-20000.0 0.72333 0.018465 2.29 125.53 336.7
-21000.0 0.723327 0.019155 2.18 127.34 332.77
-22000.0 0.72333 0.019765 2.06 129.01 329.04
-23000.0 0.72333 0.020462 1.93 130.52 325.4
-24000.0 0.723326 0.021036 1.81 131.82 321.92
-25000.0 0.723333 0.021692 1.68 132.88 318.82
-26000.0 0.723326 0.022275 1.54 133.6 315.83
-27000.0 0.72333 0.02287 1.41 133.92 313.42
-28000.0 0.72333 0.023434 1.28 133.68 311.38
-29000.0 0.723326 0.024007 1.14 132.7 310.23
-30000.0 0.723332 0.024565 1.02 130.69 309.85
-31000.0 0.723328 0.025094 0.89 127.28 311.03
-32000.0 0.723332 0.025647 0.78 121.92 314.02
-33000.0 0.723333 0.026172 0.69 114.03 319.56
-34000.0 0.723335 0.026692 0.62 103.32 327.85
-35000.0 0.723334 0.02719 0.6 90.45 338.37
-36000.0 0.723345 0.027726 0.62 77.44 348.96
-37000.0 0.723331 0.028204 0.69 66.3 357.72
-38000.0 0.723347 0.028726 0.78 57.99 3.64
-39000.0 0.723331 0.029206 0.9 52.26 7.03
-40000.0 0.723339 0.02973 1.03 48.56 8.36
-41000.0 0.723333 0.030166 1.18 46.34 8.24
-42000.0 0.72333 0.030656 1.32 45.17 7.14
-43000.0 0.723332 0.031077 1.48 44.78 5.17
-44000.0 0.723329 0.031487 1.63 44.94 2.79
-45000.0 0.723328 0.031856 1.79 45.55 359.86
-46000.0 0.723332 0.032217 1.94 46.47 356.77
-47000.0 0.723326 0.03254 2.1 47.64 353.27
-48000.0 0.723329 0.032822 2.25 49.02 349.72
-49000.0 0.723328 0.033113 2.4 50.55 345.91
-50000.0 0.723324 0.033346 2.55 52.22 342.01
-51000.0 0.72333 0.033583 2.7 54.0 337.94
-52000.0 0.723324 0.033748 2.84 55.87 333.84
-53000.0 0.723326 0.033976 2.98 57.81 329.6
-54000.0 0.723329 0.034079 3.11 59.82 325.29
-55000.0 0.723324 0.034264 3.24 61.88 320.98
-56000.0 0.723332 0.03437 3.37 64.0 316.57
-57000.0 0.723327 0.034522 3.49 66.16 312.18
-58000.0 0.723328 0.03462 3.61 68.36 307.69
-59000.0 0.72333 0.034737 3.72 70.59 303.31
-60000.0 0.723325 0.034859 3.83 72.86 298.77
-61000.0 0.723328 0.034914 3.93 75.15 294.37
-62000.0 0.723328 0.035013 4.03 77.46 289.9
-63000.0 0.723324 0.035045 4.12 79.79 285.5
-64000.0 0.72333 0.035099 4.2 82.15 281.08
-65000.0 0.723326 0.035071 4.28 84.52 276.72
-66000.0 0.723327 0.035093 4.35 86.9 272.42
-67000.0 0.723331 0.035025 4.42 89.29 268.06
-68000.0 0.723325 0.034981 4.48 91.7 263.83
-69000.0 0.72333 0.034868 4.53 94.11 259.54
-70000.0 0.723328 0.034784 4.58 96.53 255.34
-71000.0 0.723327 0.034613 4.62 98.95 251.07
-72000.0 0.723333 0.034449 4.65 101.39 246.95
-73000.0 0.723331 0.034272 4.68 103.82 242.72
-74000.0 0.723332 0.034043 4.7 106.26 238.62
-75000.0 0.723339 0.033835 4.71 108.7 234.46
-76000.0 0.723329 0.033591 4.72 111.15 230.42
-77000.0 0.723346 0.033385 4.72 113.6 226.28
-78000.0 0.72333 0.033123 4.71 116.04 222.25
-79000.0 0.723342 0.032919 4.69 118.5 218.21
-80000.0 0.723333 0.03269 4.67 120.95 214.2
-81000.0 0.723336 0.032481 4.64 123.4 210.23
-82000.0 0.723332 0.032251 4.61 125.85 206.32
-83000.0 0.723335 0.032085 4.56 128.31 202.46
-84000.0 0.723329 0.031871 4.51 130.76 198.63
-85000.0 0.723334 0.031716 4.46 133.22 194.91
-86000.0 0.723329 0.03154 4.39 135.67 191.22
-87000.0 0.72333 0.031423 4.33 138.12 187.59
-88000.0 0.723331 0.031259 4.25 140.58 183.98
-89000.0 0.723325 0.031159 4.17 143.02 180.53
-90000.0 0.723331 0.031051 4.08 145.47 176.97
-91000.0 0.723327 0.030941 3.99 147.91 173.64
-92000.0 0.723328 0.030867 3.89 150.34 170.2
-93000.0 0.723331 0.030788 3.78 152.77 166.98
-94000.0 0.723327 0.030772 3.67 155.19 163.62
-95000.0 0.723329 0.030704 3.56 157.59 160.47
-96000.0 0.72333 0.030762 3.44 159.99 157.27
-97000.0 0.723324 0.03075 3.31 162.36 154.08
-98000.0 0.723331 0.030838 3.18 164.72 150.98
-99000.0 0.723323 0.030891 3.05 167.06 147.85
-100000.0 0.723326 0.031038 2.91 169.36 144.81
-101000.0 0.723327 0.031154 2.77 171.64 141.72
-102000.0 0.723322 0.031335 2.63 173.87 138.78
-103000.0 0.723329 0.031554 2.48 176.07 135.78
-104000.0 0.723324 0.031792 2.33 178.2 132.89
-105000.0 0.723326 0.03207 2.18 180.26 129.99
-106000.0 0.723328 0.032378 2.03 182.23 127.26
-107000.0 0.723326 0.032737 1.87 184.09 124.46
-108000.0 0.723327 0.033067 1.71 185.8 121.92
-109000.0 0.723331 0.033495 1.55 187.32 119.44
-110000.0 0.723325 0.033878 1.4 188.58 117.22
-111000.0 0.723333 0.034356 1.24 189.47 115.33
-112000.0 0.723328 0.03477 1.08 189.86 113.89
-113000.0 0.723331 0.035319 0.92 189.45 113.26
-114000.0 0.723336 0.035782 0.77 187.86 113.65
-115000.0 0.723328 0.036339 0.63 184.23 116.16
-116000.0 0.723337 0.036877 0.49 177.08 122.02
-117000.0 0.72333 0.03745 0.39 163.78 134.05
-118000.0 0.723336 0.038024 0.33 142.08 154.38
-119000.0 0.723334 0.038609 0.34 117.29 177.82
-120000.0 0.723338 0.039237 0.42 99.14 194.5
-121000.0 0.723331 0.039841 0.53 88.87 203.32
-122000.0 0.723342 0.040477 0.66 83.53 207.15
-123000.0 0.723327 0.04114 0.8 80.96 208.21
-124000.0 0.723341 0.041789 0.93 80.04 207.49
-125000.0 0.723328 0.042445 1.07 80.12 205.86
-126000.0 0.723334 0.043125 1.2 80.87 203.43
-127000.0 0.723332 0.043764 1.34 82.07 200.57
-128000.0 0.723331 0.044441 1.46 83.61 197.32
-129000.0 0.723333 0.045037 1.59 85.38 193.85
-130000.0 0.723332 0.045728 1.71 87.34 190.15
-131000.0 0.72333 0.046285 1.83 89.43 186.26
-132000.0 0.723331 0.046926 1.94 91.65 182.29
-133000.0 0.723329 0.047496 2.05 93.96 178.11
-134000.0 0.723327 0.048074 2.16 96.34 173.9
-135000.0 0.72333 0.048618 2.25 98.8 169.5
-136000.0 0.723323 0.049145 2.35 101.31 165.1
-137000.0 0.723328 0.049682 2.43 103.88 160.51
-138000.0 0.723325 0.050152 2.51 106.49 155.94
-139000.0 0.723324 0.050658 2.59 109.15 151.23
-140000.0 0.72333 0.051134 2.66 111.85 146.5
-141000.0 0.723322 0.051616 2.72 114.6 141.66
-142000.0 0.723329 0.052057 2.77 117.39 136.8
-143000.0 0.723326 0.052557 2.82 120.22 131.87
-144000.0 0.723326 0.052966 2.86 123.1 126.86
-145000.0 0.723328 0.053429 2.9 126.02 121.85
-146000.0 0.723328 0.053811 2.93 128.99 116.73
-147000.0 0.723325 0.054234 2.95 132.0 111.63
-148000.0 0.723332 0.054579 2.97 135.07 106.41
-149000.0 0.723325 0.05491 2.98 138.18 101.25
-150000.0 0.723332 0.055263 2.98 141.35 95.94
-151000.0 0.723328 0.055495 2.98 144.56 90.66
-152000.0 0.723328 0.055786 2.97 147.83 85.28
-153000.0 0.723332 0.055954 2.96 151.14 79.89
-154000.0 0.723326 0.056165 2.94 154.51 74.4
-155000.0 0.723331 0.056243 2.92 157.93 68.86
-156000.0 0.723329 0.056357 2.9 161.41 63.29
-157000.0 0.723329 0.05639 2.87 164.95 57.6
-158000.0 0.723331 0.056408 2.83 168.54 51.89
-159000.0 0.723333 0.056372 2.79 172.2 46.07
-160000.0 0.723328 0.056362 2.75 175.93 40.21
-161000.0 0.723342 0.056273 2.7 179.73 34.2
-162000.0 0.723326 0.056209 2.65 183.63 28.16
-163000.0 0.723345 0.056104 2.59 187.61 21.96
-164000.0 0.72333 0.056008 2.53 191.71 15.68
-165000.0 0.723342 0.055873 2.47 195.93 9.26
-166000.0 0.723336 0.05573 2.41 200.29 2.75
-167000.0 0.723338 0.055613 2.34 204.8 356.06
-168000.0 0.723334 0.055418 2.28 209.48 349.26
-169000.0 0.723336 0.055275 2.21 214.34 342.27
-170000.0 0.723329 0.055066 2.15 219.41 335.15
-171000.0 0.723332 0.054883 2.09 224.69 327.79
-172000.0 0.723329 0.054615 2.02 230.19 320.27
-173000.0 0.723325 0.054378 1.97 235.93 312.55
-174000.0 0.723331 0.054061 1.92 241.9 304.59
-175000.0 0.723322 0.053731 1.87 248.09 296.49
-176000.0 0.72333 0.053329 1.83 254.49 288.16
-177000.0 0.723326 0.052952 1.8 261.08 279.72
-178000.0 0.723327 0.052471 1.78 267.79 271.11
-179000.0 0.723329 0.052005 1.76 274.63 262.48
-180000.0 0.723326 0.051508 1.76 281.49 253.76
-181000.0 0.723328 0.050964 1.76 288.38 245.11
-182000.0 0.723329 0.050432 1.77 295.19 236.47
-183000.0 0.723326 0.049824 1.79 301.9 228.02
-184000.0 0.723329 0.049292 1.82 308.47 219.65
-185000.0 0.723328 0.048637 1.86 314.87 211.51
-186000.0 0.723325 0.048081 1.9 321.07 203.6
-187000.0 0.723332 0.047465 1.95 327.08 195.88
-188000.0 0.723324 0.046893 2.0 332.86 188.45
-189000.0 0.723329 0.046307 2.06 338.44 181.21
-190000.0 0.723327 0.045759 2.12 343.81 174.3
-191000.0 0.723326 0.045216 2.19 348.97 167.52
-192000.0 0.723329 0.044662 2.25 353.95 161.09
-193000.0 0.723326 0.044151 2.32 358.74 154.82
-194000.0 0.723325 0.043627 2.38 3.37 148.81
-195000.0 0.72333 0.043131 2.45 7.83 142.98
-196000.0 0.723324 0.042615 2.51 12.15 137.41
-197000.0 0.723331 0.042189 2.58 16.33 132.0
-198000.0 0.723328 0.041687 2.64 20.38 126.79
-199000.0 0.723327 0.041291 2.7 24.31 121.76
-200000.0 0.723334 0.040834 2.75 28.14 116.89
-201000.0 0.723328 0.040473 2.81 31.87 112.15
-202000.0 0.723338 0.040044 2.86 35.5 107.54
-203000.0 0.723334 0.039708 2.9 39.06 103.12
-204000.0 0.723342 0.039358 2.95 42.53 98.74
-205000.0 0.723335 0.039045 2.98 45.93 94.54
-206000.0 0.723346 0.038751 3.02 49.26 90.38
-207000.0 0.723331 0.038527 3.05 52.53 86.38
-208000.0 0.723343 0.038307 3.07 55.74 82.36
-209000.0 0.723327 0.038142 3.09 58.9 78.51
-210000.0 0.723335 0.03803 3.1 62.0 74.64
-211000.0 0.72333 0.03794 3.11 65.05 70.87
-212000.0 0.723327 0.037899 3.11 68.06 67.12
-213000.0 0.723333 0.037887 3.1 71.01 63.49
-214000.0 0.723326 0.037953 3.09 73.93 59.79
-215000.0 0.723331 0.038007 3.08 76.79 56.23
-216000.0 0.72333 0.038157 3.05 79.62 52.63
-217000.0 0.723326 0.038309 3.03 82.4 49.1
-218000.0 0.723331 0.038543 2.99 85.14 45.53
-219000.0 0.723327 0.038743 2.95 87.83 41.99
-220000.0 0.723327 0.039071 2.9 90.49 38.49
-221000.0 0.723331 0.039334 2.85 93.09 34.9
-222000.0 0.723325 0.039694 2.79 95.65 31.44
-223000.0 0.723331 0.040032 2.73 98.15 27.87
-224000.0 0.723328 0.040441 2.66 100.6 24.41
-225000.0 0.723327 0.040849 2.58 102.99 20.85
-226000.0 0.72333 0.041272 2.5 105.31 17.43
-227000.0 0.723325 0.041779 2.41 107.57 13.92
-228000.0 0.723327 0.042217 2.32 109.73 10.5
-229000.0 0.723327 0.042748 2.22 111.8 7.1
-230000.0 0.723324 0.043235 2.12 113.76 3.79
-231000.0 0.723326 0.043778 2.01 115.58 0.53
-232000.0 0.723327 0.044275 1.9 117.26 357.41
-233000.0 0.723323 0.044824 1.78 118.74 354.46
-234000.0 0.723331 0.045345 1.67 120.0 351.65
-235000.0 0.723322 0.045881 1.54 120.96 349.15
-236000.0 0.72333 0.046386 1.42 121.56 346.91
-237000.0 0.723327 0.046927 1.29 121.67 345.2
-238000.0 0.723328 0.047408 1.16 121.15 343.97
-239000.0 0.723332 0.047879 1.04 119.76 343.69
-240000.0 0.723329 0.048366 0.92 117.17 344.48
-241000.0 0.723332 0.048776 0.81 112.93 346.93
-242000.0 0.723333 0.049237 0.71 106.42 351.57
-243000.0 0.723334 0.049602 0.63 97.18 358.95
-244000.0 0.723333 0.050061 0.58 85.21 8.97
-245000.0 0.72334 0.050391 0.58 71.95 20.26
-246000.0 0.723327 0.050799 0.63 59.64 30.59
-247000.0 0.723345 0.051148 0.71 49.87 38.3
-248000.0 0.723326 0.051496 0.81 42.96 43.15
-249000.0 0.723341 0.051813 0.94 38.37 45.64
-250000.0 0.723331 0.052143 1.07 35.56 46.36
-251000.0 0.723336 0.052437 1.21 34.0 45.76
-252000.0 0.723332 0.052736 1.36 33.36 44.28
-253000.0 0.723335 0.052987 1.51 33.38 42.1
-254000.0 0.72333 0.053279 1.67 33.9 39.46
-255000.0 0.723336 0.053475 1.82 34.78 36.38
-256000.0 0.723328 0.053683 1.98 35.95 33.1
-257000.0 0.723331 0.053866 2.14 37.33 29.51
-258000.0 0.723331 0.053966 2.29 38.88 25.82
-259000.0 0.723325 0.054082 2.44 40.58 21.92
-260000.0 0.723335 0.054081 2.6 42.37 17.99
-261000.0 0.723324 0.054138 2.75 44.26 13.9
-262000.0 0.723332 0.054035 2.89 46.22 9.75
-263000.0 0.723327 0.053989 3.04 48.23 5.55
-264000.0 0.723326 0.053853 3.18 50.3 1.23
-265000.0 0.723327 0.053699 3.31 52.41 356.89
-266000.0 0.723326 0.053498 3.45 54.56 352.44
-267000.0 0.723323 0.05329 3.57 56.74 348.0
-268000.0 0.723328 0.053038 3.69 58.95 343.42
-269000.0 0.723323 0.052766 3.81 61.2 338.89
-270000.0 0.723327 0.052482 3.92 63.47 334.25
-271000.0 0.723328 0.052185 4.03 65.76 329.64
-272000.0 0.723324 0.051878 4.13 68.07 324.94
-273000.0 0.723332 0.051525 4.22 70.41 320.29
-274000.0 0.723324 0.051243 4.31 72.77 315.59
-275000.0 0.723331 0.050834 4.39 75.14 310.86
-276000.0 0.723329 0.050504 4.46 77.53 306.19
-277000.0 0.723328 0.050073 4.53 79.94 301.46
-278000.0 0.72333 0.049675 4.59 82.35 296.8
-279000.0 0.72333 0.049201 4.64 84.77 292.09
-280000.0 0.723327 0.048703 4.69 87.2 287.5
-281000.0 0.723333 0.048217 4.73 89.63 282.81
-282000.0 0.723326 0.047613 4.77 92.07 278.23
-283000.0 0.72333 0.047057 4.8 94.51 273.61
-284000.0 0.72333 0.046405 4.82 96.94 269.05
-285000.0 0.723326 0.04576 4.83 99.37 264.45
-286000.0 0.723334 0.045028 4.84 101.8 259.9
-287000.0 0.723327 0.044308 4.84 104.22 255.37
-288000.0 0.723336 0.043524 4.84 106.64 250.82
-289000.0 0.723332 0.042738 4.82 109.04 246.31
-290000.0 0.72334 0.041897 4.8 111.44 241.83
-291000.0 0.723333 0.041111 4.77 113.84 237.35
-292000.0 0.723346 0.040223 4.74 116.22 232.88
-293000.0 0.72333 0.039409 4.69 118.59 228.47
-294000.0 0.723344 0.038532 4.64 120.96 224.04
-295000.0 0.72333 0.037697 4.59 123.31 219.69
-296000.0 0.723335 0.036813 4.52 125.65 215.3
-297000.0 0.723334 0.035958 4.45 127.98 211.11
-298000.0 0.723328 0.035117 4.37 130.3 206.81
-299000.0 0.723334 0.034227 4.29 132.6 202.75
-300000.0 0.723327 0.033398 4.2 134.88 198.67
-301000.0 0.723329 0.032533 4.1 137.15 194.75
-302000.0 0.723329 0.031697 4.0 139.39 190.87
-303000.0 0.723325 0.030825 3.89 141.61 187.15
-304000.0 0.723326 0.030004 3.78 143.8 183.52
-305000.0 0.723327 0.029135 3.66 145.94 179.99
-306000.0 0.723322 0.028309 3.54 148.06 176.62
-307000.0 0.72333 0.027442 3.41 150.12 173.41
-308000.0 0.723324 0.026662 3.28 152.14 170.36
-309000.0 0.723327 0.025801 3.14 154.09 167.43
-310000.0 0.72333 0.025044 3.0 155.98 164.82
-311000.0 0.723324 0.024276 2.86 157.78 162.21
-312000.0 0.723333 0.023539 2.72 159.49 160.02
-313000.0 0.723327 0.022848 2.57 161.08 157.85
-314000.0 0.723328 0.022168 2.42 162.53 156.18
-315000.0 0.72333 0.021581 2.27 163.82 154.54
-316000.0 0.723326 0.020953 2.12 164.91 153.44
-317000.0 0.723329 0.02048 1.96 165.75 152.63
-318000.0 0.723328 0.019981 1.81 166.29 152.22
-319000.0 0.723324 0.019605 1.66 166.44 152.39
-320000.0 0.72333 0.019244 1.51 166.1 153.06
-321000.0 0.723324 0.019007 1.37 165.13 154.53
-322000.0 0.723328 0.01878 1.23 163.35 156.71
-323000.0 0.723329 0.018649 1.1 160.5 160.17
-324000.0 0.723326 0.018574 0.98 156.32 164.83
-325000.0 0.72333 0.018562 0.89 150.5 171.2
-326000.0 0.723328 0.018591 0.81 142.92 179.2
-327000.0 0.723329 0.018707 0.77 133.8 188.85
-328000.0 0.723333 0.018872 0.75 123.92 198.9
-329000.0 0.723333 0.01907 0.78 114.43 208.73
-330000.0 0.723332 0.019347 0.84 106.25 216.88
-331000.0 0.723343 0.019638 0.92 99.83 223.3
-332000.0 0.723329 0.019985 1.01 95.11 227.7
-333000.0 0.723351 0.02032 1.12 91.86 230.67
-334000.0 0.72333 0.020744 1.24 89.76 232.22
-335000.0 0.723344 0.02111 1.36 88.58 232.77
-336000.0 0.723333 0.021559 1.48 88.1 232.47
-337000.0 0.723334 0.021971 1.6 88.15 231.52
-338000.0 0.723332 0.022455 1.72 88.64 229.94
-339000.0 0.723332 0.022876 1.84 89.47 227.93
-340000.0 0.723327 0.023366 1.95 90.57 225.55
-341000.0 0.72333 0.023812 2.06 91.89 222.79
-342000.0 0.723327 0.024272 2.17 93.4 219.79
-343000.0 0.723327 0.024686 2.28 95.06 216.53
-344000.0 0.723331 0.025151 2.38 96.85 213.12
-345000.0 0.723324 0.025538 2.47 98.75 209.4
-346000.0 0.723331 0.02595 2.56 100.75 205.69
-347000.0 0.723326 0.026338 2.65 102.83 201.66
-348000.0 0.723328 0.026692 2.73 104.97 197.63
-349000.0 0.723331 0.027049 2.8 107.18 193.31
-350000.0 0.723327 0.027325 2.87 109.44 189.04
-351000.0 0.723328 0.027671 2.93 111.75 184.52
-352000.0 0.72333 0.027867 2.99 114.1 179.95
-353000.0 0.723323 0.028149 3.04 116.5 175.32
-354000.0 0.723332 0.028334 3.08 118.93 170.53
-355000.0 0.723323 0.02855 3.12 121.4 165.72
-356000.0 0.723327 0.028707 3.15 123.9 160.75
-357000.0 0.723327 0.028875 3.17 126.43 155.82
-358000.0 0.723323 0.029023 3.19 129.0 150.65
-359000.0 0.723329 0.029124 3.2 131.6 145.55
-360000.0 0.723325 0.029229 3.21 134.24 140.3
-361000.0 0.723326 0.029304 3.2 136.9 135.06
-362000.0 0.723328 0.029359 3.19 139.61 129.68
-363000.0 0.723327 0.029355 3.18 142.35 124.36
-364000.0 0.723328 0.029393 3.16 145.13 118.92
-365000.0 0.723332 0.02932 3.13 147.96 113.42
-366000.0 0.723325 0.029294 3.1 150.82 107.93
-367000.0 0.723334 0.029158 3.06 153.73 102.28
-368000.0 0.723329 0.029067 3.02 156.68 96.67
-369000.0 0.723332 0.028864 2.97 159.69 90.81
-370000.0 0.723337 0.02866 2.91 162.74 85.07
-371000.0 0.723329 0.028436 2.85 165.86 79.05
-372000.0 0.723341 0.028135 2.79 169.02 73.07
-373000.0 0.723331 0.02785 2.72 172.25 66.89
-374000.0 0.72334 0.027503 2.65 175.55 60.7
-375000.0 0.723334 0.027179 2.57 178.92 54.28
-376000.0 0.723337 0.026787 2.49 182.38 47.79
-377000.0 0.72333 0.026419 2.41 185.93 41.13
-378000.0 0.723337 0.026028 2.32 189.59 34.32
-379000.0 0.723326 0.025622 2.23 193.37 27.28
-380000.0 0.723338 0.025179 2.14 197.3 20.16
-381000.0 0.723328 0.024787 2.05 201.39 12.77
-382000.0 0.723334 0.024306 1.95 205.69 5.16
-383000.0 0.723332 0.023885 1.86 210.21 357.36
-384000.0 0.72333 0.023382 1.76 215.01 349.19
-385000.0 0.723334 0.022942 1.67 220.11 340.79
-386000.0 0.723331 0.022417 1.57 225.59 331.81
-387000.0 0.72333 0.021906 1.48 231.47 322.64
-388000.0 0.72333 0.021393 1.4 237.83 312.69
-389000.0 0.723328 0.020798 1.32 244.7 302.36
-390000.0 0.723326 0.020245 1.25 252.13 291.28
-391000.0 0.72333 0.019601 1.19 260.13 279.67
-392000.0 0.723322 0.019021 1.14 268.68 267.32
-393000.0 0.723329 0.018343 1.1 277.69 254.4
-394000.0 0.723325 0.017727 1.08 287.03 241.13
-395000.0 0.723325 0.017079 1.07 296.53 227.4
-396000.0 0.723329 0.016445 1.08 305.95 213.67
-397000.0 0.723322 0.015804 1.11 315.14 199.92
-398000.0 0.723327 0.015213 1.14 323.9 186.55
-399000.0 0.723326 0.014614 1.19 332.16 173.22
-400000.0 0.723325 0.014026 1.25 339.87 160.57
-401000.0 0.723328 0.013494 1.31 347.02 148.03
-402000.0 0.723327 0.012948 1.39 353.65 136.03
-403000.0 0.723326 0.012479 1.46 359.79 124.14
-404000.0 0.723333 0.01196 1.54 5.51 112.58
-405000.0 0.723325 0.011573 1.62 10.84 101.29
-406000.0 0.723333 0.011138 1.71 15.85 89.69
-407000.0 0.72333 0.010779 1.79 20.55 78.67
-408000.0 0.723329 0.010458 1.87 25.01 67.12
-409000.0 0.723333 0.01017 1.95 29.24 55.98
-410000.0 0.723327 0.009966 2.03 33.29 44.38
-411000.0 0.723332 0.009753 2.1 37.16 33.09
-412000.0 0.723329 0.009697 2.17 40.89 21.71
-413000.0 0.723329 0.009632 2.24 44.5 10.21
-414000.0 0.723331 0.009686 2.3 47.99 359.13
-415000.0 0.723333 0.009787 2.36 51.39 348.08
-416000.0 0.723328 0.009993 2.41 54.71 337.42
-417000.0 0.723342 0.010217 2.46 57.96 326.89
-418000.0 0.723327 0.010522 2.51 61.13 316.95
-419000.0 0.723346 0.010855 2.55 64.26 307.18
-420000.0 0.723331 0.011235 2.58 67.32 297.89
-421000.0 0.723342 0.011614 2.61 70.35 288.71
-422000.0 0.723336 0.012017 2.63 73.32 280.24
-423000.0 0.723336 0.012468 2.64 76.26 271.64
-424000.0 0.723333 0.012852 2.66 79.15 263.64
-425000.0 0.723334 0.01332 2.66 82.01 255.71
-426000.0 0.723329 0.013709 2.66 84.82 248.11
-427000.0 0.723332 0.014182 2.65 87.6 240.62
-428000.0 0.723329 0.01456 2.64 90.33 233.23
-429000.0 0.723327 0.015005 2.62 93.03 226.22
-430000.0 0.723331 0.015416 2.6 95.69 219.06
-431000.0 0.723323 0.01581 2.57 98.3 212.29
-432000.0 0.72333 0.016203 2.54 100.87 205.49
-433000.0 0.723325 0.016584 2.49 103.39 199.02
-434000.0 0.723326 0.016963 2.45 105.87 192.47
-435000.0 0.723327 0.017295 2.39 108.31 186.28
-436000.0 0.723325 0.017665 2.34 110.69 180.11
-437000.0 0.723326 0.017967 2.27 113.02 174.12
-438000.0 0.723328 0.018298 2.2 115.29 168.23
-439000.0 0.723325 0.018532 2.13 117.49 162.49
-440000.0 0.723329 0.018834 2.05 119.62 156.95
-441000.0 0.723328 0.019012 1.96 121.66 151.33
-442000.0 0.723326 0.019216 1.87 123.6 146.16
-443000.0 0.723332 0.019373 1.78 125.42 140.87
-444000.0 0.723326 0.019498 1.68 127.1 136.01
-445000.0 0.723329 0.019612 1.58 128.6 131.15
-446000.0 0.723329 0.019655 1.47 129.89 126.77
-447000.0 0.723325 0.019754 1.36 130.89 122.52
-448000.0 0.723331 0.019726 1.25 131.55 118.69
-449000.0 0.723326 0.019753 1.14 131.75 115.41
-450000.0 0.723326 0.019701 1.03 131.33 112.69
-451000.0 0.72333 0.01966 0.92 130.05 110.93
-452000.0 0.723324 0.019546 0.81 127.62 110.31
-453000.0 0.723332 0.019446 0.71 123.5 111.56
-454000.0 0.723329 0.019302 0.61 117.09 114.96
-455000.0 0.723329 0.019127 0.54 107.72 121.59
-456000.0 0.723335 0.018929 0.5 95.28 131.17
-457000.0 0.72333 0.018709 0.49 81.17 142.67
-458000.0 0.72334 0.018458 0.53 67.9 153.13
-459000.0 0.723335 0.018142 0.6 57.41 161.11
-460000.0 0.723343 0.017848 0.7 50.01 165.89
-461000.0 0.723335 0.017465 0.81 45.12 168.29
-462000.0 0.723344 0.017098 0.93 42.1 168.84
-463000.0 0.723331 0.016648 1.06 40.37 168.26
-464000.0 0.723341 0.016254 1.19 39.59 166.74
-465000.0 0.723327 0.015746 1.32 39.47 164.61
-466000.0 0.723334 0.015291 1.46 39.86 162.19
-467000.0 0.72333 0.014774 1.6 40.62 159.37
-468000.0 0.723327 0.014266 1.73 41.67 156.42
-469000.0 0.723333 0.0137 1.86 42.94 153.32
-470000.0 0.723325 0.013166 2.0 44.39 150.32
-471000.0 0.723329 0.012581 2.13 45.98 147.15
-472000.0 0.723328 0.01201 2.26 47.69 144.31
-473000.0 0.723325 0.011412 2.38 49.5 141.43
-474000.0 0.723331 0.010849 2.51 51.38 139.07
-475000.0 0.723326 0.010273 2.63 53.32 136.55
-476000.0 0.723328 0.00969 2.74 55.32 134.99
-477000.0 0.723331 0.009189 2.86 57.36 133.33
-478000.0 0.723326 0.00862 2.97 59.44 132.52
-479000.0 0.723332 0.008178 3.07 61.54 132.15
-480000.0 0.723329 0.007694 3.17 63.68 132.58
-481000.0 0.723328 0.00738 3.27 65.83 133.7
-482000.0 0.723329 0.007045 3.36 68.0 135.36
-483000.0 0.723326 0.00692 3.44 70.19 138.1
-484000.0 0.723326 0.006853 3.52 72.39 140.52
-485000.0 0.723326 0.006943 3.6 74.6 143.63
-486000.0 0.723323 0.007148 3.67 76.83 146.05
-487000.0 0.723325 0.007495 3.73 79.06 148.24
-488000.0 0.723326 0.007921 3.79 81.29 149.51
-489000.0 0.723323 0.008463 3.84 83.53 150.41
-490000.0 0.723331 0.009082 3.88 85.78 150.3
-491000.0 0.723323 0.009777 3.92 88.02 149.73
-492000.0 0.723331 0.010513 3.96 90.26 148.33
-493000.0 0.723328 0.011326 3.98 92.51 146.74
-494000.0 0.723328 0.012172 4.0 94.74 144.21
-495000.0 0.723333 0.01301 4.02 96.97 141.79
-496000.0 0.72333 0.013951 4.02 99.2 138.72
-497000.0 0.723334 0.01483 4.03 101.42 135.58
-498000.0 0.723333 0.015811 4.02 103.63 132.17
-499000.0 0.723336 0.016721 4.01 105.82 128.65
-500000.0 0.723333 0.017753 3.99 108.01 125.02
-501000.0 0.723343 0.018695 3.97 110.17 121.15
-502000.0 0.723328 0.019707 3.94 112.33 117.38
-503000.0 0.723345 0.020698 3.91 114.46 113.35
-504000.0 0.723326 0.021689 3.86 116.58 109.33
-505000.0 0.72334 0.022665 3.82 118.67 105.23
-506000.0 0.72333 0.023648 3.76 120.74 101.14
-507000.0 0.723333 0.024608 3.7 122.79 96.94
-508000.0 0.723331 0.025567 3.64 124.8 92.8
-509000.0 0.723332 0.026491 3.57 126.79 88.56
-510000.0 0.723328 0.027457 3.5 128.74 84.42
-511000.0 0.723335 0.028358 3.42 130.65 80.09
-512000.0 0.723327 0.02926 3.33 132.51 75.96
-513000.0 0.723332 0.030184 3.25 134.32 71.65
-514000.0 0.723332 0.031033 3.16 136.07 67.49
-515000.0 0.723327 0.03194 3.06 137.75 63.28
-516000.0 0.723336 0.032748 2.96 139.35 59.2
-517000.0 0.723325 0.033656 2.86 140.86 55.16
-518000.0 0.723332 0.034434 2.76 142.26 51.18
-519000.0 0.723327 0.035286 2.65 143.55 47.41
-520000.0 0.723326 0.03609 2.54 144.71 43.64
-521000.0 0.723328 0.036877 2.43 145.7 40.11
-522000.0 0.723325 0.037655 2.32 146.52 36.68
-523000.0 0.723323 0.038398 2.21 147.14 33.54
-524000.0 0.723327 0.03914 2.09 147.52 30.52
-525000.0 0.723323 0.039807 1.98 147.63 27.88
-526000.0 0.723327 0.040482 1.87 147.44 25.49
-527000.0 0.723328 0.0411 1.77 146.89 23.51
-528000.0 0.723323 0.041707 1.66 145.93 21.88
-529000.0 0.723331 0.042225 1.57 144.52 20.75
-530000.0 0.723324 0.042798 1.47 142.59 20.12
-531000.0 0.72333 0.043236 1.39 140.12 19.97
-532000.0 0.723328 0.043713 1.32 137.08 20.48
-533000.0 0.723328 0.044101 1.26 133.49 21.42
-534000.0 0.723329 0.044496 1.22 129.43 22.92
-535000.0 0.72333 0.04483 1.19 125.02 24.66
-536000.0 0.723327 0.045121 1.19 120.47 26.65
-537000.0 0.723333 0.045455 1.19 115.97 28.5
-538000.0 0.723328 0.045667 1.22 111.74 30.12
-539000.0 0.723331 0.045947 1.26 107.93 31.32
-540000.0 0.723333 0.046127 1.31 104.67 32.0
-541000.0 0.723326 0.046343 1.38 101.95 32.11
-542000.0 0.723336 0.046461 1.45 99.82 31.66
-543000.0 0.723327 0.046596 1.53 98.21 30.73
-544000.0 0.723336 0.046671 1.62 97.09 29.28
-545000.0 0.723331 0.046714 1.71 96.4 27.47
-546000.0 0.723339 0.046695 1.8 96.07 25.28
-547000.0 0.723333 0.04669 1.89 96.08 22.82
-548000.0 0.723344 0.046582 1.98 96.35 20.04
-549000.0 0.723331 0.046484 2.07 96.88 17.1
-550000.0 0.723344 0.046314 2.16 97.6 13.9
-551000.0 0.72333 0.046134 2.25 98.51 10.59
-552000.0 0.723336 0.045892 2.33 99.57 7.05
-553000.0 0.723334 0.045605 2.41 100.77 3.5
-554000.0 0.723328 0.045341 2.49 102.09 359.73
-555000.0 0.723334 0.044956 2.56 103.52 355.95
-556000.0 0.723327 0.044628 2.63 105.04 352.06
-557000.0 0.723329 0.044212 2.7 106.65 348.14
-558000.0 0.723329 0.043827 2.75 108.34 344.12
-559000.0 0.723325 0.043365 2.81 110.09 340.09
-560000.0 0.723326 0.042931 2.86 111.92 336.03
-561000.0 0.723327 0.042444 2.9 113.79 331.91
-562000.0 0.723322 0.04195 2.94 115.72 327.82
-563000.0 0.72333 0.041407 2.98 117.7 323.69
-564000.0 0.723324 0.04089 3.01 119.72 319.64
-565000.0 0.723327 0.040304 3.03 121.78 315.5
-566000.0 0.723331 0.039711 3.05 123.87 311.52
-567000.0 0.723323 0.039131 3.07 125.99 307.45
-568000.0 0.723333 0.038474 3.07 128.14 303.49
-569000.0 0.723326 0.037866 3.08 130.32 299.51
-570000.0 0.723328 0.037158 3.08 132.52 295.62
-571000.0 0.72333 0.036545 3.07 134.73 291.74
-572000.0 0.723326 0.035795 3.06 136.97 287.89
-573000.0 0.723329 0.035133 3.04 139.22 284.18
-574000.0 0.723329 0.034418 3.01 141.49 280.41
-575000.0 0.723325 0.033727 2.99 143.77 276.82
-576000.0 0.723331 0.033035 2.95 146.08 273.2
-577000.0 0.723325 0.032358 2.91 148.38 269.78
-578000.0 0.723328 0.031717 2.87 150.71 266.27
-579000.0 0.723328 0.031053 2.82 153.05 262.98
-580000.0 0.723325 0.030456 2.77 155.41 259.7
-581000.0 0.723328 0.029861 2.71 157.77 256.54
-582000.0 0.723327 0.029309 2.64 160.15 253.43
-583000.0 0.723327 0.028762 2.58 162.55 250.5
-584000.0 0.723332 0.028328 2.51 164.96 247.61
-585000.0 0.723332 0.027856 2.43 167.38 244.83
-586000.0 0.723332 0.027515 2.35 169.82 242.16
-587000.0 0.723344 0.027163 2.27 172.28 239.57
-588000.0 0.72333 0.026934 2.18 174.75 237.03
-589000.0 0.723353 0.026683 2.09 177.25 234.54
-590000.0 0.723331 0.026559 2.0 179.75 232.16
-591000.0 0.723345 0.026446 1.9 182.29 229.66
-592000.0 0.723333 0.026431 1.8 184.84 227.31
-593000.0 0.723335 0.02645 1.7 187.42 224.82
-594000.0 0.723331 0.026587 1.6 190.04 222.42
-595000.0 0.723332 0.026754 1.5 192.68 219.79
-596000.0 0.723326 0.027005 1.39 195.38 217.21
-597000.0 0.72333 0.027337 1.28 198.13 214.41
-598000.0 0.723326 0.027715 1.17 200.94 211.5
-599000.0 0.723327 0.028146 1.06 203.84 208.37
-600000.0 0.723331 0.028644 0.95 206.87 205.11
-601000.0 0.723323 0.029203 0.84 210.06 201.45
-602000.0 0.723331 0.02978 0.73 213.5 197.6
-603000.0 0.723327 0.030449 0.62 217.29 193.16
-604000.0 0.723328 0.031121 0.51 221.68 188.11
-605000.0 0.723331 0.031882 0.4 227.17 181.77
-606000.0 0.723327 0.032596 0.29 234.89 173.17
-607000.0 0.723329 0.033439 0.19 248.47 158.61
-608000.0 0.723331 0.034194 0.11 281.33 124.58
-609000.0 0.723324 0.03504 0.11 343.07 61.72
-610000.0 0.723334 0.035849 0.19 15.03 28.44
-611000.0 0.723324 0.036694 0.28 28.31 13.86
-612000.0 0.723329 0.037529 0.38 35.94 4.74
-613000.0 0.723328 0.038346 0.48 41.37 357.87
-614000.0 0.723323 0.039228 0.58 45.73 351.88
-615000.0 0.723329 0.040016 0.67 49.49 346.47
-616000.0 0.723323 0.040869 0.76 52.88 341.34
-617000.0 0.723325 0.041666 0.85 56.04 336.39
-618000.0 0.723326 0.042487 0.94 59.01 331.53
-619000.0 0.723326 0.043249 1.02 61.89 326.75
-620000.0 0.723325 0.044055 1.1 64.65 322.03
-621000.0 0.723331 0.044803 1.17 67.36 317.28
-622000.0 0.723323 0.045576 1.24 70.02 312.59
-623000.0 0.723334 0.046294 1.31 72.64 307.84
-624000.0 0.723327 0.047054 1.37 75.23 303.16
-625000.0 0.723332 0.047748 1.42 77.79 298.34
-626000.0 0.723336 0.048433 1.47 80.34 293.64
-627000.0 0.72333 0.049128 1.52 82.88 288.84
-628000.0 0.72334 0.049739 1.56 85.41 284.07
-629000.0 0.723332 0.050382 1.6 87.92 279.27
-630000.0 0.72334 0.050927 1.63 90.43 274.5
-631000.0 0.723333 0.051528 1.65 92.93 269.69
-632000.0 0.72334 0.052001 1.67 95.43 264.87
-633000.0 0.723329 0.052507 1.69 97.91 260.06
-634000.0 0.723341 0.052945 1.7 100.38 255.24
-635000.0 0.723326 0.053351 1.71 102.84 250.39
-636000.0 0.723339 0.053691 1.71 105.28 245.56
-637000.0 0.723328 0.054034 1.7 107.71 240.73
-638000.0 0.723333 0.054286 1.69 110.11 235.88
-639000.0 0.723332 0.054549 1.68 112.49 231.08
-640000.0 0.723331 0.054717 1.66 114.84 226.25
-641000.0 0.723333 0.054932 1.63 117.16 221.48
-642000.0 0.723331 0.055039 1.6 119.46 216.65
-643000.0 0.723329 0.055152 1.57 121.72 211.95
-644000.0 0.72333 0.055251 1.53 123.94 207.18
-645000.0 0.723329 0.055258 1.49 126.13 202.51
-646000.0 0.723325 0.0553 1.44 128.27 197.84
-647000.0 0.723333 0.05522 1.38 130.37 193.26
-648000.0 0.723322 0.055205 1.32 132.41 188.7
-649000.0 0.723331 0.055043 1.26 134.39 184.21
-650000.0 0.723325 0.054924 1.19 136.31 179.83
-651000.0 0.723325 0.054736 1.12 138.14 175.5
-652000.0 0.723328 0.054508 1.05 139.87 171.3
-653000.0 0.723322 0.054234 0.97 141.46 167.21
-654000.0 0.723326 0.053938 0.89 142.87 163.36
-655000.0 0.723324 0.053579 0.81 144.05 159.66
-656000.0 0.723324 0.053176 0.72 144.88 156.4
-657000.0 0.723328 0.05274 0.64 145.24 153.55
-658000.0 0.723328 0.052258 0.55 144.86 151.51
-659000.0 0.723325 0.051759 0.46 143.32 150.56
-660000.0 0.723334 0.051167 0.38 139.8 151.66
-661000.0 0.723324 0.050649 0.3 132.73 156.29
-662000.0 0.723335 0.04998 0.23 119.1 167.45
-663000.0 0.723328 0.049388 0.19 95.81 188.34
-664000.0 0.723329 0.048692 0.2 68.6 213.09
-665000.0 0.723332 0.048026 0.26 49.4 229.91
-666000.0 0.723327 0.047298 0.34 38.91 237.97
-667000.0 0.723331 0.046543 0.43 33.53 241.05
-668000.0 0.72333 0.045824 0.53 30.87 241.32
-669000.0 0.723328 0.044994 0.63 29.79 240.12
-670000.0 0.723331 0.044226 0.73 29.65 237.99
-671000.0 0.723331 0.043389 0.83 30.11 235.32
-672000.0 0.723327 0.04256 0.93 30.98 232.24
-673000.0 0.723339 0.041674 1.03 32.14 228.95
-674000.0 0.723325 0.040794 1.13 33.49 225.5
-675000.0 0.723344 0.03987 1.23 35.0 221.94
-676000.0 0.72333 0.03894 1.33 36.62 218.32
-677000.0 0.723344 0.037949 1.43 38.33 214.69
-678000.0 0.723334 0.037024 1.52 40.12 211.03
-679000.0 0.723342 0.035984 1.61 41.95 207.36
-680000.0 0.723332 0.035036 1.7 43.83 203.77
-681000.0 0.723339 0.034008 1.79 45.75 200.13
-682000.0 0.72333 0.033041 1.87 47.69 196.61
-683000.0 0.723334 0.032022 1.95 49.66 193.02
-684000.0 0.723331 0.031039 2.03 51.65 189.69
-685000.0 0.723327 0.030086 2.1 53.65 186.24
-686000.0 0.723333 0.029091 2.18 55.66 183.06
-687000.0 0.723323 0.028178 2.24 57.68 179.9
-688000.0 0.72333 0.02726 2.31 59.7 176.94
-689000.0 0.723324 0.026391 2.36 61.73 174.05
-690000.0 0.723325 0.025534 2.42 63.74 171.39
-691000.0 0.723325 0.024754 2.47 65.76 168.84
-692000.0 0.723325 0.023974 2.52 67.76 166.48
-693000.0 0.723323 0.02328 2.56 69.76 164.29
-694000.0 0.723329 0.022585 2.6 71.73 162.34
-695000.0 0.723324 0.022033 2.64 73.7 160.56
-696000.0 0.723329 0.021443 2.67 75.64 158.92
-697000.0 0.723329 0.021021 2.69 77.57 157.64
-698000.0 0.723327 0.020623 2.71 79.47 156.28
-699000.0 0.723333 0.020321 2.73 81.36 155.3
-700000.0 0.723326 0.0201 2.74 83.21 154.17
-701000.0 0.72333 0.019958 2.75 85.04 153.39
-702000.0 0.72333 0.019925 2.75 86.84 152.33
-703000.0 0.723325 0.019911 2.75 88.61 151.56
-704000.0 0.723331 0.02007 2.74 90.34 150.6
-705000.0 0.723326 0.020229 2.73 92.04 149.62
-706000.0 0.723326 0.020534 2.72 93.69 148.58
-707000.0 0.723331 0.020855 2.7 95.3 147.41
-708000.0 0.723322 0.021307 2.67 96.86 146.14
-709000.0 0.723331 0.02175 2.65 98.37 144.67
-710000.0 0.723326 0.022293 2.62 99.82 143.17
-711000.0 0.723327 0.022855 2.58 101.21 141.47
-712000.0 0.72333 0.02347 2.55 102.52 139.72
-713000.0 0.723328 0.024081 2.51 103.77 137.83
-714000.0 0.723333 0.024774 2.46 104.93 135.97
-715000.0 0.723334 0.025447 2.42 106.0 133.86
-716000.0 0.723336 0.026152 2.37 106.98 131.92
-717000.0 0.723335 0.026871 2.32 107.85 129.76
-718000.0 0.723345 0.027596 2.26 108.61 127.71
-719000.0 0.723332 0.028318 2.21 109.24 125.54
-720000.0 0.72335 0.02901 2.16 109.75 123.54
-721000.0 0.723329 0.029746 2.1 110.11 121.47
-722000.0 0.723341 0.030393 2.05 110.32 119.52
-723000.0 0.723331 0.031096 1.99 110.36 117.63
-724000.0 0.723331 0.03173 1.94 110.22 115.86
-725000.0 0.723333 0.032406 1.89 109.91 114.13
-726000.0 0.723327 0.033005 1.84 109.4 112.56
-727000.0 0.723328 0.033642 1.8 108.7 111.1
-728000.0 0.723328 0.034222 1.76 107.8 109.76
-729000.0 0.723324 0.034806 1.72 106.71 108.55
-730000.0 0.723329 0.035315 1.69 105.44 107.46
-731000.0 0.723327 0.035881 1.66 104.02 106.54
-732000.0 0.723327 0.036342 1.65 102.46 105.59
-733000.0 0.723331 0.036827 1.64 100.81 104.86
-734000.0 0.723327 0.037279 1.63 99.09 104.0
-735000.0 0.723331 0.037693 1.64 97.36 103.24
-736000.0 0.72333 0.038109 1.65 95.64 102.33
-737000.0 0.723328 0.038429 1.67 93.99 101.41
-738000.0 0.723329 0.038821 1.69 92.45 100.29
-739000.0 0.723328 0.039052 1.73 91.04 99.01
-740000.0 0.723324 0.03935 1.76 89.78 97.59
-741000.0 0.72333 0.039547 1.81 88.7 95.91
-742000.0 0.723323 0.039756 1.86 87.82 94.06
-743000.0 0.723327 0.039896 1.91 87.12 91.95
-744000.0 0.723326 0.040027 1.96 86.62 89.69
-745000.0 0.723323 0.040133 2.02 86.3 87.12
-746000.0 0.723331 0.040181 2.08 86.17 84.42
-747000.0 0.723322 0.040216 2.14 86.21 81.45
-748000.0 0.723328 0.040217 2.21 86.41 78.37
-749000.0 0.723326 0.040191 2.27 86.76 75.01
-750000.0 0.723327 0.04009 2.33 87.25 71.61
-751000.0 0.723329 0.040037 2.4 87.87 68.01
-752000.0 0.72333 0.039868 2.46 88.61 64.26
-753000.0 0.723329 0.039742 2.52 89.45 60.46
-754000.0 0.723335 0.03951 2.58 90.38 56.46
-755000.0 0.723331 0.039332 2.64 91.4 52.46
-756000.0 0.723334 0.039049 2.69 92.49 48.22
-757000.0 0.723339 0.038762 2.75 93.65 44.05
-758000.0 0.723328 0.038464 2.8 94.87 39.67
-759000.0 0.723343 0.038089 2.84 96.13 35.3
-760000.0 0.723327 0.037726 2.89 97.45 30.82
-761000.0 0.723341 0.037287 2.93 98.8 26.33
-762000.0 0.723331 0.036875 2.96 100.2 21.72
-763000.0 0.723336 0.036384 3.0 101.62 17.09
-764000.0 0.723331 0.035902 3.03 103.07 12.39
-765000.0 0.723336 0.035395 3.05 104.55 7.67
-766000.0 0.723327 0.034865 3.07 106.05 2.8
-767000.0 0.723339 0.034284 3.09 107.57 357.98
-768000.0 0.723326 0.033746 3.1 109.11 353.07
-769000.0 0.723336 0.033106 3.1 110.67 348.09
-770000.0 0.723332 0.03252 3.11 112.23 343.14
-771000.0 0.72333 0.031844 3.1 113.81 338.06
-772000.0 0.723336 0.031241 3.1 115.38 333.07
-773000.0 0.723328 0.030552 3.08 116.97 327.87
-774000.0 0.723333 0.029877 3.07 118.54 322.85
-775000.0 0.723328 0.02922 3.05 120.11 317.61
-776000.0 0.723328 0.028484 3.03 121.68 312.46
-777000.0 0.723326 0.0278 3.0 123.22 307.22
-778000.0 0.723328 0.02702 2.97 124.75 302.0
-779000.0 0.723322 0.026318 2.93 126.25 296.73
-780000.0 0.723329 0.025517 2.89 127.72 291.41
-781000.0 0.723322 0.024767 2.85 129.16 286.16
-782000.0 0.723327 0.023989 2.8 130.56 280.8
-783000.0 0.723326 0.023218 2.75 131.91 275.44
-784000.0 0.723323 0.022426 2.7 133.21 270.01
-785000.0 0.723327 0.02167 2.64 134.45 264.67
-786000.0 0.723324 0.020894 2.59 135.63 259.09
-787000.0 0.723326 0.020107 2.52 136.74 253.72
-788000.0 0.723327 0.019363 2.46 137.77 248.12
-789000.0 0.723328 0.018582 2.39 138.71 242.68
-790000.0 0.723327 0.017866 2.33 139.56 237.06
-791000.0 0.723333 0.017076 2.26 140.3 231.5
-792000.0 0.723327 0.016411 2.19 140.93 225.99
-793000.0 0.723336 0.01568 2.12 141.43 220.19
-794000.0 0.723328 0.015019 2.05 141.79 214.71
-795000.0 0.723331 0.014367 1.98 141.99 208.84
-796000.0 0.723332 0.013745 1.91 142.02 203.29
-797000.0 0.723326 0.013174 1.84 141.87 197.37
-798000.0 0.723332 0.012571 1.77 141.52 191.74
-799000.0 0.723327 0.01209 1.71 140.96 186.0
-800000.0 0.723328 0.011569 1.65 140.17 180.15
-801000.0 0.723331 0.011137 1.6 139.15 174.51
-802000.0 0.72333 0.010724 1.55 137.91 168.8
-803000.0 0.723331 0.0104 1.5 136.43 163.15
-804000.0 0.723339 0.01008 1.46 134.75 157.44
-805000.0 0.723328 0.009853 1.43 132.89 151.91
-806000.0 0.723347 0.009646 1.41 130.88 146.29
-807000.0 0.72333 0.009525 1.39 128.78 140.78
-808000.0 0.723345 0.009412 1.39 126.63 135.02
-809000.0 0.723335 0.009371 1.38 124.5 129.76
-810000.0 0.723337 0.009403 1.39 122.43 123.95
-811000.0 0.723335 0.009414 1.41 120.49 118.59
-812000.0 0.723333 0.00954 1.43 118.71 112.99
-813000.0 0.72333 0.009619 1.45 117.13 107.58
-814000.0 0.723333 0.009817 1.48 115.77 102.07
-815000.0 0.723327 0.009944 1.52 114.64 96.37
-816000.0 0.723328 0.010151 1.56 113.75 91.01
-817000.0 0.723329 0.010354 1.6 113.09 85.2
-818000.0 0.723323 0.010549 1.64 112.66 79.61
-819000.0 0.72333 0.010748 1.69 112.45 73.8
-820000.0 0.723324 0.010946 1.73 112.43 68.17
-821000.0 0.723326 0.011151 1.78 112.6 62.19
-822000.0 0.723328 0.011304 1.82 112.94 56.46
-823000.0 0.723323 0.011503 1.87 113.44 50.52
-824000.0 0.723329 0.011639 1.91 114.08 44.64
-825000.0 0.723326 0.011824 1.95 114.86 38.63
-826000.0 0.723327 0.01191 1.99 115.74 32.53
-827000.0 0.72333 0.012072 2.02 116.74 26.61
-828000.0 0.723327 0.012157 2.06 117.83 20.15
-829000.0 0.723329 0.012238 2.09 119.0 14.16
-830000.0 0.723331 0.012322 2.11 120.26 7.67
-831000.0 0.723327 0.012354 2.14 121.58 1.51
-832000.0 0.72333 0.012422 2.16 122.97 354.97
-833000.0 0.723328 0.01239 2.17 124.41 348.64
-834000.0 0.723325 0.012443 2.18 125.9 342.23
-835000.0 0.723329 0.0124 2.19 127.44 335.54
-836000.0 0.723324 0.012382 2.2 129.03 329.08
-837000.0 0.723326 0.012335 2.19 130.65 322.3
-838000.0 0.723328 0.012286 2.19 132.3 315.62
-839000.0 0.723323 0.012202 2.18 133.99 308.61
-840000.0 0.723331 0.012104 2.17 135.7 301.78
-841000.0 0.723327 0.012009 2.15 137.44 294.62
-842000.0 0.72333 0.011877 2.13 139.19 287.53
-843000.0 0.723335 0.011759 2.1 140.96 280.11
-844000.0 0.723329 0.011596 2.07 142.74 272.84
-845000.0 0.723341 0.011514 2.04 144.53 265.16
-846000.0 0.723333 0.01133 2.0 146.31 257.39
-847000.0 0.723344 0.011254 1.96 148.1 249.58
-848000.0 0.723335 0.01113 1.91 149.88 241.4
-849000.0 0.723344 0.011075 1.86 151.64 233.3
-850000.0 0.723332 0.010992 1.81 153.39 224.81
-851000.0 0.723342 0.010962 1.75 155.11 216.63
-852000.0 0.723327 0.010977 1.69 156.8 207.98
-853000.0 0.723337 0.010975 1.63 158.45 199.57
-854000.0 0.723328 0.011047 1.56 160.06 191.05
-855000.0 0.723329 0.011143 1.49 161.61 182.64
-856000.0 0.723332 0.011292 1.42 163.1 174.12
-857000.0 0.723324 0.011454 1.34 164.5 165.92
-858000.0 0.72333 0.011696 1.26 165.82 157.68
-859000.0 0.723327 0.011938 1.18 167.0 149.72
-860000.0 0.723325 0.012276 1.1 168.03 141.91
-861000.0 0.723332 0.012574 1.02 168.86 134.39
-862000.0 0.723326 0.012995 0.93 169.42 127.51
-863000.0 0.72333 0.013407 0.85 169.66 120.57
-864000.0 0.723333 0.013858 0.76 169.43 114.82
-865000.0 0.723326 0.014401 0.68 168.57 109.42
-866000.0 0.723336 0.014918 0.6 166.83 105.36
-867000.0 0.723326 0.015559 0.52 163.82 102.54
-868000.0 0.723331 0.016135 0.45 159.0 101.79
-869000.0 0.723326 0.016848 0.38 151.57 103.93
-870000.0 0.723325 0.017503 0.33 140.8 109.26
-871000.0 0.723326 0.018209 0.31 126.73 118.36
-872000.0 0.723325 0.018941 0.31 111.33 128.71
-873000.0 0.723323 0.019675 0.34 97.59 137.68
-874000.0 0.723326 0.020419 0.39 87.23 143.3
-875000.0 0.723325 0.021163 0.45 80.15 145.84
-876000.0 0.723324 0.021944 0.52 75.54 145.95
-877000.0 0.723329 0.022701 0.6 72.69 144.42
-878000.0 0.723322 0.023484 0.67 71.04 141.73
-879000.0 0.723331 0.024225 0.75 70.24 138.33
-880000.0 0.723324 0.025053 0.83 70.05 134.29
-881000.0 0.72333 0.025765 0.91 70.31 129.86
-882000.0 0.72333 0.026569 0.98 70.9 125.27
-883000.0 0.723332 0.027318 1.05 71.76 120.27
-884000.0 0.723333 0.028083 1.12 72.82 115.31
-885000.0 0.723335 0.02886 1.19 74.05 110.06
-886000.0 0.723334 0.029602 1.26 75.41 104.92
-887000.0 0.723335 0.030415 1.32 76.88 99.52
-888000.0 0.723338 0.031126 1.38 78.46 94.22
-889000.0 0.723328 0.031927 1.43 80.1 88.84
-890000.0 0.723343 0.032648 1.48 81.82 83.42
-891000.0 0.723326 0.033377 1.53 83.59 78.01
-892000.0 0.723342 0.034072 1.57 85.41 72.57
-893000.0 0.723329 0.034761 1.61 87.26 67.18
-894000.0 0.723335 0.035412 1.65 89.14 61.75
-895000.0 0.723331 0.036045 1.68 91.04 56.35
-896000.0 0.723334 0.036625 1.71 92.95 50.98
-897000.0 0.723328 0.037259 1.73 94.87 45.6
-898000.0 0.723337 0.037763 1.75 96.78 40.22
-899000.0 0.723327 0.038323 1.76 98.69 34.94
-900000.0 0.723336 0.038821 1.77 100.59 29.56
-901000.0 0.72333 0.039294 1.78 102.47 24.32
-902000.0 0.723331 0.039762 1.78 104.34 19.01
-903000.0 0.723337 0.040158 1.77 106.19 13.86
-904000.0 0.723326 0.040618 1.77 108.02 8.63
-905000.0 0.723334 0.040939 1.75 109.81 3.54
-906000.0 0.723326 0.041343 1.73 111.59 358.49
-907000.0 0.723327 0.041646 1.71 113.32 353.46
-908000.0 0.723328 0.041958 1.68 115.03 348.53
-909000.0 0.723324 0.042208 1.65 116.69 343.62
-910000.0 0.723324 0.042451 1.61 118.31 338.85
-911000.0 0.723326 0.042639 1.57 119.86 334.06
-912000.0 0.723322 0.042781 1.53 121.36 329.45
-913000.0 0.723329 0.042883 1.48 122.77 324.88
-914000.0 0.723325 0.042962 1.43 124.09 320.48
-915000.0 0.723324 0.042978 1.37 125.29 316.14
-916000.0 0.723331 0.042939 1.32 126.35 312.04
-917000.0 0.723322 0.042929 1.26 127.25 308.05
-918000.0 0.723331 0.042781 1.19 127.93 304.31
-919000.0 0.723326 0.042689 1.13 128.37 300.83
-920000.0 0.723328 0.042468 1.07 128.49 297.64
-921000.0 0.72333 0.042301 1.0 128.24 294.88
-922000.0 0.723329 0.042016 0.93 127.52 292.52
-923000.0 0.723329 0.041739 0.87 126.21 290.89
-924000.0 0.723332 0.041451 0.8 124.2 289.85
-925000.0 0.723327 0.041073 0.74 121.32 289.8
-926000.0 0.72333 0.040738 0.69 117.44 290.72
-927000.0 0.72333 0.040302 0.64 112.41 292.88
-928000.0 0.723326 0.039901 0.61 106.23 296.14
-929000.0 0.723333 0.039386 0.59 99.09 300.45
-930000.0 0.723325 0.038891 0.58 91.38 305.36
-931000.0 0.723332 0.038324 0.6 83.72 310.22
-932000.0 0.723329 0.037726 0.63 76.64 314.55
-933000.0 0.723334 0.03706 0.68 70.59 317.9
-934000.0 0.723332 0.036418 0.73 65.67 320.18
-935000.0 0.723342 0.03566 0.8 61.87 321.31
-936000.0 0.723331 0.03493 0.88 59.07 321.58
-937000.0 0.72335 0.034115 0.96 57.1 320.96
-938000.0 0.723331 0.033319 1.04 55.82 319.75
-939000.0 0.723345 0.032436 1.13 55.11 317.93
-940000.0 0.723335 0.031557 1.22 54.86 315.83
-941000.0 0.723333 0.030672 1.31 54.97 313.25
-942000.0 0.723335 0.029716 1.4 55.39 310.58
-943000.0 0.723328 0.028802 1.5 56.06 307.65
-944000.0 0.72333 0.02782 1.59 56.94 304.69
-945000.0 0.723328 0.026884 1.68 57.99 301.57
-946000.0 0.723325 0.025873 1.77 59.18 298.49
-947000.0 0.723326 0.024912 1.85 60.49 295.42
-948000.0 0.723327 0.023905 1.94 61.89 292.36
-949000.0 0.723321 0.02291 2.02 63.39 289.41
-950000.0 0.723331 0.021879 2.1 64.95 286.61
-951000.0 0.723322 0.020915 2.18 66.59 283.99
-952000.0 0.723329 0.019873 2.26 68.27 281.5
-953000.0 0.723329 0.018914 2.33 70.0 279.45
-954000.0 0.723324 0.017946 2.4 71.76 277.47
-955000.0 0.723333 0.017032 2.46 73.57 276.09
-956000.0 0.723325 0.016153 2.53 75.4 274.81
-957000.0 0.723329 0.015324 2.58 77.26 274.31
-958000.0 0.723331 0.014623 2.64 79.15 273.86
-959000.0 0.723326 0.013932 2.68 81.06 274.25
-960000.0 0.723333 0.013455 2.73 82.98 274.93
-961000.0 0.723327 0.013026 2.77 84.92 276.11
-962000.0 0.723327 0.01284 2.8 86.87 277.57
-963000.0 0.72333 0.012743 2.83 88.83 279.19
-964000.0 0.723323 0.01292 2.86 90.79 280.9
-965000.0 0.723329 0.013186 2.88 92.76 282.16
-966000.0 0.723323 0.013657 2.9 94.73 283.38
-967000.0 0.723325 0.014274 2.91 96.7 283.91
-968000.0 0.723326 0.01502 2.91 98.65 284.08
-969000.0 0.723326 0.015863 2.91 100.61 283.73
-970000.0 0.723325 0.01684 2.91 102.55 283.0
-971000.0 0.723332 0.017863 2.9 104.48 281.63
-972000.0 0.723327 0.018996 2.88 106.38 280.08
-973000.0 0.723334 0.020153 2.86 108.27 277.98
-974000.0 0.723334 0.021386 2.84 110.13 275.8
-975000.0 0.723332 0.022623 2.81 111.97 273.09
-976000.0 0.723348 0.023879 2.77 113.78 270.44
-977000.0 0.723333 0.025206 2.73 115.56 267.42
-978000.0 0.723351 0.026463 2.69 117.3 264.38
-979000.0 0.723334 0.027789 2.64 119.0 261.16
-980000.0 0.723342 0.029056 2.58 120.65 257.9
-981000.0 0.723333 0.030397 2.53 122.25 254.49
-982000.0 0.723336 0.031646 2.46 123.78 251.06
-983000.0 0.723326 0.03295 2.4 125.24 247.63
-984000.0 0.723333 0.034217 2.33 126.62 244.09
-985000.0 0.723325 0.035472 2.26 127.9 240.63
-986000.0 0.723328 0.036707 2.18 129.07 237.2
-987000.0 0.723329 0.037961 2.1 130.1 233.85
-988000.0 0.723325 0.03914 2.02 130.98 230.57
-989000.0 0.72333 0.040376 1.94 131.68 227.46
-990000.0 0.723327 0.041537 1.86 132.17 224.48
-991000.0 0.723327 0.042735 1.78 132.43 221.76
-992000.0 0.723332 0.043865 1.69 132.4 219.18
-993000.0 0.723327 0.044978 1.61 132.07 217.02
-994000.0 0.723331 0.046124 1.53 131.36 215.07
-995000.0 0.723331 0.047129 1.45 130.25 213.61
-996000.0 0.723325 0.048211 1.38 128.69 212.53
-997000.0 0.723336 0.04916 1.31 126.63 211.97
-998000.0 0.723323 0.050171 1.25 124.05 211.89
-999000.0 0.723332 0.051044 1.2 120.95 212.3
-1000000.0 0.723326 0.051944 1.16 117.38 213.24
0.0 0.723329 0.006759 3.39 76.66 54.53
-1.0 0.723323 0.006789 3.39 76.66 55.06
-2.0 0.723324 0.006778 3.39 76.66 55.1
-3.0 0.723329 0.006738 3.39 76.67 54.79
-4.0 0.723335 0.006784 3.39 76.67 54.89
-5.0 0.723331 0.006802 3.39 76.67 54.78
-6.0 0.723331 0.006748 3.39 76.68 55.18
-7.0 0.723338 0.006762 3.39 76.68 54.97
-8.0 0.723334 0.006779 3.39 76.68 54.69
-9.0 0.723327 0.006789 3.39 76.69 55.1
-10.0 0.723326 0.0068 3.39 76.69 55.1
-11.0 0.723328 0.006739 3.39 76.69 54.74
-12.0 0.723332 0.006804 3.39 76.69 54.79
-13.0 0.723326 0.006797 3.39 76.69 54.76
-14.0 0.723326 0.006755 3.39 76.7 54.98
-15.0 0.723334 0.006754 3.39 76.7 54.95
-16.0 0.723332 0.006771 3.39 76.71 54.52
-17.0 0.723329 0.006778 3.39 76.71 55.16
-18.0 0.723329 0.006788 3.39 76.71 55.05
-19.0 0.723333 0.006749 3.39 76.71 54.87
-20.0 0.723336 0.006802 3.39 76.71 54.8
-21.0 0.723331 0.006822 3.39 76.72 54.79
-22.0 0.723328 0.006758 3.39 76.72 54.92
-23.0 0.723335 0.006776 3.39 76.72 54.83
-24.0 0.723328 0.006772 3.39 76.73 54.46
-25.0 0.723324 0.006793 3.39 76.73 54.99
-26.0 0.723323 0.006783 3.39 76.73 55.03
-27.0 0.723329 0.006748 3.39 76.73 54.67
-28.0 0.723333 0.006798 3.39 76.74 54.84
-29.0 0.723331 0.006813 3.39 76.74 54.72
-30.0 0.72333 0.00676 3.39 76.74 55.07
-31.0 0.723341 0.006772 3.39 76.74 54.84
-32.0 0.723334 0.006796 3.39 76.75 54.58
-33.0 0.723329 0.006795 3.39 76.75 55.02
-34.0 0.723326 0.006809 3.39 76.76 55.0
-35.0 0.723329 0.006753 3.39 76.76 54.64
-36.0 0.72333 0.006819 3.39 76.76 54.74
-37.0 0.723325 0.006811 3.39 76.76 54.74
-38.0 0.723326 0.006765 3.39 76.76 54.89
-39.0 0.723337 0.006767 3.39 76.77 54.87
-40.0 0.723332 0.006788 3.39 76.77 54.47
-41.0 0.723328 0.006791 3.39 76.78 55.13
-42.0 0.72333 0.006798 3.39 76.78 55.01
-43.0 0.723333 0.006764 3.39 76.78 54.78
-44.0 0.723335 0.006816 3.39 76.78 54.79
-45.0 0.723329 0.006835 3.39 76.78 54.76
-46.0 0.723329 0.006767 3.39 76.79 54.88
-47.0 0.723337 0.006786 3.39 76.79 54.73
-48.0 0.723329 0.006788 3.39 76.79 54.43
-49.0 0.723324 0.006799 3.39 76.8 54.94
-50.0 0.723324 0.00679 3.39 76.8 54.99
-51.0 0.723329 0.006757 3.39 76.8 54.57
-52.0 0.723332 0.006811 3.39 76.8 54.83
-53.0 0.72333 0.006822 3.39 76.8 54.71
-54.0 0.723331 0.00677 3.39 76.81 54.99
-55.0 0.723343 0.00678 3.39 76.81 54.73
-56.0 0.723333 0.006812 3.39 76.82 54.48
-57.0 0.723329 0.006799 3.39 76.82 54.94
-58.0 0.723326 0.006814 3.39 76.82 54.9
-59.0 0.72333 0.006763 3.39 76.82 54.53
-60.0 0.723329 0.006829 3.39 76.83 54.69
-61.0 0.723326 0.006821 3.39 76.83 54.7
-62.0 0.723326 0.006773 3.39 76.83 54.77
-63.0 0.723339 0.00678 3.39 76.83 54.74
-64.0 0.72333 0.006802 3.39 76.84 54.39
-65.0 0.723328 0.006801 3.39 76.84 55.06
-66.0 0.723329 0.006805 3.39 76.84 54.94
-67.0 0.723333 0.006782 3.39 76.85 54.67
-68.0 0.723334 0.00683 3.39 76.85 54.75
-69.0 0.72333 0.006849 3.39 76.85 54.7
-70.0 0.723329 0.006778 3.39 76.85 54.79
-71.0 0.723341 0.006799 3.39 76.86 54.62
-72.0 0.723329 0.006805 3.39 76.86 54.39
-73.0 0.723324 0.006807 3.39 76.86 54.88
-74.0 0.723323 0.006802 3.39 76.87 54.95
-75.0 0.723328 0.006772 3.39 76.87 54.49
-76.0 0.72333 0.006827 3.39 76.87 54.83
-77.0 0.723329 0.006833 3.39 76.87 54.7
-78.0 0.723331 0.006783 3.39 76.87 54.92
-79.0 0.723345 0.006793 3.39 76.88 54.64
-80.0 0.723334 0.006829 3.39 76.88 54.43
-81.0 0.723329 0.006808 3.39 76.89 54.89
-82.0 0.723328 0.00682 3.39 76.89 54.83
-83.0 0.72333 0.006774 3.39 76.89 54.46
-84.0 0.723328 0.006836 3.39 76.89 54.65
-85.0 0.723324 0.00683 3.39 76.89 54.69
-86.0 0.723326 0.00678 3.39 76.9 54.69
-87.0 0.723341 0.006791 3.39 76.9 54.64
-88.0 0.723331 0.006816 3.39 76.9 54.33
-89.0 0.723328 0.006808 3.39 76.91 54.98
-90.0 0.723329 0.00681 3.39 76.91 54.86
-91.0 0.723333 0.006794 3.39 76.91 54.53
-92.0 0.723333 0.00684 3.39 76.92 54.71
-93.0 0.72333 0.006858 3.39 76.92 54.64
-94.0 0.723331 0.006786 3.39 76.92 54.7
-95.0 0.723343 0.006811 3.39 76.92 54.47
-96.0 0.723328 0.00682 3.39 76.93 54.32
-97.0 0.723324 0.006815 3.39 76.93 54.79
-98.0 0.723323 0.006811 3.39 76.93 54.88
-99.0 0.723329 0.006787 3.39 76.94 54.39
-100.0 0.723328 0.006842 3.39 76.94 54.79
-101.0 0.723329 0.006845 3.39 76.94 54.68
-102.0 0.72333 0.006798 3.39 76.94 54.8
-103.0 0.723347 0.00681 3.39 76.94 54.54
-104.0 0.723333 0.006848 3.39 76.95 54.35
-105.0 0.72333 0.006817 3.39 76.95 54.84
-106.0 0.723327 0.00683 3.39 76.95 54.76
-107.0 0.723331 0.00679 3.39 76.96 54.38
-108.0 0.723327 0.006849 3.39 76.96 54.63
-109.0 0.723324 0.006843 3.39 76.96 54.68
-110.0 0.723327 0.00679 3.39 76.96 54.62
-111.0 0.723342 0.006808 3.39 76.97 54.57
-112.0 0.72333 0.006829 3.39 76.97 54.31
-113.0 0.723327 0.006819 3.39 76.97 54.92
-114.0 0.723329 0.006818 3.39 76.98 54.81
-115.0 0.723333 0.00681 3.39 76.98 54.43
-116.0 0.723333 0.006848 3.39 76.98 54.68
-117.0 0.723329 0.006865 3.39 76.98 54.6
-118.0 0.723331 0.006793 3.39 76.99 54.61
-119.0 0.723344 0.006821 3.39 76.99 54.38
-120.0 0.72333 0.006835 3.39 76.99 54.28
-121.0 0.723324 0.006819 3.39 77.0 54.71
-122.0 0.723325 0.006818 3.39 77.0 54.8
-123.0 0.723328 0.006795 3.39 77.0 54.28
-124.0 0.723327 0.006852 3.39 77.0 54.75
-125.0 0.723327 0.006852 3.39 77.0 54.64
-126.0 0.723331 0.00681 3.39 77.01 54.7
-127.0 0.723347 0.006826 3.39 77.01 54.43
-128.0 0.723333 0.006864 3.39 77.02 54.27
-129.0 0.72333 0.006826 3.39 77.02 54.75
-130.0 0.723328 0.006837 3.39 77.02 54.65
-131.0 0.723331 0.006806 3.39 77.02 54.28
-132.0 0.723327 0.00686 3.39 77.03 54.58
-133.0 0.723325 0.006856 3.39 77.03 54.66
-134.0 0.723326 0.0068 3.39 77.03 54.52
-135.0 0.723342 0.006829 3.39 77.03 54.48
-136.0 0.723328 0.006847 3.39 77.04 54.26
-137.0 0.723327 0.006832 3.39 77.04 54.85
-138.0 0.723329 0.00683 3.39 77.04 54.75
-139.0 0.723333 0.006827 3.39 77.05 54.32
-140.0 0.723331 0.006863 3.39 77.05 54.67
-141.0 0.723329 0.006874 3.39 77.05 54.55
-142.0 0.723331 0.006805 3.39 77.05 54.54
-143.0 0.723344 0.006838 3.39 77.06 54.3
-144.0 0.723329 0.00685 3.39 77.06 54.28
-145.0 0.723325 0.006825 3.39 77.06 54.65
-146.0 0.723324 0.006827 3.39 77.07 54.75
-147.0 0.723328 0.006809 3.39 77.07 54.21
-148.0 0.723327 0.006862 3.39 77.07 54.72
-149.0 0.723326 0.00686 3.39 77.07 54.63
-150.0 0.723331 0.006819 3.39 77.07 54.59
-151.0 0.723346 0.006841 3.39 77.08 54.39
-152.0 0.723333 0.006875 3.39 77.08 54.21
-153.0 0.72333 0.006831 3.39 77.09 54.67
-154.0 0.72333 0.006843 3.39 77.09 54.54
-155.0 0.723331 0.006818 3.39 77.09 54.19
-156.0 0.723326 0.006866 3.39 77.09 54.53
-157.0 0.723323 0.006863 3.39 77.09 54.62
-158.0 0.723327 0.006809 3.39 77.1 54.43
-159.0 0.72334 0.006847 3.39 77.1 54.4
-160.0 0.723329 0.006862 3.39 77.1 54.22
-161.0 0.723326 0.006844 3.39 77.11 54.73
-162.0 0.72333 0.00684 3.39 77.11 54.66
-163.0 0.723333 0.006844 3.39 77.11 54.19
-164.0 0.723331 0.006872 3.39 77.12 54.61
-165.0 0.723328 0.006885 3.39 77.12 54.5
-166.0 0.723332 0.006818 3.39 77.12 54.45
-167.0 0.723342 0.006857 3.39 77.12 54.23
-168.0 0.723329 0.006868 3.39 77.12 54.23
-169.0 0.723326 0.006835 3.39 77.13 54.58
-170.0 0.723326 0.00684 3.39 77.13 54.66
-171.0 0.723328 0.006825 3.39 77.14 54.14
-172.0 0.723325 0.006878 3.39 77.14 54.69
-173.0 0.723326 0.00687 3.39 77.14 54.62
-174.0 0.72333 0.006833 3.39 77.14 54.49
-175.0 0.723344 0.00686 3.39 77.15 54.33
-176.0 0.723332 0.00689 3.39 77.15 54.17
-177.0 0.723331 0.00684 3.39 77.15 54.61
-178.0 0.72333 0.006849 3.39 77.15 54.49
-179.0 0.723332 0.006833 3.39 77.16 54.13
-180.0 0.723326 0.006872 3.39 77.16 54.51
-181.0 0.723324 0.006871 3.39 77.16 54.59
-182.0 0.723327 0.006815 3.39 77.16 54.34
-183.0 0.723338 0.006864 3.39 77.17 54.36
-184.0 0.723327 0.006872 3.39 77.17 54.21
-185.0 0.723327 0.006851 3.39 77.17 54.66
-186.0 0.72333 0.006848 3.39 77.18 54.58
-187.0 0.723332 0.006857 3.39 77.18 54.08
-188.0 0.72333 0.00688 3.39 77.18 54.55
-189.0 0.723328 0.006889 3.39 77.18 54.44
-190.0 0.723332 0.006828 3.39 77.19 54.35
-191.0 0.72334 0.006871 3.39 77.19 54.17
-192.0 0.72333 0.006883 3.39 77.19 54.19
-193.0 0.723325 0.006843 3.39 77.2 54.47
-194.0 0.723327 0.006852 3.39 77.2 54.56
-195.0 0.723328 0.00684 3.39 77.2 54.04
-196.0 0.723325 0.006888 3.39 77.2 54.62
-197.0 0.723324 0.006881 3.39 77.21 54.57
-198.0 0.72333 0.006846 3.39 77.21 54.36
-199.0 0.723339 0.006882 3.39 77.21 54.27
-200.0 0.723332 0.006905 3.39 77.21 54.1
-201.0 0.723331 0.006852 3.39 77.22 54.53
-202.0 0.723333 0.006859 3.39 77.22 54.38
-203.0 0.723333 0.006851 3.39 77.22 54.05
-204.0 0.723326 0.006881 3.39 77.23 54.47
-205.0 0.723323 0.006883 3.39 77.23 54.57
-206.0 0.723327 0.006828 3.39 77.23 54.28
-207.0 0.723335 0.006884 3.39 77.23 54.33
-208.0 0.723326 0.006887 3.39 77.24 54.21
-209.0 0.723327 0.006861 3.39 77.24 54.57
-210.0 0.72333 0.006859 3.39 77.24 54.52
-211.0 0.723332 0.006871 3.39 77.25 54.0
-212.0 0.723329 0.006889 3.39 77.25 54.53
-213.0 0.723329 0.006895 3.39 77.25 54.4
-214.0 0.723332 0.006836 3.39 77.25 54.27
-215.0 0.723338 0.006884 3.39 77.26 54.13
-216.0 0.723328 0.006895 3.39 77.26 54.17
-217.0 0.723326 0.006848 3.39 77.26 54.42
-218.0 0.723328 0.006861 3.39 77.26 54.48
-219.0 0.723329 0.006854 3.39 77.27 53.98
-220.0 0.723324 0.006897 3.39 77.27 54.56
-221.0 0.723324 0.006888 3.39 77.27 54.53
-222.0 0.723329 0.006856 3.39 77.28 54.22
-223.0 0.723337 0.006898 3.39 77.28 54.22
-224.0 0.723331 0.006916 3.39 77.28 54.05
-225.0 0.723331 0.00686 3.39 77.29 54.43
-226.0 0.723334 0.006868 3.39 77.29 54.26
-227.0 0.723332 0.006868 3.39 77.29 53.95
-228.0 0.723326 0.006888 3.39 77.29 54.4
-229.0 0.723323 0.006893 3.39 77.3 54.5
-230.0 0.723328 0.006839 3.39 77.3 54.18
-231.0 0.723332 0.006904 3.39 77.3 54.27
-232.0 0.723327 0.006902 3.39 77.3 54.18
-233.0 0.723325 0.006875 3.39 77.31 54.45
-234.0 0.723332 0.006873 3.39 77.31 54.41
-235.0 0.723332 0.006887 3.39 77.31 53.9
-236.0 0.723329 0.006898 3.39 77.32 54.48
-237.0 0.723327 0.006902 3.39 77.32 54.35
-238.0 0.723333 0.00685 3.39 77.32 54.19
-239.0 0.723335 0.0069 3.39 77.32 54.11
-240.0 0.723329 0.006911 3.39 77.32 54.16
-241.0 0.723327 0.006857 3.39 77.33 54.37
-242.0 0.723331 0.006872 3.39 77.33 54.41
-243.0 0.723328 0.006868 3.39 77.33 53.95
-244.0 0.723323 0.006906 3.39 77.34 54.51
-245.0 0.723323 0.006898 3.39 77.34 54.51
-246.0 0.723329 0.006866 3.39 77.34 54.13
-247.0 0.723335 0.006912 3.39 77.35 54.19
-248.0 0.72333 0.006925 3.39 77.35 54.02
-249.0 0.723331 0.006867 3.39 77.35 54.36
-250.0 0.723336 0.006874 3.39 77.35 54.18
-251.0 0.723333 0.006884 3.39 77.36 53.89
-252.0 0.723326 0.006894 3.39 77.36 54.35
-253.0 0.723325 0.0069 3.39 77.36 54.44
-254.0 0.723327 0.006848 3.39 77.36 54.07
-255.0 0.723331 0.006919 3.39 77.37 54.21
-256.0 0.723325 0.006915 3.39 77.37 54.15
-257.0 0.723326 0.006884 3.39 77.37 54.34
-258.0 0.723333 0.006885 3.39 77.37 54.29
-259.0 0.723332 0.006903 3.39 77.38 53.79
-260.0 0.723328 0.006908 3.39 77.38 54.39
-261.0 0.723327 0.006909 3.39 77.38 54.27
-262.0 0.723333 0.006864 3.39 77.39 54.07
-263.0 0.723334 0.006915 3.39 77.39 54.07
-264.0 0.723329 0.006926 3.39 77.39 54.12
-265.0 0.723327 0.006867 3.39 77.4 54.27
-266.0 0.723333 0.006887 3.39 77.4 54.28
-267.0 0.723327 0.006887 3.39 77.4 53.88
-268.0 0.723323 0.006917 3.39 77.4 54.44
-269.0 0.723322 0.006909 3.39 77.41 54.46
-270.0 0.723329 0.006879 3.39 77.41 54.02
-271.0 0.723332 0.00693 3.39 77.41 54.17
-272.0 0.72333 0.006937 3.39 77.41 54.0
-273.0 0.723331 0.006879 3.39 77.42 54.28
-274.0 0.723339 0.006884 3.39 77.42 54.09
-275.0 0.723333 0.0069 3.39 77.42 53.86
-276.0 0.723327 0.006899 3.39 77.43 54.33
-277.0 0.723324 0.006909 3.39 77.43 54.4
-278.0 0.723328 0.00686 3.39 77.43 54.01
-279.0 0.723328 0.006934 3.39 77.43 54.19
-280.0 0.723325 0.006928 3.39 77.43 54.15
-281.0 0.723326 0.006892 3.39 77.44 54.24
-282.0 0.723335 0.006896 3.39 77.44 54.19
-283.0 0.723331 0.006914 3.39 77.45 53.71
-284.0 0.723327 0.006915 3.39 77.45 54.31
-285.0 0.723328 0.006914 3.39 77.45 54.2
-286.0 0.723333 0.006874 3.39 77.45 53.96
-287.0 0.723333 0.006925 3.39 77.46 54.02
-288.0 0.723328 0.006936 3.39 77.46 54.07
-289.0 0.723328 0.006875 3.39 77.46 54.18
-290.0 0.723335 0.006898 3.39 77.46 54.15
-291.0 0.723329 0.006905 3.39 77.47 53.82
-292.0 0.723322 0.006927 3.39 77.47 54.33
-293.0 0.723323 0.006919 3.39 77.47 54.38
-294.0 0.723328 0.00689 3.39 77.48 53.87
-295.0 0.723331 0.006944 3.39 77.48 54.1
-296.0 0.723329 0.006948 3.39 77.48 53.95
-297.0 0.723331 0.00689 3.39 77.48 54.19
-298.0 0.723341 0.006896 3.39 77.48 53.98
-299.0 0.723333 0.006918 3.39 77.49 53.78
-300.0 0.723327 0.006908 3.39 77.49 54.27
-301.0 0.723324 0.00692 3.39 77.5 54.33
-302.0 0.723329 0.006875 3.39 77.5 53.94
-303.0 0.723327 0.00695 3.39 77.5 54.15
-304.0 0.723325 0.006943 3.39 77.5 54.15
-305.0 0.723325 0.006903 3.39 77.51 54.14
-306.0 0.723338 0.00691 3.39 77.51 54.09
-307.0 0.72333 0.00693 3.39 77.51 53.67
-308.0 0.723327 0.006922 3.39 77.52 54.27
-309.0 0.723327 0.00692 3.39 77.52 54.17
-310.0 0.723334 0.006888 3.39 77.52 53.88
-311.0 0.723332 0.006936 3.39 77.52 54.02
-312.0 0.723329 0.006949 3.39 77.52 54.04
-313.0 0.723328 0.006882 3.39 77.53 54.12
-314.0 0.723339 0.006911 3.39 77.53 54.04
-315.0 0.723328 0.006918 3.39 77.53 53.79
-316.0 0.723323 0.006932 3.39 77.54 54.24
-317.0 0.723322 0.006928 3.39 77.54 54.3
-318.0 0.723329 0.006901 3.39 77.54 53.75
-319.0 0.723329 0.006956 3.39 77.55 54.04
-320.0 0.723328 0.006954 3.39 77.55 53.91
-321.0 0.723331 0.006899 3.39 77.55 54.08
-322.0 0.723344 0.006905 3.39 77.55 53.86
-323.0 0.723334 0.006935 3.39 77.56 53.7
-324.0 0.723327 0.006915 3.39 77.56 54.18
-325.0 0.723326 0.006931 3.39 77.56 54.23
-326.0 0.723329 0.006888 3.39 77.56 53.83
-327.0 0.723327 0.006963 3.39 77.57 54.09
-328.0 0.723324 0.006957 3.39 77.57 54.1
-329.0 0.723326 0.006913 3.39 77.57 54.03
-330.0 0.723339 0.006928 3.39 77.57 53.96
-331.0 0.72333 0.006946 3.39 77.58 53.6
-332.0 0.723327 0.006934 3.39 77.58 54.19
-333.0 0.723328 0.006928 3.39 77.58 54.09
-334.0 0.723334 0.006904 3.39 77.59 53.78
-335.0 0.723331 0.006949 3.39 77.59 54.0
-336.0 0.723328 0.006963 3.39 77.59 54.04
-337.0 0.723329 0.006894 3.39 77.59 54.07
-338.0 0.723341 0.006927 3.39 77.6 53.94
-339.0 0.723328 0.006939 3.39 77.6 53.76
-340.0 0.723323 0.00694 3.39 77.61 54.17
-341.0 0.723322 0.006939 3.39 77.61 54.24
-342.0 0.723329 0.006913 3.39 77.61 53.66
-343.0 0.723327 0.006968 3.39 77.61 54.03
-344.0 0.723328 0.006963 3.39 77.61 53.89
-345.0 0.723331 0.006907 3.39 77.62 53.99
-346.0 0.723346 0.006918 3.39 77.62 53.76
-347.0 0.723333 0.006949 3.39 77.62 53.66
-348.0 0.723328 0.006921 3.39 77.63 54.13
-349.0 0.723326 0.006936 3.39 77.63 54.15
-350.0 0.72333 0.006902 3.39 77.63 53.75
-351.0 0.723326 0.006973 3.39 77.63 54.02
-352.0 0.723324 0.006968 3.39 77.63 54.06
-353.0 0.723325 0.00692 3.39 77.64 53.9
-354.0 0.723341 0.006941 3.39 77.64 53.83
-355.0 0.72333 0.006958 3.39 77.64 53.53
-356.0 0.723327 0.006939 3.39 77.65 54.08
-357.0 0.723328 0.006936 3.39 77.65 54.0
-358.0 0.723333 0.006918 3.39 77.65 53.66
-359.0 0.72333 0.006959 3.39 77.66 53.95
-360.0 0.723328 0.006973 3.39 77.66 53.98
-361.0 0.72333 0.006905 3.39 77.66 53.99
-362.0 0.723342 0.006945 3.39 77.66 53.81
-363.0 0.723329 0.006959 3.39 77.67 53.72
-364.0 0.723323 0.006953 3.39 77.67 54.07
-365.0 0.723324 0.006952 3.39 77.67 54.14
-366.0 0.723328 0.006928 3.39 77.68 53.56
-367.0 0.723327 0.00698 3.39 77.68 53.98
-368.0 0.723326 0.006974 3.39 77.68 53.88
-369.0 0.723331 0.006921 3.39 77.68 53.91
-370.0 0.723345 0.006935 3.39 77.69 53.7
-371.0 0.723334 0.006968 3.39 77.69 53.61
-372.0 0.723329 0.00693 3.39 77.69 54.09
-373.0 0.723328 0.006948 3.39 77.69 54.08
-374.0 0.72333 0.006917 3.39 77.7 53.68
-375.0 0.723325 0.006984 3.39 77.7 53.99
-376.0 0.723324 0.00698 3.39 77.7 54.04
-377.0 0.723326 0.006928 3.39 77.71 53.82
-378.0 0.723341 0.006957 3.39 77.71 53.72
-379.0 0.723329 0.006969 3.39 77.71 53.49
-380.0 0.723327 0.006946 3.39 77.72 54.0
-381.0 0.723328 0.00694 3.39 77.72 53.93
-382.0 0.723334 0.006932 3.39 77.72 53.57
-383.0 0.72333 0.006966 3.39 77.72 53.93
-384.0 0.72333 0.006982 3.39 77.72 53.93
-385.0 0.72333 0.006914 3.39 77.73 53.88
-386.0 0.723343 0.00696 3.39 77.73 53.7
-387.0 0.723328 0.006975 3.39 77.73 53.66
-388.0 0.723324 0.006957 3.39 77.74 53.97
-389.0 0.723324 0.006962 3.39 77.74 54.03
-390.0 0.723329 0.00694 3.39 77.74 53.45
-391.0 0.723325 0.006991 3.39 77.75 53.91
-392.0 0.723326 0.006981 3.39 77.75 53.82
-393.0 0.723331 0.006932 3.39 77.75 53.8
-394.0 0.723345 0.006953 3.39 77.75 53.62
-395.0 0.723334 0.006984 3.39 77.76 53.57
-396.0 0.723329 0.006941 3.39 77.76 54.01
-397.0 0.723329 0.00696 3.39 77.76 53.98
-398.0 0.72333 0.006938 3.39 77.76 53.61
-399.0 0.723326 0.006995 3.39 77.77 53.93
-400.0 0.723323 0.006995 3.39 77.77 54.0
-401.0 0.723326 0.006939 3.39 77.77 53.72
-402.0 0.723339 0.006978 3.39 77.78 53.66
-403.0 0.723329 0.006985 3.39 77.78 53.46
-404.0 0.723326 0.006957 3.39 77.78 53.93
-405.0 0.72333 0.00695 3.39 77.78 53.87
-406.0 0.723334 0.006946 3.39 77.79 53.49
-407.0 0.72333 0.006975 3.39 77.79 53.91
-408.0 0.723328 0.00699 3.39 77.79 53.9
-409.0 0.723331 0.006926 3.39 77.79 53.84
-410.0 0.723341 0.006976 3.39 77.8 53.64
-411.0 0.723329 0.006991 3.39 77.8 53.64
-412.0 0.723325 0.006962 3.39 77.8 53.88
-413.0 0.723326 0.006969 3.39 77.81 53.94
-414.0 0.723329 0.006951 3.39 77.81 53.35
-415.0 0.723325 0.006997 3.39 77.81 53.85
-416.0 0.723326 0.006987 3.39 77.81 53.79
-417.0 0.72333 0.006939 3.39 77.81 53.69
-418.0 0.723343 0.006967 3.39 77.82 53.56
-419.0 0.723333 0.006997 3.39 77.82 53.5
-420.0 0.723329 0.006948 3.39 77.83 53.94
-421.0 0.72333 0.006968 3.39 77.83 53.87
-422.0 0.723332 0.006955 3.39 77.83 53.52
-423.0 0.723325 0.007004 3.39 77.83 53.86
-424.0 0.723324 0.007006 3.39 77.84 53.92
-425.0 0.723326 0.006949 3.39 77.84 53.6
-426.0 0.723338 0.006996 3.39 77.84 53.57
-427.0 0.723328 0.006999 3.39 77.84 53.43
-428.0 0.723327 0.006967 3.39 77.85 53.84
-429.0 0.72333 0.006961 3.39 77.85 53.79
-430.0 0.723334 0.006965 3.39 77.85 53.39
-431.0 0.723329 0.006986 3.39 77.86 53.87
-432.0 0.723329 0.007003 3.39 77.86 53.84
-433.0 0.723332 0.00694 3.39 77.86 53.76
-434.0 0.72334 0.006996 3.39 77.86 53.59
-435.0 0.72333 0.00701 3.39 77.86 53.6
-436.0 0.723325 0.006972 3.39 77.87 53.8
-437.0 0.723328 0.006982 3.39 77.87 53.83
-438.0 0.723328 0.006965 3.39 77.88 53.29
-439.0 0.723324 0.007005 3.39 77.88 53.82
-440.0 0.723324 0.006993 3.39 77.88 53.78
-441.0 0.72333 0.006949 3.39 77.88 53.61
-442.0 0.72334 0.006983 3.39 77.89 53.54
-443.0 0.723334 0.007011 3.39 77.89 53.47
-444.0 0.72333 0.006956 3.39 77.89 53.88
-445.0 0.723333 0.006975 3.39 77.89 53.78
-446.0 0.723332 0.00697 3.39 77.9 53.45
-447.0 0.723326 0.007007 3.39 77.9 53.8
-448.0 0.723324 0.007014 3.39 77.9 53.86
-449.0 0.723327 0.006956 3.39 77.9 53.51
-450.0 0.723335 0.007011 3.39 77.91 53.5
-451.0 0.723327 0.007009 3.39 77.91 53.39
-452.0 0.723327 0.006974 3.39 77.91 53.74
-453.0 0.723331 0.006969 3.39 77.92 53.69
-454.0 0.723334 0.00698 3.39 77.92 53.29
-455.0 0.723329 0.006996 3.39 77.92 53.82
-456.0 0.72333 0.007011 3.39 77.92 53.77
-457.0 0.723331 0.006954 3.39 77.93 53.65
-458.0 0.723339 0.007013 3.39 77.93 53.51
-459.0 0.723329 0.007028 3.39 77.93 53.54
-460.0 0.723326 0.006981 3.39 77.94 53.7
-461.0 0.723328 0.006994 3.39 77.94 53.71
-462.0 0.723329 0.006983 3.39 77.94 53.21
-463.0 0.723323 0.007016 3.39 77.94 53.75
-464.0 0.723325 0.007004 3.39 77.95 53.72
-465.0 0.72333 0.006963 3.39 77.95 53.5
-466.0 0.723338 0.007002 3.39 77.95 53.51
-467.0 0.723332 0.007025 3.39 77.95 53.45
-468.0 0.72333 0.006968 3.39 77.96 53.83
-469.0 0.723335 0.006987 3.39 77.96 53.68
-470.0 0.723332 0.006991 3.39 77.96 53.38
-471.0 0.723326 0.007015 3.39 77.97 53.75
-472.0 0.723324 0.007023 3.39 77.97 53.8
-473.0 0.723328 0.006965 3.39 77.97 53.43
-474.0 0.723333 0.007025 3.39 77.97 53.47
-475.0 0.723328 0.00702 3.39 77.98 53.38
-476.0 0.723326 0.006981 3.39 77.98 53.66
-477.0 0.723333 0.006977 3.39 77.98 53.62
-478.0 0.723333 0.006992 3.39 77.99 53.22
-479.0 0.723329 0.007001 3.39 77.99 53.79
-480.0 0.723329 0.007015 3.39 77.99 53.72
-481.0 0.723332 0.006966 3.39 77.99 53.57
-482.0 0.723337 0.007025 3.39 78.0 53.46
-483.0 0.72333 0.007043 3.39 78.0 53.48
-484.0 0.723326 0.006987 3.39 78.0 53.6
-485.0 0.723331 0.007003 3.39 78.0 53.58
-486.0 0.723329 0.006995 3.39 78.01 53.13
-487.0 0.723324 0.007022 3.39 78.01 53.66
-488.0 0.723324 0.007012 3.39 78.01 53.66
-489.0 0.72333 0.006975 3.39 78.01 53.38
-490.0 0.723336 0.007019 3.39 78.02 53.46
-491.0 0.723332 0.007039 3.39 78.02 53.39
-492.0 0.723331 0.00698 3.39 78.02 53.74
-493.0 0.723337 0.006998 3.39 78.02 53.56
-494.0 0.723333 0.007012 3.39 78.03 53.29
-495.0 0.723326 0.007025 3.39 78.03 53.68
-496.0 0.723325 0.007034 3.39 78.04 53.71
-497.0 0.723328 0.006977 3.39 78.04 53.32
-498.0 0.723331 0.007041 3.39 78.04 53.41
-499.0 0.723326 0.007034 3.39 78.04 53.36
-500.0 0.723326 0.006991 3.39 78.05 53.58
-501.0 0.723334 0.00699 3.39 78.05 53.55
-502.0 0.723333 0.00701 3.39 78.05 53.15
-503.0 0.723328 0.007011 3.39 78.06 53.76
-504.0 0.72333 0.007023 3.39 78.06 53.67
-505.0 0.723333 0.00698 3.39 78.06 53.49
-506.0 0.723336 0.007039 3.39 78.06 53.44
-507.0 0.723329 0.007055 3.39 78.06 53.46
-508.0 0.723328 0.006993 3.39 78.07 53.54
-509.0 0.723334 0.007011 3.39 78.07 53.47
-510.0 0.723328 0.007009 3.39 78.07 53.08
-511.0 0.723324 0.007027 3.39 78.08 53.6
-512.0 0.723323 0.007016 3.39 78.08 53.63
-513.0 0.72333 0.006984 3.39 78.08 53.28
-514.0 0.723334 0.007031 3.39 78.09 53.45
-515.0 0.723332 0.007049 3.39 78.09 53.35
-516.0 0.72333 0.00699 3.39 78.09 53.64
-517.0 0.72334 0.007007 3.39 78.09 53.43
-518.0 0.723333 0.007029 3.39 78.1 53.2
-519.0 0.723328 0.00703 3.39 78.1 53.6
-520.0 0.723325 0.007042 3.39 78.1 53.61
-521.0 0.723329 0.006989 3.39 78.1 53.21
-522.0 0.723329 0.007055 3.39 78.11 53.34
-523.0 0.723326 0.007046 3.39 78.11 53.32
-524.0 0.723326 0.007002 3.39 78.11 53.47
-525.0 0.723337 0.007001 3.39 78.11 53.43
-526.0 0.723333 0.007026 3.39 78.12 53.07
-527.0 0.723328 0.007022 3.39 78.12 53.69
-528.0 0.723329 0.007033 3.39 78.12 53.59
-529.0 0.723333 0.006998 3.39 78.13 53.37
-530.0 0.723335 0.007052 3.39 78.13 53.39
-531.0 0.723329 0.007071 3.39 78.13 53.4
-532.0 0.723329 0.007003 3.39 78.14 53.46
-533.0 0.723336 0.007024 3.39 78.14 53.36
-534.0 0.723329 0.007026 3.39 78.14 53.03
-535.0 0.723323 0.007036 3.39 78.14 53.55
-536.0 0.723325 0.007025 3.39 78.15 53.58
-537.0 0.723329 0.006995 3.39 78.15 53.2
-538.0 0.723332 0.007044 3.39 78.15 53.44
-539.0 0.72333 0.007059 3.39 78.15 53.34
-540.0 0.723331 0.007002 3.39 78.16 53.59
-541.0 0.723343 0.007016 3.39 78.16 53.35
-542.0 0.723334 0.007047 3.39 78.16 53.14
-543.0 0.723328 0.007034 3.39 78.17 53.54
-544.0 0.723326 0.007048 3.39 78.17 53.53
-545.0 0.723329 0.006999 3.39 78.17 53.12
-546.0 0.723329 0.007064 3.39 78.17 53.31
-547.0 0.723326 0.007056 3.39 78.17 53.3
-548.0 0.723326 0.007007 3.39 78.18 53.37
-549.0 0.72334 0.007013 3.39 78.18 53.31
-550.0 0.723331 0.00704 3.39 78.19 52.99
-551.0 0.723328 0.007031 3.39 78.19 53.61
-552.0 0.723329 0.007039 3.39 78.19 53.5
-553.0 0.723334 0.007013 3.39 78.19 53.26
-554.0 0.723333 0.007065 3.39 78.2 53.34
-555.0 0.72333 0.007083 3.39 78.2 53.32
-556.0 0.723328 0.007014 3.39 78.2 53.34
-557.0 0.72334 0.007036 3.39 78.2 53.21
-558.0 0.723329 0.007043 3.39 78.21 52.97
-559.0 0.723324 0.007042 3.39 78.21 53.46
-560.0 0.723323 0.007035 3.39 78.21 53.52
-561.0 0.723329 0.00701 3.39 78.22 53.07
-562.0 0.72333 0.00706 3.39 78.22 53.41
-563.0 0.72333 0.007071 3.39 78.22 53.3
-564.0 0.723332 0.007015 3.39 78.22 53.51
-565.0 0.723346 0.007031 3.39 78.22 53.25
-566.0 0.723334 0.007065 3.39 78.23 53.07
-567.0 0.723328 0.007044 3.39 78.23 53.49
-568.0 0.723327 0.007057 3.39 78.24 53.45
-569.0 0.723329 0.007012 3.39 78.24 53.06
-570.0 0.723328 0.007075 3.39 78.24 53.28
-571.0 0.723324 0.007066 3.39 78.24 53.31
-572.0 0.723326 0.007017 3.39 78.24 53.3
-573.0 0.723341 0.007026 3.39 78.25 53.24
-574.0 0.723332 0.007055 3.39 78.25 52.95
-575.0 0.723328 0.00704 3.39 78.26 53.56
-576.0 0.72333 0.007045 3.39 78.26 53.45
-577.0 0.723333 0.007027 3.39 78.26 53.14
-578.0 0.723333 0.007074 3.39 78.26 53.31
-579.0 0.723329 0.007092 3.39 78.26 53.27
-580.0 0.72333 0.00702 3.39 78.27 53.27
-581.0 0.723342 0.007047 3.39 78.27 53.08
-582.0 0.723328 0.007056 3.39 78.27 52.91
-583.0 0.723324 0.007049 3.39 78.28 53.36
-584.0 0.723324 0.007042 3.39 78.28 53.43
-585.0 0.72333 0.007023 3.39 78.28 52.96
-586.0 0.723329 0.007073 3.39 78.28 53.36
-587.0 0.723329 0.00708 3.39 78.28 53.26
-588.0 0.723331 0.007029 3.39 78.29 53.38
-589.0 0.723348 0.007044 3.39 78.29 53.11
-590.0 0.723333 0.007085 3.39 78.3 52.98
-591.0 0.723329 0.007052 3.39 78.3 53.4
-592.0 0.723326 0.007067 3.39 78.3 53.35
-593.0 0.72333 0.007027 3.39 78.3 52.95
-594.0 0.723326 0.007087 3.39 78.31 53.24
-595.0 0.723325 0.007079 3.39 78.31 53.26
-596.0 0.723326 0.007028 3.39 78.31 53.21
-597.0 0.723343 0.007044 3.39 78.31 53.15
-598.0 0.723331 0.00707 3.39 78.32 52.92
-599.0 0.723328 0.007052 3.39 78.32 53.51
-600.0 0.723329 0.007055 3.39 78.32 53.39
-601.0 0.723333 0.007047 3.39 78.33 53.06
-602.0 0.723332 0.007085 3.39 78.33 53.28
-603.0 0.723328 0.007103 3.39 78.33 53.24
-604.0 0.723331 0.00703 3.39 78.33 53.2
-605.0 0.723344 0.00706 3.39 78.34 53.0
-606.0 0.723329 0.007072 3.39 78.34 52.89
-607.0 0.723324 0.007055 3.39 78.34 53.3
-608.0 0.723325 0.007052 3.39 78.35 53.37
-609.0 0.723329 0.007033 3.39 78.35 52.87
-610.0 0.723328 0.007083 3.39 78.35 53.34
-611.0 0.723328 0.007086 3.39 78.35 53.22
-612.0 0.723331 0.00704 3.39 78.35 53.29
-613.0 0.723348 0.007059 3.39 78.36 53.02
-614.0 0.723333 0.007099 3.39 78.36 52.9
-615.0 0.723329 0.007059 3.39 78.37 53.31
-616.0 0.723328 0.007071 3.39 78.37 53.24
-617.0 0.723331 0.00704 3.39 78.37 52.84
-618.0 0.723327 0.007094 3.39 78.37 53.16
-619.0 0.723324 0.007088 3.39 78.37 53.23
-620.0 0.723326 0.007037 3.39 78.38 53.09
-621.0 0.723342 0.007062 3.39 78.38 53.05
-622.0 0.723329 0.007085 3.39 78.38 52.85
-623.0 0.723328 0.007063 3.39 78.39 53.42
-624.0 0.72333 0.007065 3.39 78.39 53.3
-625.0 0.723334 0.007064 3.39 78.39 52.93
-626.0 0.723331 0.007098 3.39 78.4 53.25
-627.0 0.723329 0.007113 3.39 78.4 53.17
-628.0 0.723331 0.007042 3.39 78.4 53.11
-629.0 0.723344 0.007078 3.39 78.4 52.9
-630.0 0.723328 0.007089 3.39 78.4 52.87
-631.0 0.723325 0.007065 3.39 78.41 53.24
-632.0 0.723324 0.007063 3.39 78.41 53.32
-633.0 0.723329 0.00705 3.39 78.42 52.8
-634.0 0.723327 0.007096 3.39 78.42 53.32
-635.0 0.723327 0.007097 3.39 78.42 53.21
-636.0 0.723331 0.007054 3.39 78.42 53.2
-637.0 0.723347 0.007077 3.39 78.42 52.98
-638.0 0.723333 0.007113 3.39 78.43 52.85
-639.0 0.723331 0.007065 3.39 78.43 53.25
-640.0 0.723329 0.007079 3.39 78.43 53.15
-641.0 0.723331 0.007054 3.39 78.44 52.77
-642.0 0.723326 0.007101 3.39 78.44 53.13
-643.0 0.723323 0.007095 3.39 78.44 53.2
-644.0 0.723327 0.007043 3.39 78.44 53.01
-645.0 0.723341 0.007078 3.39 78.45 52.98
-646.0 0.72333 0.007097 3.39 78.45 52.81
-647.0 0.723327 0.007074 3.39 78.45 53.31
-648.0 0.723331 0.007072 3.39 78.45 53.21
-649.0 0.723333 0.007078 3.39 78.46 52.8
-650.0 0.723331 0.007104 3.39 78.46 53.18
-651.0 0.723328 0.00712 3.39 78.46 53.1
-652.0 0.723331 0.007052 3.39 78.47 53.01
-653.0 0.723341 0.007094 3.39 78.47 52.82
-654.0 0.723329 0.007105 3.39 78.47 52.81
-655.0 0.723325 0.007072 3.39 78.48 53.14
-656.0 0.723326 0.007074 3.39 78.48 53.22
-657.0 0.723329 0.007064 3.39 78.48 52.7
-658.0 0.723326 0.00711 3.39 78.48 53.27
-659.0 0.723326 0.007108 3.39 78.48 53.18
-660.0 0.723331 0.007069 3.39 78.49 53.09
-661.0 0.723345 0.007098 3.39 78.49 52.91
-662.0 0.723332 0.00713 3.39 78.49 52.79
-663.0 0.723331 0.007077 3.39 78.5 53.18
-664.0 0.72333 0.007089 3.39 78.5 53.07
-665.0 0.723332 0.007073 3.39 78.5 52.71
-666.0 0.723325 0.007111 3.39 78.51 53.1
-667.0 0.723324 0.007107 3.39 78.51 53.18
-668.0 0.723326 0.007054 3.39 78.51 52.92
-669.0 0.723338 0.007099 3.39 78.51 52.95
-670.0 0.723328 0.00711 3.39 78.51 52.8
-671.0 0.723328 0.007083 3.39 78.52 53.25
-672.0 0.72333 0.007082 3.39 78.52 53.15
-673.0 0.723333 0.007094 3.39 78.53 52.7
-674.0 0.72333 0.007113 3.39 78.53 53.15
-675.0 0.723328 0.007124 3.39 78.53 53.04
-676.0 0.723332 0.007061 3.39 78.53 52.92
-677.0 0.72334 0.007107 3.39 78.53 52.77
-678.0 0.723329 0.007116 3.39 78.54 52.79
-679.0 0.723325 0.007077 3.39 78.54 53.05
-680.0 0.723327 0.007083 3.39 78.54 53.13
-681.0 0.723328 0.007077 3.39 78.55 52.61
-682.0 0.723325 0.007119 3.39 78.55 53.2
-683.0 0.723325 0.007114 3.39 78.55 53.13
-684.0 0.723331 0.00708 3.39 78.55 52.96
-685.0 0.723341 0.007115 3.39 78.56 52.86
-686.0 0.723332 0.007144 3.39 78.56 52.72
-687.0 0.72333 0.007088 3.39 78.56 53.08
-688.0 0.723332 0.007098 3.39 78.57 52.96
-689.0 0.723332 0.007089 3.39 78.57 52.62
-690.0 0.723326 0.007119 3.39 78.57 53.04
-691.0 0.723323 0.007118 3.39 78.57 53.13
-692.0 0.723327 0.007067 3.39 78.58 52.83
-693.0 0.723335 0.007121 3.39 78.58 52.91
-694.0 0.723327 0.007127 3.39 78.58 52.78
-695.0 0.723327 0.007098 3.39 78.59 53.16
-696.0 0.723331 0.007095 3.39 78.59 53.07
-697.0 0.723333 0.007112 3.39 78.59 52.61
-698.0 0.723329 0.007125 3.39 78.6 53.1
-699.0 0.723328 0.007134 3.39 78.6 53.0
-700.0 0.723332 0.007073 3.39 78.6 52.84
-701.0 0.723338 0.007123 3.39 78.6 52.73
-702.0 0.723328 0.007131 3.39 78.6 52.77
-703.0 0.723326 0.007085 3.39 78.61 52.99
-704.0 0.723328 0.007094 3.39 78.61 53.06
-705.0 0.723329 0.007092 3.39 78.61 52.56
-706.0 0.723324 0.007128 3.39 78.62 53.16
-707.0 0.723325 0.00712 3.39 78.62 53.1
-708.0 0.72333 0.007089 3.39 78.62 52.83
-709.0 0.723339 0.00713 3.39 78.62 52.81
-710.0 0.723331 0.007153 3.39 78.63 52.67
-711.0 0.723331 0.007093 3.39 78.63 53.01
-712.0 0.723333 0.007104 3.39 78.63 52.85
-713.0 0.723332 0.007103 3.39 78.64 52.54
-714.0 0.723326 0.007124 3.39 78.64 52.97
-715.0 0.723323 0.007125 3.39 78.64 53.07
-716.0 0.723327 0.007076 3.39 78.64 52.73
-717.0 0.723333 0.007137 3.39 78.65 52.86
-718.0 0.723327 0.007139 3.39 78.65 52.75
-719.0 0.723326 0.007109 3.39 78.65 53.03
-720.0 0.723333 0.007108 3.39 78.65 52.96
-721.0 0.723332 0.007128 3.39 78.66 52.49
-722.0 0.723329 0.007134 3.39 78.66 53.04
-723.0 0.723327 0.007142 3.39 78.66 52.92
-724.0 0.723333 0.007087 3.39 78.66 52.74
-725.0 0.723335 0.00714 3.39 78.67 52.69
-726.0 0.723329 0.007148 3.39 78.67 52.73
-727.0 0.723326 0.007097 3.39 78.67 52.91
-728.0 0.723331 0.007108 3.39 78.68 52.96
-729.0 0.723328 0.007108 3.39 78.68 52.51
-730.0 0.723324 0.00714 3.39 78.68 53.09
-731.0 0.723323 0.007132 3.39 78.68 53.07
-732.0 0.72333 0.007105 3.39 78.69 52.73
-733.0 0.723336 0.007148 3.39 78.69 52.79
-734.0 0.72333 0.007165 3.39 78.69 52.64
-735.0 0.723331 0.007102 3.39 78.7 52.94
-736.0 0.723335 0.007111 3.39 78.7 52.77
-737.0 0.723333 0.00712 3.39 78.7 52.48
-738.0 0.723326 0.007129 3.39 78.71 52.93
-739.0 0.723324 0.007134 3.39 78.71 53.02
-740.0 0.723327 0.007083 3.39 78.71 52.64
-741.0 0.723331 0.007151 3.39 78.71 52.81
-742.0 0.723325 0.007148 3.39 78.71 52.73
-743.0 0.723327 0.007117 3.39 78.72 52.94
-744.0 0.723334 0.007117 3.39 78.72 52.87
-745.0 0.723333 0.007142 3.39 78.72 52.41
-746.0 0.723328 0.007141 3.39 78.73 52.96
-747.0 0.723328 0.007145 3.39 78.73 52.84
-748.0 0.723333 0.007099 3.39 78.73 52.62
-749.0 0.723335 0.007152 3.39 78.73 52.64
-750.0 0.723328 0.007162 3.39 78.74 52.7
-751.0 0.723327 0.007104 3.39 78.74 52.82
-752.0 0.723332 0.007122 3.39 78.74 52.84
-753.0 0.723328 0.007126 3.39 78.75 52.43
-754.0 0.723324 0.007151 3.39 78.75 53.0
-755.0 0.723323 0.007143 3.39 78.75 52.99
-756.0 0.72333 0.007118 3.39 78.75 52.6
-757.0 0.723333 0.007166 3.39 78.76 52.74
-758.0 0.72333 0.007177 3.39 78.76 52.59
-759.0 0.723331 0.007116 3.39 78.76 52.83
-760.0 0.723339 0.007124 3.39 78.76 52.65
-761.0 0.723332 0.007139 3.39 78.77 52.43
-762.0 0.723326 0.007138 3.39 78.77 52.88
-763.0 0.723323 0.007144 3.39 78.77 52.97
-764.0 0.723328 0.007098 3.39 78.78 52.57
-765.0 0.723328 0.007168 3.39 78.78 52.79
-766.0 0.723325 0.007164 3.39 78.78 52.73
-767.0 0.723326 0.007128 3.39 78.78 52.84
-768.0 0.723336 0.00713 3.39 78.79 52.79
-769.0 0.723332 0.007154 3.39 78.79 52.33
-770.0 0.723328 0.007148 3.39 78.79 52.91
-771.0 0.723328 0.007151 3.39 78.8 52.78
-772.0 0.723333 0.00711 3.39 78.8 52.55
-773.0 0.723333 0.007162 3.39 78.8 52.61
-774.0 0.723328 0.00717 3.39 78.8 52.68
-775.0 0.723328 0.00711 3.39 78.81 52.75
-776.0 0.723335 0.007131 3.39 78.81 52.73
-777.0 0.723329 0.007141 3.39 78.81 52.39
-778.0 0.723323 0.00716 3.39 78.82 52.91
-779.0 0.723323 0.007152 3.39 78.82 52.93
-780.0 0.723329 0.007129 3.39 78.82 52.45
-781.0 0.723332 0.007178 3.39 78.82 52.68
-782.0 0.723329 0.007187 3.39 78.82 52.53
-783.0 0.723332 0.007125 3.39 78.83 52.74
-784.0 0.72334 0.007135 3.39 78.83 52.53
-785.0 0.723333 0.007157 3.39 78.83 52.34
-786.0 0.723326 0.007146 3.39 78.84 52.8
-787.0 0.723324 0.007155 3.39 78.84 52.87
-788.0 0.723328 0.007112 3.39 78.84 52.46
-789.0 0.723327 0.007186 3.39 78.84 52.72
-790.0 0.723324 0.007178 3.39 78.84 52.7
-791.0 0.723326 0.007141 3.39 78.85 52.72
-792.0 0.723338 0.007146 3.39 78.85 52.65
-793.0 0.723331 0.007172 3.39 78.86 52.26
-794.0 0.723328 0.007158 3.39 78.86 52.83
-795.0 0.723327 0.007159 3.39 78.86 52.73
-796.0 0.723334 0.007126 3.39 78.86 52.45
-797.0 0.723332 0.007174 3.39 78.87 52.61
-798.0 0.723329 0.007185 3.39 78.87 52.65
-799.0 0.723327 0.00712 3.39 78.87 52.67
-800.0 0.723338 0.007147 3.39 78.87 52.64
-801.0 0.723328 0.007156 3.39 78.88 52.36
-802.0 0.723323 0.007167 3.39 78.88 52.85
-803.0 0.723322 0.00716 3.39 78.88 52.88
-804.0 0.72333 0.00714 3.39 78.89 52.36
-805.0 0.723329 0.00719 3.39 78.89 52.65
-806.0 0.723329 0.007193 3.39 78.89 52.51
-807.0 0.723331 0.007134 3.39 78.89 52.65
-808.0 0.723344 0.007143 3.39 78.89 52.43
-809.0 0.723334 0.007171 3.39 78.9 52.29
-810.0 0.723327 0.007151 3.39 78.91 52.72
-811.0 0.723325 0.007164 3.39 78.91 52.8
-812.0 0.723328 0.007125 3.39 78.91 52.36
-813.0 0.723326 0.007197 3.39 78.91 52.66
-814.0 0.723324 0.00719 3.39 78.91 52.66
-815.0 0.723326 0.007149 3.39 78.92 52.6
-816.0 0.72334 0.007162 3.39 78.92 52.52
-817.0 0.723331 0.007186 3.39 78.92 52.17
-818.0 0.723327 0.00717 3.39 78.93 52.73
-819.0 0.723329 0.007167 3.39 78.93 52.62
-820.0 0.723334 0.00714 3.39 78.93 52.33
-821.0 0.723331 0.007186 3.39 78.93 52.54
-822.0 0.723327 0.007198 3.39 78.93 52.6
-823.0 0.723328 0.007133 3.39 78.94 52.6
-824.0 0.72334 0.007164 3.39 78.94 52.51
-825.0 0.723328 0.007177 3.39 78.94 52.32
-826.0 0.723323 0.007178 3.39 78.95 52.75
-827.0 0.723323 0.007174 3.39 78.95 52.8
-828.0 0.723329 0.007154 3.39 78.95 52.24
-829.0 0.723328 0.007205 3.39 78.96 52.62
-830.0 0.723328 0.007203 3.39 78.96 52.49
-831.0 0.723331 0.007144 3.39 78.96 52.58
-832.0 0.723346 0.007158 3.39 78.96 52.34
-833.0 0.723333 0.007187 3.39 78.97 52.26
-834.0 0.723327 0.007158 3.39 78.97 52.69
-835.0 0.723325 0.007172 3.39 78.97 52.74
-836.0 0.72333 0.007139 3.39 78.97 52.32
-837.0 0.723325 0.007209 3.39 78.98 52.63
-838.0 0.723324 0.007201 3.39 78.98 52.64
-839.0 0.723325 0.007158 3.39 78.98 52.48
-840.0 0.723342 0.007176 3.39 78.98 52.41
-841.0 0.72333 0.007198 3.39 78.99 52.12
-842.0 0.723328 0.007174 3.39 78.99 52.65
-843.0 0.723328 0.007172 3.39 78.99 52.55
-844.0 0.723334 0.007155 3.39 79.0 52.22
-845.0 0.72333 0.007195 3.39 79.0 52.5
-846.0 0.723328 0.007208 3.39 79.0 52.54
-847.0 0.723329 0.007141 3.39 79.0 52.5
-848.0 0.723342 0.00718 3.39 79.01 52.38
-849.0 0.723328 0.007193 3.39 79.01 52.26
-850.0 0.723323 0.007188 3.39 79.01 52.63
-851.0 0.723324 0.007186 3.39 79.02 52.69
-852.0 0.723329 0.007168 3.39 79.02 52.12
-853.0 0.723327 0.007216 3.4 79.02 52.55
-854.0 0.723327 0.007212 3.4 79.02 52.43
-855.0 0.723331 0.007157 3.39 79.02 52.46
-856.0 0.723346 0.007174 3.39 79.03 52.25
-857.0 0.723334 0.007207 3.39 79.03 52.2
-858.0 0.723328 0.007169 3.39 79.04 52.62
-859.0 0.723327 0.007185 3.39 79.04 52.65
-860.0 0.72333 0.007155 3.4 79.04 52.23
-861.0 0.723325 0.007221 3.4 79.04 52.58
-862.0 0.723323 0.007215 3.39 79.04 52.62
-863.0 0.723326 0.007169 3.39 79.05 52.41
-864.0 0.723341 0.007195 3.39 79.05 52.33
-865.0 0.723329 0.007212 3.39 79.05 52.09
-866.0 0.723327 0.007184 3.39 79.06 52.59
-867.0 0.723328 0.007179 3.39 79.06 52.49
-868.0 0.723334 0.00717 3.39 79.06 52.15
-869.0 0.72333 0.007204 3.4 79.07 52.49
-870.0 0.723329 0.007218 3.4 79.07 52.52
-871.0 0.723329 0.00715 3.4 79.07 52.43
-872.0 0.723343 0.007196 3.39 79.07 52.29
-873.0 0.723328 0.007209 3.39 79.07 52.23
-874.0 0.723324 0.007194 3.39 79.08 52.53
-875.0 0.723324 0.007195 3.39 79.08 52.6
-876.0 0.723329 0.00718 3.4 79.09 52.01
-877.0 0.723326 0.007225 3.4 79.09 52.49
-878.0 0.723327 0.007218 3.4 79.09 52.37
-879.0 0.723331 0.007167 3.4 79.09 52.35
-880.0 0.723346 0.00719 3.39 79.09 52.16
-881.0 0.723333 0.007221 3.39 79.1 52.14
-882.0 0.723328 0.007176 3.39 79.1 52.53
-883.0 0.723328 0.007195 3.4 79.1 52.53
-884.0 0.72333 0.007174 3.4 79.11 52.14
-885.0 0.723325 0.007231 3.4 79.11 52.5
-886.0 0.723323 0.007228 3.4 79.11 52.56
-887.0 0.723326 0.007179 3.4 79.11 52.28
-888.0 0.72334 0.007215 3.39 79.12 52.24
-889.0 0.723329 0.007227 3.4 79.12 52.04
-890.0 0.723326 0.007196 3.4 79.12 52.49
-891.0 0.72333 0.007191 3.39 79.13 52.41
-892.0 0.723334 0.007187 3.4 79.13 52.06
-893.0 0.723329 0.007214 3.4 79.13 52.47
-894.0 0.723327 0.007229 3.4 79.13 52.48
-895.0 0.72333 0.007163 3.4 79.14 52.37
-896.0 0.72334 0.007217 3.39 79.14 52.24
-897.0 0.723329 0.007229 3.39 79.14 52.21
-898.0 0.723324 0.007203 3.39 79.15 52.46
-899.0 0.723326 0.007206 3.39 79.15 52.52
-900.0 0.723329 0.007193 3.4 79.15 51.94
-901.0 0.723325 0.007234 3.4 79.15 52.44
-902.0 0.723326 0.007226 3.4 79.15 52.36
-903.0 0.723331 0.007177 3.4 79.16 52.27
-904.0 0.723344 0.007205 3.39 79.16 52.12
-905.0 0.723333 0.007234 3.39 79.16 52.09
-906.0 0.723329 0.007183 3.4 79.17 52.46
-907.0 0.723329 0.007203 3.4 79.17 52.43
-908.0 0.723331 0.007189 3.4 79.17 52.06
-909.0 0.723324 0.007239 3.4 79.18 52.43
-910.0 0.723324 0.007238 3.4 79.18 52.49
-911.0 0.723326 0.007186 3.4 79.18 52.15
-912.0 0.723338 0.007231 3.4 79.18 52.14
-913.0 0.723328 0.007238 3.4 79.19 51.99
-914.0 0.723327 0.007203 3.4 79.19 52.39
-915.0 0.72333 0.007199 3.4 79.19 52.32
-916.0 0.723334 0.007204 3.4 79.2 51.95
-917.0 0.723329 0.007223 3.4 79.2 52.41
-918.0 0.723328 0.007238 3.4 79.2 52.4
-919.0 0.723331 0.007177 3.4 79.2 52.28
-920.0 0.723339 0.007236 3.4 79.2 52.16
-921.0 0.723328 0.007246 3.4 79.21 52.18
-922.0 0.723324 0.007212 3.4 79.21 52.36
-923.0 0.723327 0.00722 3.4 79.21 52.41
-924.0 0.723328 0.00721 3.4 79.22 51.85
-925.0 0.723325 0.007245 3.4 79.22 52.39
-926.0 0.723325 0.007235 3.4 79.22 52.33
-927.0 0.723331 0.00719 3.4 79.22 52.18
-928.0 0.723341 0.007224 3.4 79.23 52.1
-929.0 0.723333 0.007251 3.4 79.23 52.06
-930.0 0.723329 0.007195 3.4 79.23 52.41
-931.0 0.723332 0.007215 3.4 79.24 52.35
-932.0 0.723331 0.007207 3.4 79.24 52.01
-933.0 0.723325 0.007246 3.4 79.24 52.38
-934.0 0.723323 0.007247 3.4 79.24 52.44
-935.0 0.723327 0.007195 3.4 79.25 52.07
-936.0 0.723335 0.007248 3.4 79.25 52.1
-937.0 0.723328 0.007249 3.4 79.25 51.96
-938.0 0.723327 0.00721 3.4 79.26 52.3
-939.0 0.723332 0.007205 3.4 79.26 52.24
-940.0 0.723334 0.007217 3.4 79.26 51.86
-941.0 0.723329 0.007229 3.4 79.27 52.36
-942.0 0.723328 0.007246 3.4 79.27 52.34
-943.0 0.723331 0.007187 3.4 79.27 52.18
-944.0 0.723338 0.00725 3.4 79.27 52.08
-945.0 0.723328 0.007261 3.4 79.27 52.11
-946.0 0.723325 0.007219 3.4 79.28 52.25
-947.0 0.723328 0.00723 3.4 79.28 52.28
-948.0 0.723329 0.007224 3.4 79.28 51.76
-949.0 0.723323 0.007254 3.4 79.29 52.31
-950.0 0.723326 0.007241 3.4 79.29 52.26
-951.0 0.72333 0.007202 3.4 79.29 52.05
-952.0 0.723339 0.007241 3.4 79.29 52.05
-953.0 0.723332 0.007266 3.4 79.3 52.02
-954.0 0.72333 0.007206 3.4 79.3 52.34
-955.0 0.723333 0.007227 3.4 79.3 52.25
-956.0 0.723332 0.00723 3.4 79.31 51.93
-957.0 0.723325 0.007256 3.4 79.31 52.31
-958.0 0.723323 0.007261 3.4 79.31 52.37
-959.0 0.723327 0.007208 3.4 79.31 51.97
-960.0 0.723333 0.007267 3.4 79.32 52.06
-961.0 0.723328 0.007262 3.4 79.32 51.95
-962.0 0.723327 0.007221 3.4 79.32 52.22
-963.0 0.723333 0.007217 3.4 79.32 52.15
-964.0 0.723333 0.007234 3.4 79.33 51.8
-965.0 0.723329 0.007238 3.4 79.33 52.33
-966.0 0.723328 0.007253 3.4 79.33 52.29
-967.0 0.723332 0.0072 3.4 79.33 52.11
-968.0 0.723336 0.007263 3.4 79.34 52.05
-969.0 0.723329 0.007276 3.4 79.34 52.08
-970.0 0.723325 0.007226 3.4 79.34 52.15
-971.0 0.723331 0.007239 3.4 79.35 52.17
-972.0 0.723329 0.007235 3.4 79.35 51.69
-973.0 0.723324 0.007256 3.4 79.35 52.23
-974.0 0.723324 0.007247 3.4 79.35 52.2
-975.0 0.723331 0.007211 3.4 79.36 51.94
-976.0 0.723336 0.007255 3.4 79.36 52.01
-977.0 0.723332 0.007276 3.4 79.36 51.96
-978.0 0.723331 0.007215 3.4 79.37 52.26
-979.0 0.723337 0.007236 3.4 79.37 52.11
-980.0 0.723333 0.007247 3.4 79.37 51.85
-981.0 0.723325 0.007264 3.4 79.38 52.22
-982.0 0.723324 0.007271 3.4 79.38 52.28
-983.0 0.723327 0.007219 3.4 79.38 51.86
-984.0 0.723332 0.007281 3.4 79.38 51.98
-985.0 0.723326 0.007276 3.4 79.38 51.91
-986.0 0.723327 0.007231 3.4 79.39 52.12
-987.0 0.723334 0.00723 3.4 79.39 52.07
-988.0 0.723334 0.007254 3.4 79.39 51.71
-989.0 0.723328 0.00725 3.4 79.4 52.28
-990.0 0.72333 0.007264 3.4 79.4 52.21
-991.0 0.723332 0.007216 3.4 79.4 52.01
-992.0 0.723335 0.007281 3.4 79.4 52.0
-993.0 0.723328 0.007293 3.4 79.41 52.04
-994.0 0.723327 0.007235 3.4 79.41 52.09
-995.0 0.723333 0.007252 3.4 79.41 52.05
-996.0 0.723329 0.007252 3.4 79.42 51.64
-997.0 0.723324 0.007265 3.4 79.42 52.17
-998.0 0.723324 0.007254 3.4 79.42 52.17
-999.0 0.723331 0.007223 3.4 79.42 51.85
-1000.0 0.723335 0.007267 3.4 79.43 52.01
