0.0 19.176263 0.048094 0.77 73.96 98.52
-1000.0 19.169627 0.046414 0.79 73.15 96.09
-2000.0 19.278474 0.042839 0.81 72.65 95.28
-3000.0 19.131873 0.048937 0.82 72.16 103.54
-4000.0 19.279326 0.05298 0.84 71.7 93.82
-5000.0 19.210965 0.047197 0.86 71.3 93.03
-6000.0 19.218534 0.046651 0.88 70.83 99.41
-7000.0 19.297746 0.052109 0.9 70.76 102.83
-8000.0 19.148335 0.051132 0.92 70.41 92.42
-9000.0 19.298807 0.043845 0.94 70.43 94.47
-10000.0 19.211977 0.047311 0.96 70.22 94.16
-11000.0 19.214575 0.049575 0.97 70.12 92.61
-12000.0 19.292524 0.048501 0.99 70.15 86.46
-13000.0 19.146022 0.050126 1.01 70.19 88.55
-14000.0 19.300888 0.053391 1.03 70.26 83.28
-15000.0 19.196301 0.050025 1.04 70.31 86.8
-16000.0 19.196024 0.052456 1.06 70.3 88.66
-17000.0 19.262695 0.054825 1.07 70.63 84.68
-18000.0 19.12845 0.052098 1.08 70.68 76.99
-19000.0 19.271308 0.046628 1.1 70.91 84.79
-20000.0 19.158167 0.053744 1.11 70.96 83.39
-21000.0 19.169358 0.055437 1.12 71.04 75.92
-22000.0 19.26381 0.05001 1.13 71.38 70.82
-23000.0 19.129884 0.050087 1.14 71.39 79.79
-24000.0 19.280805 0.055779 1.16 71.59 74.34
-25000.0 19.172956 0.05416 1.16 71.51 71.37
-26000.0 19.220872 0.053075 1.18 71.65 71.81
-27000.0 19.283723 0.052314 1.18 71.76 74.37
-28000.0 19.149986 0.051453 1.19 71.73 68.82
-29000.0 19.300968 0.049092 1.2 71.74 71.28
-30000.0 19.198845 0.053593 1.21 71.66 66.16
-31000.0 19.219638 0.05104 1.22 71.6 62.37
-32000.0 19.293473 0.04806 1.23 71.69 60.87
-33000.0 19.1553 0.053177 1.24 71.43 67.32
-34000.0 19.306249 0.059243 1.25 71.47 59.09
-35000.0 19.193781 0.051543 1.26 71.23 58.42
-36000.0 19.230941 0.050626 1.27 71.2 64.08
-37000.0 19.263815 0.054677 1.28 71.08 65.84
-38000.0 19.127743 0.055883 1.29 70.9 56.67
-39000.0 19.27808 0.047821 1.31 70.85 58.58
-40000.0 19.163764 0.051481 1.32 70.6 59.59
-41000.0 19.187355 0.052893 1.33 70.55 58.34
-42000.0 19.248033 0.052394 1.34 70.44 54.22
-43000.0 19.116627 0.052295 1.36 70.34 57.11
-44000.0 19.276958 0.054474 1.38 70.29 52.57
-45000.0 19.162133 0.05007 1.39 70.15 54.48
-46000.0 19.214346 0.054117 1.41 70.12 57.35
-47000.0 19.262012 0.055571 1.43 70.19 54.28
-48000.0 19.149662 0.052233 1.45 70.14 47.65
-49000.0 19.304656 0.04578 1.46 70.24 54.21
-50000.0 19.183116 0.054207 1.48 70.16 53.0
-51000.0 19.220853 0.055828 1.5 70.37 45.5
-52000.0 19.294825 0.051294 1.52 70.48 40.91
-53000.0 19.165492 0.051678 1.53 70.6 49.25
-54000.0 19.315703 0.05917 1.55 70.73 45.49
-55000.0 19.185742 0.057229 1.57 70.89 43.3
-56000.0 19.244616 0.055857 1.59 71.17 44.64
-57000.0 19.271676 0.05478 1.61 71.44 45.76
-58000.0 19.147732 0.055371 1.62 71.66 40.81
-59000.0 19.288868 0.05339 1.64 71.96 42.97
-60000.0 19.161834 0.058203 1.66 72.24 38.77
-61000.0 19.201007 0.054981 1.68 72.6 34.51
-62000.0 19.250054 0.053104 1.69 73.02 33.7
-63000.0 19.121489 0.057876 1.71 73.31 39.09
-64000.0 19.274427 0.06281 1.72 73.77 30.7
-65000.0 19.14607 0.054318 1.74 74.11 27.81
-66000.0 19.221378 0.055471 1.75 74.58 31.92
-67000.0 19.242082 0.060093 1.76 74.94 32.63
-68000.0 19.130589 0.061015 1.78 75.34 24.06
-69000.0 19.28093 0.052925 1.79 75.75 23.84
-70000.0 19.167945 0.057817 1.8 76.13 23.81
-71000.0 19.233893 0.059124 1.81 76.53 21.34
-72000.0 19.264596 0.059309 1.82 76.93 17.51
-73000.0 19.156838 0.05944 1.84 77.18 18.1
-74000.0 19.328216 0.063427 1.84 77.58 14.39
-75000.0 19.178758 0.057796 1.85 77.83 16.03
-76000.0 19.256887 0.061574 1.86 78.23 18.88
-77000.0 19.262619 0.06175 1.87 78.49 14.15
-78000.0 19.166102 0.05899 1.87 78.69 7.62
-79000.0 19.306343 0.052498 1.88 79.0 12.63
-80000.0 19.160828 0.060544 1.88 79.19 12.0
-81000.0 19.216641 0.061103 1.9 79.52 3.85
-82000.0 19.25381 0.057121 1.9 79.67 0.06
-83000.0 19.145593 0.056515 1.91 79.81 6.98
-84000.0 19.285987 0.062868 1.91 80.01 4.08
-85000.0 19.12589 0.059059 1.92 80.19 359.81
-86000.0 19.227807 0.059107 1.93 80.4 0.6
-87000.0 19.22741 0.058131 1.94 80.49 0.87
-88000.0 19.133487 0.058858 1.95 80.55 357.65
-89000.0 19.276454 0.055856 1.95 80.79 358.93
-90000.0 19.14865 0.061593 1.97 80.85 355.71
-91000.0 19.226638 0.057877 1.98 81.06 351.54
-92000.0 19.256656 0.055772 1.98 81.06 352.14
-93000.0 19.158833 0.059774 2.0 81.21 356.48
-94000.0 19.314601 0.066227 2.01 81.39 350.21
-95000.0 19.173277 0.056965 2.02 81.54 348.26
-96000.0 19.275902 0.056934 2.03 81.69 354.69
-97000.0 19.254725 0.059844 2.04 81.75 354.21
-98000.0 19.16471 0.061129 2.06 81.96 346.52
-99000.0 19.311127 0.052543 2.07 82.2 346.12
-100000.0 19.173689 0.057453 2.08 82.36 347.34
-101000.0 19.246596 0.058094 2.1 82.56 344.16
-102000.0 19.249229 0.059356 2.11 82.75 341.29
-103000.0 19.148521 0.059274 2.13 83.03 342.27
-104000.0 19.299326 0.062509 2.14 83.35 339.74
-105000.0 19.134922 0.056431 2.15 83.55 340.1
-106000.0 19.230735 0.061027 2.17 83.89 342.98
-107000.0 19.211914 0.062742 2.18 84.16 337.65
-108000.0 19.138354 0.06064 2.2 84.56 332.97
-109000.0 19.277138 0.054182 2.21 84.88 337.37
-110000.0 19.130458 0.063482 2.23 85.25 337.49
-111000.0 19.218049 0.063921 2.24 85.64 329.7
-112000.0 19.241724 0.059883 2.25 86.07 327.24
-113000.0 19.15871 0.059034 2.26 86.43 332.59
-114000.0 19.309786 0.066796 2.27 86.83 329.6
-115000.0 19.155132 0.063581 2.29 87.22 326.0
-116000.0 19.276961 0.062655 2.29 87.7 327.92
-117000.0 19.245837 0.060858 2.3 88.08 326.33
-118000.0 19.177482 0.061413 2.31 88.48 322.64
-119000.0 19.310498 0.059267 2.32 88.92 322.27
-120000.0 19.169114 0.065279 2.33 89.32 319.22
-121000.0 19.263451 0.061239 2.33 89.79 313.22
-122000.0 19.253392 0.060512 2.33 90.13 313.78
-123000.0 19.172827 0.065189 2.34 90.54 316.71
-124000.0 19.312787 0.07158 2.34 90.97 311.47
-125000.0 19.144149 0.061313 2.35 91.4 307.93
-126000.0 19.261798 0.061785 2.35 91.77 312.94
-127000.0 19.21124 0.066131 2.35 92.08 311.02
-128000.0 19.142978 0.067504 2.35 92.45 305.05
-129000.0 19.266438 0.059208 2.35 92.92 303.4
-130000.0 19.130267 0.064132 2.36 93.19 304.94
-131000.0 19.23895 0.064616 2.36 93.53 301.32
-132000.0 19.204335 0.064851 2.36 93.74 300.48
-133000.0 19.144604 0.063617 2.36 94.15 299.11
-134000.0 19.3 0.066862 2.36 94.43 296.42
-135000.0 19.140625 0.061044 2.36 94.61 296.09
-136000.0 19.27159 0.064582 2.36 94.85 300.64
-137000.0 19.221577 0.065024 2.36 95.08 294.07
-138000.0 19.181678 0.061988 2.37 95.39 288.97
-139000.0 19.310668 0.055965 2.37 95.56 291.81
-140000.0 19.161556 0.064714 2.37 95.7 293.08
-141000.0 19.264824 0.065391 2.38 95.95 284.45
-142000.0 19.244833 0.061695 2.38 96.16 282.74
-143000.0 19.197021 0.061497 2.38 96.38 287.35
-144000.0 19.317098 0.068135 2.39 96.54 287.05
-145000.0 19.139695 0.063791 2.4 96.68 282.73
-146000.0 19.277957 0.062778 2.4 96.98 284.99
-147000.0 19.213054 0.06186 2.41 97.12 282.91
-148000.0 19.163915 0.062289 2.41 97.41 281.15
-149000.0 19.273467 0.059675 2.42 97.55 281.22
-150000.0 19.12626 0.065681 2.43 97.83 279.18
-151000.0 19.241073 0.061675 2.43 98.09 273.82
-152000.0 19.203949 0.059735 2.44 98.31 276.5
-153000.0 19.152651 0.063187 2.45 98.61 278.83
-154000.0 19.275024 0.068647 2.46 98.9 273.26
-155000.0 19.129001 0.060008 2.47 99.18 269.06
-156000.0 19.27855 0.060319 2.47 99.49 276.41
-157000.0 19.205963 0.063934 2.48 99.8 273.78
-158000.0 19.172517 0.065049 2.49 100.21 267.75
-159000.0 19.29618 0.057537 2.5 100.55 265.4
-160000.0 19.162072 0.063087 2.51 100.87 267.84
-161000.0 19.28645 0.063867 2.51 101.25 263.48
-162000.0 19.232861 0.065287 2.52 101.62 262.74
-163000.0 19.194153 0.065685 2.53 102.12 261.71
-164000.0 19.322831 0.068566 2.53 102.45 260.75
-165000.0 19.157914 0.062684 2.54 102.85 260.23
-166000.0 19.287284 0.065802 2.54 103.29 264.38
-167000.0 19.207027 0.067505 2.54 103.81 256.72
-168000.0 19.18503 0.064523 2.55 104.22 253.04
-169000.0 19.284735 0.058857 2.55 104.61 255.34
-170000.0 19.126602 0.067735 2.55 105.05 256.29
-171000.0 19.243908 0.068552 2.55 105.63 247.07
-172000.0 19.200519 0.064587 2.55 106.07 246.35
-173000.0 19.168592 0.063661 2.55 106.51 249.84
-174000.0 19.267657 0.069304 2.55 106.9 247.82
-175000.0 19.109743 0.066903 2.55 107.38 241.78
-176000.0 19.267811 0.066256 2.54 107.86 244.25
-177000.0 19.184206 0.065729 2.54 108.23 241.32
-178000.0 19.174713 0.065315 2.54 108.64 239.3
-179000.0 19.273565 0.064155 2.53 109.01 238.0
-180000.0 19.142014 0.070242 2.53 109.42 236.44
-181000.0 19.281309 0.0661 2.52 109.78 230.08
-182000.0 19.218272 0.064236 2.52 110.05 232.47
-183000.0 19.211367 0.069343 2.52 110.38 234.1
-184000.0 19.30634 0.073977 2.51 110.72 230.34
-185000.0 19.155849 0.064391 2.51 110.98 226.0
-186000.0 19.307999 0.063028 2.5 111.28 232.42
-187000.0 19.210412 0.067309 2.5 111.48 228.83
-188000.0 19.198653 0.067734 2.49 111.83 223.84
-189000.0 19.285004 0.060263 2.49 112.0 221.06
-190000.0 19.150323 0.06438 2.48 112.26 223.24
-191000.0 19.284531 0.065833 2.48 112.48 218.23
-192000.0 19.187546 0.066167 2.48 112.68 219.38
-193000.0 19.181861 0.066172 2.47 112.96 217.58
-194000.0 19.273764 0.066908 2.47 113.11 216.3
-195000.0 19.117807 0.062099 2.47 113.32 214.05
-196000.0 19.264145 0.065147 2.46 113.57 219.5
-197000.0 19.166971 0.067711 2.47 113.76 212.4
-198000.0 19.175947 0.063684 2.47 113.99 208.99
-199000.0 19.268798 0.058794 2.46 114.13 211.18
-200000.0 19.133859 0.066815 2.47 114.41 213.76
-201000.0 19.267904 0.067913 2.47 114.69 204.95
-202000.0 19.200079 0.062903 2.47 114.87 204.72
-203000.0 19.222299 0.063857 2.47 115.15 208.07
-204000.0 19.299895 0.0685 2.47 115.33 208.63
-205000.0 19.146507 0.065201 2.47 115.71 203.44
-206000.0 19.306612 0.062801 2.47 115.97 206.21
-207000.0 19.20542 0.06289 2.48 116.24 202.56
-208000.0 19.214753 0.06207 2.48 116.55 201.22
-209000.0 19.289834 0.060949 2.48 116.87 200.07
-210000.0 19.150569 0.066588 2.48 117.25 198.33
-211000.0 19.292761 0.063986 2.48 117.6 191.54
-212000.0 19.199513 0.061989 2.48 117.92 195.29
-213000.0 19.204148 0.067137 2.48 118.34 197.18
-214000.0 19.264133 0.070637 2.48 118.7 192.84
-215000.0 19.123436 0.062774 2.48 119.16 187.29
-216000.0 19.277386 0.062243 2.48 119.53 194.13
-217000.0 19.160487 0.067937 2.48 119.93 190.91
-218000.0 19.171576 0.068098 2.48 120.4 186.27
-219000.0 19.250985 0.061837 2.47 120.83 183.35
-220000.0 19.127836 0.066257 2.47 121.31 186.32
-221000.0 19.280238 0.067422 2.46 121.71 181.56
-222000.0 19.172627 0.066866 2.46 122.12 182.07
-223000.0 19.206769 0.068417 2.45 122.56 179.24
-224000.0 19.294617 0.069551 2.45 122.98 178.57
-225000.0 19.157417 0.064408 2.44 123.41 177.08
-226000.0 19.300636 0.065903 2.43 123.82 181.32
-227000.0 19.189032 0.069088 2.42 124.18 172.78
-228000.0 19.228243 0.06482 2.41 124.62 168.73
-229000.0 19.295058 0.060819 2.4 124.96 170.08
-230000.0 19.155634 0.068318 2.39 125.38 171.8
-231000.0 19.296692 0.071129 2.38 125.72 162.1
-232000.0 19.200789 0.066326 2.36 126.06 162.12
-233000.0 19.240609 0.067623 2.35 126.4 165.38
-234000.0 19.273653 0.070315 2.34 126.72 165.21
-235000.0 19.130702 0.068316 2.33 127.08 159.05
-236000.0 19.287568 0.06624 2.31 127.35 161.08
-237000.0 19.163172 0.067227 2.3 127.59 157.96
-238000.0 19.193777 0.065015 2.29 127.91 156.61
-239000.0 19.239926 0.065015 2.28 128.14 155.53
-240000.0 19.120217 0.070036 2.27 128.42 154.52
-241000.0 19.274552 0.066852 2.25 128.62 148.33
-242000.0 19.15237 0.061971 2.25 128.77 151.98
-243000.0 19.2124 0.067981 2.23 129.03 152.52
-244000.0 19.25448 0.071297 2.22 129.18 148.69
-245000.0 19.140168 0.063507 2.22 129.45 143.74
-246000.0 19.300217 0.060506 2.21 129.51 150.58
-247000.0 19.178378 0.066191 2.2 129.67 146.67
-248000.0 19.222523 0.066074 2.19 129.9 141.96
-249000.0 19.276038 0.060754 2.18 130.09 138.92
-250000.0 19.16612 0.06373 2.18 130.28 142.02
-251000.0 19.319047 0.066486 2.17 130.38 137.16
-252000.0 19.180032 0.065425 2.17 130.56 139.29
-253000.0 19.24764 0.068016 2.16 130.87 137.51
-254000.0 19.282117 0.066466 2.16 131.03 137.19
-255000.0 19.153542 0.062137 2.15 131.29 135.11
-256000.0 19.293047 0.063404 2.15 131.4 140.51
-257000.0 19.160696 0.067765 2.14 131.73 132.76
-258000.0 19.209673 0.06221 2.14 132.08 129.29
-259000.0 19.250269 0.058862 2.13 132.27 131.03
-260000.0 19.128999 0.065773 2.13 132.58 134.06
-261000.0 19.268612 0.068552 2.12 132.83 125.21
-262000.0 19.146182 0.061397 2.12 133.27 125.51
-263000.0 19.223093 0.063375 2.11 133.59 127.81
-264000.0 19.240932 0.066248 2.11 133.88 127.32
-265000.0 19.129691 0.065736 2.1 134.26 122.07
-266000.0 19.29046 0.062265 2.09 134.65 124.4
-267000.0 19.164115 0.064275 2.09 135.1 120.29
-268000.0 19.227409 0.062126 2.08 135.48 118.78
-269000.0 19.26492 0.063366 2.07 135.77 117.87
-270000.0 19.155226 0.068036 2.06 136.27 116.7
-271000.0 19.318434 0.066846 2.05 136.66 109.73
-272000.0 19.185716 0.062894 2.04 137.11 113.81
-273000.0 19.261257 0.069767 2.03 137.48 115.69
-274000.0 19.266539 0.07151 2.02 137.93 111.54
-275000.0 19.164598 0.064336 2.01 138.4 106.39
-276000.0 19.310729 0.061294 1.99 138.77 112.12
-277000.0 19.167033 0.068491 1.98 139.18 108.41
-278000.0 19.219973 0.067106 1.96 139.61 103.59
-279000.0 19.243911 0.062691 1.95 140.04 99.96
-280000.0 19.139921 0.065446 1.93 140.48 102.63
-281000.0 19.295071 0.068667 1.91 140.8 97.82
-282000.0 19.129876 0.065798 1.9 141.16 99.55
-283000.0 19.216752 0.068498 1.88 141.59 96.19
-284000.0 19.230744 0.067327 1.87 141.85 93.82
-285000.0 19.14078 0.064809 1.85 142.14 92.39
-286000.0 19.270081 0.065007 1.83 142.31 96.95
-287000.0 19.136256 0.070543 1.81 142.68 89.15
-288000.0 19.2268 0.064549 1.8 142.89 84.93
-289000.0 19.25053 0.062322 1.78 142.99 87.05
-290000.0 19.15385 0.067436 1.76 143.12 89.82
-291000.0 19.303877 0.071832 1.74 143.25 80.77
-292000.0 19.17039 0.064689 1.73 143.43 81.06
-293000.0 19.280286 0.067134 1.71 143.52 84.9
-294000.0 19.256531 0.067319 1.7 143.48 84.63
-295000.0 19.168398 0.066392 1.68 143.59 79.71
-296000.0 19.313829 0.062384 1.67 143.62 80.82
-297000.0 19.176757 0.064824 1.66 143.76 77.61
-298000.0 19.254414 0.060751 1.64 143.76 75.83
-299000.0 19.245962 0.062508 1.63 143.67 75.48
-300000.0 19.159167 0.06676 1.62 143.84 73.87
-301000.0 19.309441 0.066484 1.61 143.83 68.21
-302000.0 19.142431 0.059578 1.6 143.97 72.57
-303000.0 19.245428 0.066433 1.59 143.93 74.87
-304000.0 19.209608 0.067933 1.58 143.99 69.56
-305000.0 19.138529 0.062668 1.57 144.11 65.03
-306000.0 19.275389 0.058625 1.56 144.14 71.42
-307000.0 19.133569 0.065936 1.55 144.32 68.85
-308000.0 19.218308 0.064745 1.54 144.4 64.29
-309000.0 19.223181 0.061249 1.53 144.46 62.38
-310000.0 19.154315 0.062305 1.52 144.72 65.35
-311000.0 19.304765 0.065671 1.52 144.79 61.15
-312000.0 19.143999 0.062951 1.51 145.11 62.82
-313000.0 19.273704 0.067127 1.5 145.22 61.93
-314000.0 19.250427 0.063648 1.49 145.42 60.12
-315000.0 19.181313 0.060391 1.48 145.7 58.8
-316000.0 19.304805 0.060345 1.47 145.93 62.97
-317000.0 19.164347 0.066682 1.46 146.33 55.18
-318000.0 19.262304 0.060184 1.45 146.46 50.71
-319000.0 19.254627 0.058381 1.44 146.74 52.62
-320000.0 19.174311 0.064289 1.42 147.13 54.89
-321000.0 19.30382 0.069809 1.41 147.46 46.76
-322000.0 19.151419 0.06186 1.4 147.84 46.92
-323000.0 19.27081 0.064578 1.38 148.01 50.86
-324000.0 19.211046 0.065052 1.37 148.34 48.79
-325000.0 19.145176 0.066296 1.35 148.79 44.19
-326000.0 19.275688 0.062485 1.34 149.06 45.34
-327000.0 19.130997 0.065825 1.32 149.39 42.4
-328000.0 19.228792 0.062077 1.3 149.53 40.5
-329000.0 19.208982 0.064678 1.29 149.87 40.75
-330000.0 19.142931 0.068019 1.27 150.17 39.36
-331000.0 19.290542 0.067005 1.25 150.27 33.28
-332000.0 19.140617 0.060797 1.23 150.38 36.03
-333000.0 19.280156 0.069066 1.21 150.42 39.33
-334000.0 19.222566 0.069325 1.19 150.59 33.9
-335000.0 19.180156 0.063252 1.17 150.66 29.5
-336000.0 19.306433 0.058793 1.15 150.52 33.86
-337000.0 19.168558 0.06709 1.13 150.45 31.38
-338000.0 19.268401 0.065555 1.11 150.31 26.2
-339000.0 19.239995 0.062891 1.09 150.21 23.84
-340000.0 19.186938 0.06424 1.06 150.06 25.96
-341000.0 19.326675 0.068928 1.05 149.66 23.12
-342000.0 19.148589 0.065357 1.03 149.51 25.31
-343000.0 19.279319 0.068787 1.01 149.11 25.08
-344000.0 19.219583 0.065211 0.99 148.8 21.57
-345000.0 19.179727 0.062874 0.97 148.41 21.57
-346000.0 19.268897 0.06249 0.96 147.92 25.97
-347000.0 19.124685 0.068919 0.94 147.51 20.16
-348000.0 19.242022 0.062066 0.93 146.91 15.35
-349000.0 19.203722 0.060623 0.91 146.44 19.39
-350000.0 19.153969 0.064451 0.9 146.0 22.62
-351000.0 19.267973 0.068776 0.89 145.3 15.86
-352000.0 19.116612 0.059947 0.88 144.84 14.54
-353000.0 19.273703 0.063436 0.87 144.05 20.12
-354000.0 19.198324 0.063172 0.86 143.66 18.78
-355000.0 19.169594 0.063269 0.85 143.19 15.89
-356000.0 19.285561 0.059341 0.84 142.53 16.2
-357000.0 19.15856 0.062893 0.84 142.09 14.52
-358000.0 19.278918 0.058696 0.83 141.39 12.64
-359000.0 19.22533 0.061397 0.82 141.2 14.5
-360000.0 19.193455 0.065328 0.81 140.73 12.81
-361000.0 19.321189 0.065726 0.81 140.18 9.07
-362000.0 19.158624 0.058256 0.8 139.86 12.84
-363000.0 19.302478 0.065493 0.79 139.34 18.27
-364000.0 19.210333 0.065719 0.78 139.25 11.82
-365000.0 19.188341 0.060501 0.77 138.86 8.62
-366000.0 19.288039 0.056022 0.77 138.43 13.85
-367000.0 19.141257 0.063694 0.75 138.22 12.74
-368000.0 19.248687 0.062285 0.74 137.73 7.33
-369000.0 19.196969 0.060133 0.73 137.74 6.4
-370000.0 19.169032 0.06082 0.72 137.23 9.1
-371000.0 19.277813 0.064011 0.72 136.89 7.12
-372000.0 19.105481 0.060117 0.7 136.54 7.75
-373000.0 19.263631 0.065033 0.69 135.98 8.04
-374000.0 19.189325 0.062313 0.68 135.81 4.2
-375000.0 19.179053 0.059677 0.66 135.16 5.44
-376000.0 19.26907 0.059631 0.65 134.52 9.24
-377000.0 19.135517 0.067122 0.63 133.75 4.04
-378000.0 19.272244 0.060907 0.62 132.85 359.3
-379000.0 19.222258 0.0595 0.61 132.34 3.73
-380000.0 19.201305 0.06455 0.6 131.17 6.58
-381000.0 19.30594 0.070489 0.58 129.94 1.76
-382000.0 19.154386 0.061829 0.57 128.62 2.1
-383000.0 19.313845 0.064434 0.56 127.28 8.99
-384000.0 19.208602 0.063908 0.54 126.13 7.08
-385000.0 19.198885 0.064307 0.53 124.11 5.94
-386000.0 19.293351 0.060825 0.52 122.25 7.01
-387000.0 19.150983 0.064137 0.51 120.38 7.1
-388000.0 19.27294 0.059893 0.5 118.48 5.19
-389000.0 19.193191 0.063127 0.5 116.54 9.12
-390000.0 19.180688 0.067055 0.49 113.92 9.23
-391000.0 19.280374 0.066277 0.49 111.61 7.51
-392000.0 19.116484 0.058238 0.49 109.38 10.8
-393000.0 19.271488 0.065893 0.49 107.12 17.36
-394000.0 19.164354 0.06779 0.49 104.98 12.39
-395000.0 19.174101 0.062228 0.5 102.53 11.85
-396000.0 19.259106 0.0578 0.5 100.53 16.88
-397000.0 19.134402 0.065726 0.51 98.51 18.47
-398000.0 19.268444 0.064534 0.52 96.52 14.37
-399000.0 19.189901 0.061808 0.53 94.99 15.66
-400000.0 19.206314 0.062269 0.54 93.2 17.65
-401000.0 19.308776 0.066329 0.55 92.02 17.66
-402000.0 19.14514 0.062094 0.56 90.43 20.19
-403000.0 19.305805 0.06513 0.57 89.26 22.31
-404000.0 19.205892 0.061369 0.59 88.35 17.47
-405000.0 19.227516 0.057872 0.6 87.25 19.19
-406000.0 19.283693 0.058037 0.61 86.43 22.68
-407000.0 19.152986 0.064553 0.62 85.44 18.47
-408000.0 19.29487 0.058384 0.63 84.82 11.28
-409000.0 19.203308 0.057124 0.64 84.46 16.8
-410000.0 19.214626 0.062165 0.66 83.59 19.48
-411000.0 19.276654 0.066621 0.66 83.15 15.26
-412000.0 19.123745 0.057594 0.67 82.4 13.06
-413000.0 19.286164 0.059947 0.68 82.21 19.29
-414000.0 19.159582 0.060701 0.69 81.85 16.11
-415000.0 19.177157 0.060877 0.7 81.16 15.19
-416000.0 19.245417 0.058 0.71 80.85 14.29
-417000.0 19.127432 0.061381 0.71 80.24 14.34
-418000.0 19.268162 0.057366 0.72 80.03 11.27
-419000.0 19.1652 0.059494 0.73 79.55 15.91
-420000.0 19.196902 0.063167 0.74 78.88 12.72
-421000.0 19.283555 0.062787 0.74 78.49 9.69
-422000.0 19.147264 0.055667 0.75 77.78 12.41
-423000.0 19.312063 0.062104 0.76 77.45 19.27
-424000.0 19.185328 0.062898 0.76 76.81 11.25
-425000.0 19.222314 0.057297 0.77 76.03 9.06
-426000.0 19.2879 0.053644 0.78 75.5 12.43
-427000.0 19.164124 0.061332 0.79 74.68 13.39
-428000.0 19.295932 0.060638 0.8 74.28 6.2
-429000.0 19.196275 0.059009 0.8 73.46 7.35
-430000.0 19.232615 0.060876 0.81 72.67 8.56
-431000.0 19.29067 0.063879 0.82 72.0 9.37
-432000.0 19.133014 0.060154 0.83 71.23 9.87
-433000.0 19.29073 0.063523 0.85 70.83 11.29
-434000.0 19.166277 0.061718 0.86 70.02 5.6
-435000.0 19.204848 0.058338 0.87 69.31 8.35
-436000.0 19.238873 0.059105 0.88 68.74 10.9
-437000.0 19.116927 0.066084 0.9 68.19 6.99
-438000.0 19.268799 0.060422 0.92 67.81 0.04
-439000.0 19.1644 0.05818 0.94 67.21 6.9
-440000.0 19.203215 0.062621 0.96 66.74 7.58
-441000.0 19.253933 0.066849 0.97 66.55 2.33
-442000.0 19.139156 0.059694 0.99 66.23 359.5
-443000.0 19.308186 0.060608 1.01 66.06 6.57
-444000.0 19.169884 0.061012 1.03 65.67 1.98
-445000.0 19.223707 0.060245 1.06 65.57 359.85
-446000.0 19.274937 0.058639 1.08 65.56 357.13
-447000.0 19.166316 0.061492 1.1 65.49 356.82
-448000.0 19.310701 0.058092 1.12 65.48 351.65
-449000.0 19.181927 0.060489 1.14 65.42 356.12
-450000.0 19.242104 0.065709 1.16 65.51 352.19
-451000.0 19.287481 0.064106 1.18 65.69 349.75
-452000.0 19.158068 0.056419 1.19 65.73 350.69
-453000.0 19.304649 0.061478 1.21 65.96 356.31
-454000.0 19.160381 0.064308 1.23 66.11 347.26
-455000.0 19.217697 0.057571 1.25 66.34 344.91
-456000.0 19.240649 0.054165 1.26 66.65 346.71
-457000.0 19.1362 0.060702 1.28 66.82 347.4
-458000.0 19.274234 0.060719 1.3 67.23 339.56
-459000.0 19.140655 0.057233 1.31 67.42 341.57
-460000.0 19.214993 0.057904 1.33 67.74 340.23
-461000.0 19.242249 0.059204 1.34 68.04 339.36
-462000.0 19.123771 0.057039 1.35 68.32 338.22
-463000.0 19.281621 0.059488 1.37 68.72 339.97
-464000.0 19.155234 0.057626 1.38 68.89 332.63
-465000.0 19.23355 0.052874 1.39 69.12 334.29
-466000.0 19.247649 0.054933 1.39 69.45 336.06
-467000.0 19.155827 0.060882 1.41 69.62 332.03
-468000.0 19.308568 0.056275 1.42 69.95 323.04
-469000.0 19.181077 0.053654 1.43 69.96 330.4
-470000.0 19.264335 0.060221 1.44 70.19 331.15
-471000.0 19.26995 0.062796 1.44 70.39 327.52
-472000.0 19.166027 0.055472 1.45 70.52 324.3
-473000.0 19.321589 0.055646 1.46 70.68 331.49
-474000.0 19.169166 0.057105 1.47 70.6 326.59
-475000.0 19.234317 0.05568 1.48 70.79 325.17
-476000.0 19.244514 0.05445 1.49 70.9 322.65
-477000.0 19.151983 0.056692 1.5 70.91 322.18
-478000.0 19.286442 0.054421 1.51 70.96 317.68
-479000.0 19.137992 0.055823 1.52 70.87 323.68
-480000.0 19.22181 0.060875 1.53 70.99 319.02
-481000.0 19.22925 0.057771 1.54 71.03 315.72
-482000.0 19.132096 0.052446 1.55 70.99 316.02
-483000.0 19.281843 0.05808 1.56 71.04 322.97
-484000.0 19.136132 0.061221 1.57 70.92 313.74
-485000.0 19.22137 0.054575 1.59 71.06 311.16
-486000.0 19.238086 0.052561 1.6 71.06 313.43
-487000.0 19.158826 0.059202 1.62 71.1 314.63
-488000.0 19.296195 0.059627 1.63 71.15 306.8
-489000.0 19.164015 0.056521 1.65 71.16 308.3
-490000.0 19.271414 0.059668 1.66 71.3 307.75
-491000.0 19.265702 0.059957 1.68 71.37 308.6
-492000.0 19.167079 0.05774 1.7 71.49 307.73
-493000.0 19.311418 0.058947 1.71 71.62 309.06
-494000.0 19.172745 0.057903 1.73 71.73 300.93
-495000.0 19.264709 0.052676 1.75 71.98 302.75
-496000.0 19.243081 0.05485 1.77 72.18 303.87
-497000.0 19.156642 0.060353 1.78 72.37 298.99
-498000.0 19.301591 0.056864 1.8 72.67 289.5
-499000.0 19.156757 0.053545 1.82 72.86 297.07
-500000.0 19.247816 0.059638 1.84 73.26 297.36
-501000.0 19.213638 0.060608 1.85 73.59 291.99
-502000.0 19.142609 0.05528 1.87 73.98 287.08
-503000.0 19.280734 0.054881 1.88 74.3 293.7
-504000.0 19.126616 0.057374 1.9 74.68 288.56
-505000.0 19.223541 0.054965 1.91 75.15 286.49
-506000.0 19.215534 0.055283 1.93 75.62 283.51
-507000.0 19.155128 0.056402 1.94 75.96 283.51
-508000.0 19.294535 0.053815 1.95 76.41 278.28
-509000.0 19.142633 0.053873 1.96 76.8 283.49
-510000.0 19.269115 0.060854 1.98 77.33 278.67
-511000.0 19.24613 0.056385 1.99 77.7 276.07
-512000.0 19.183165 0.050118 2.0 78.06 277.25
-513000.0 19.309083 0.053355 2.01 78.48 282.96
-514000.0 19.165053 0.057122 2.01 78.86 272.45
-515000.0 19.269021 0.049388 2.02 79.34 268.99
-516000.0 19.240432 0.047787 2.03 79.63 271.29
-517000.0 19.183928 0.052922 2.04 79.96 271.66
-518000.0 19.308561 0.055158 2.04 80.35 263.01
-519000.0 19.150359 0.051173 2.05 80.69 265.86
-520000.0 19.275371 0.054115 2.05 81.05 265.6
-521000.0 19.222749 0.052609 2.06 81.29 265.54
-522000.0 19.152181 0.051777 2.07 81.55 264.51
-523000.0 19.27227 0.053162 2.07 81.92 265.83
-524000.0 19.130096 0.053036 2.07 82.13 258.16
-525000.0 19.237738 0.047227 2.08 82.47 260.35
-526000.0 19.195967 0.051106 2.08 82.58 263.13
-527000.0 19.145766 0.055555 2.09 82.84 259.01
-528000.0 19.278071 0.051756 2.09 83.09 250.39
-529000.0 19.131007 0.046952 2.1 83.25 258.73
-530000.0 19.269417 0.055091 2.11 83.48 258.56
-531000.0 19.219209 0.055562 2.11 83.6 254.1
-532000.0 19.179461 0.050003 2.12 83.79 251.0
-533000.0 19.308858 0.048564 2.12 83.96 257.9
-534000.0 19.161347 0.051592 2.14 84.11 251.87
-535000.0 19.272095 0.049111 2.14 84.32 249.49
-536000.0 19.236563 0.050104 2.15 84.42 246.97
-537000.0 19.193848 0.051035 2.16 84.62 245.86
-538000.0 19.314888 0.050689 2.17 84.8 240.97
-539000.0 19.152472 0.051075 2.18 84.93 247.25
-540000.0 19.288799 0.05863 2.19 85.2 243.29
-541000.0 19.224448 0.05291 2.2 85.31 240.09
-542000.0 19.176635 0.0483 2.21 85.58 241.07
-543000.0 19.28306 0.052238 2.22 85.77 246.7
-544000.0 19.131122 0.056825 2.24 86.05 236.89
-545000.0 19.242055 0.048634 2.25 86.31 233.33
-546000.0 19.195534 0.048173 2.26 86.54 236.14
-547000.0 19.159796 0.053249 2.27 86.86 236.81
-548000.0 19.271869 0.054733 2.29 87.2 229.1
-549000.0 19.114264 0.048948 2.3 87.53 230.6
-550000.0 19.268646 0.05286 2.31 87.92 229.12
-551000.0 19.203181 0.051423 2.32 88.21 228.19
-552000.0 19.173487 0.050795 2.34 88.59 228.07
-553000.0 19.279233 0.050613 2.35 89.0 227.86
-554000.0 19.148287 0.051128 2.36 89.4 218.82
-555000.0 19.285526 0.044779 2.37 89.83 219.58
-556000.0 19.218495 0.048995 2.38 90.16 222.34
-557000.0 19.191797 0.053003 2.39 90.62 216.54
-558000.0 19.312656 0.051275 2.4 91.03 207.17
-559000.0 19.15799 0.045808 2.41 91.46 215.54
-560000.0 19.305312 0.053941 2.41 91.86 217.26
-561000.0 19.210647 0.052421 2.42 92.27 211.42
-562000.0 19.20052 0.047485 2.42 92.69 207.79
-563000.0 19.29067 0.045515 2.43 93.15 213.54
-564000.0 19.139185 0.04897 2.43 93.54 208.75
-565000.0 19.26152 0.044931 2.43 94.0 205.49
-566000.0 19.186997 0.046955 2.44 94.34 203.43
-567000.0 19.177517 0.046765 2.44 94.8 202.12
-568000.0 19.276386 0.045766 2.44 95.19 198.55
-569000.0 19.108926 0.043606 2.44 95.56 204.78
-570000.0 19.264691 0.051357 2.44 95.95 199.57
-571000.0 19.178617 0.045616 2.44 96.27 194.14
-572000.0 19.179864 0.041542 2.44 96.67 197.4
-573000.0 19.264878 0.044429 2.44 97.0 203.02
-574000.0 19.137408 0.049391 2.44 97.29 192.65
-575000.0 19.275467 0.041051 2.44 97.59 187.74
-576000.0 19.199914 0.041357 2.44 97.84 192.99
-577000.0 19.208379 0.045447 2.44 98.17 192.5
-578000.0 19.301486 0.048698 2.43 98.44 185.03
-579000.0 19.148959 0.043307 2.44 98.64 188.0
-580000.0 19.317396 0.047681 2.43 98.91 189.51
-581000.0 19.212024 0.044454 2.43 99.06 188.64
-582000.0 19.211986 0.044364 2.43 99.39 189.58
-583000.0 19.288753 0.044245 2.43 99.55 189.28
-584000.0 19.15573 0.044612 2.44 99.77 180.99
-585000.0 19.286371 0.037897 2.44 99.96 182.02
-586000.0 19.187803 0.043397 2.44 100.14 185.92
-587000.0 19.18823 0.04714 2.44 100.41 179.1
-588000.0 19.273665 0.045058 2.44 100.59 171.29
-589000.0 19.118932 0.038878 2.45 100.75 180.64
-590000.0 19.273749 0.047601 2.45 100.98 181.5
-591000.0 19.157812 0.046479 2.46 101.18 173.09
-592000.0 19.181255 0.043024 2.46 101.5 170.85
-593000.0 19.258857 0.041147 2.46 101.65 177.04
-594000.0 19.127861 0.045583 2.47 101.87 172.13
-595000.0 19.266974 0.042192 2.48 102.16 168.18
-596000.0 19.183254 0.044676 2.48 102.44 167.47
-597000.0 19.207687 0.044046 2.49 102.79 164.97
-598000.0 19.293228 0.044252 2.49 102.97 161.56
-599000.0 19.147786 0.043257 2.5 103.29 167.32
-600000.0 19.314384 0.051162 2.51 103.62 164.65
-601000.0 19.197491 0.043607 2.51 104.0 158.21
-602000.0 19.22755 0.039496 2.52 104.34 162.16
-603000.0 19.287835 0.042128 2.52 104.64 165.78
-604000.0 19.162195 0.047162 2.53 105.01 155.29
-605000.0 19.296348 0.038021 2.53 105.47 147.92
-606000.0 19.192167 0.038672 2.53 105.84 153.11
-607000.0 19.220606 0.043179 2.54 106.25 151.21
-608000.0 19.28006 0.04646 2.54 106.61 145.06
-609000.0 19.128716 0.03972 2.54 107.12 145.92
-610000.0 19.292157 0.043458 2.54 107.57 147.23
-611000.0 19.160959 0.040724 2.54 107.97 142.75
-612000.0 19.193955 0.04103 2.54 108.42 145.38
-613000.0 19.235545 0.040886 2.54 108.87 143.11
-614000.0 19.124647 0.041867 2.54 109.36 135.23
-615000.0 19.275804 0.035085 2.53 109.79 134.62
-616000.0 19.158633 0.040206 2.53 110.19 142.2
-617000.0 19.201488 0.042731 2.53 110.64 133.68
-618000.0 19.267908 0.04056 2.53 111.09 125.17
-619000.0 19.144317 0.034502 2.52 111.45 133.85
-620000.0 19.308454 0.042798 2.51 111.84 138.57
-621000.0 19.1764 0.040209 2.51 112.19 128.8
-622000.0 19.23938 0.03531 2.5 112.65 127.25
-623000.0 19.277053 0.033336 2.5 112.91 131.61
-624000.0 19.165829 0.037286 2.49 113.26 127.74
-625000.0 19.304078 0.033487 2.48 113.58 121.17
-626000.0 19.180542 0.036367 2.48 113.93 121.93
-627000.0 19.241526 0.036454 2.47 114.25 117.21
-628000.0 19.283955 0.036621 2.46 114.47 117.23
-629000.0 19.143242 0.034636 2.46 114.72 124.11
-630000.0 19.297852 0.042039 2.44 115.05 121.43
-631000.0 19.160945 0.035488 2.44 115.3 112.22
-632000.0 19.214648 0.031735 2.43 115.56 119.85
-633000.0 19.232518 0.035266 2.43 115.69 123.82
-634000.0 19.131505 0.0401 2.42 115.96 113.79
-635000.0 19.269033 0.032034 2.41 116.23 105.86
-636000.0 19.144217 0.032877 2.41 116.38 117.12
-637000.0 19.21294 0.036418 2.41 116.6 114.01
-638000.0 19.244126 0.038467 2.4 116.72 107.93
-639000.0 19.128706 0.032739 2.4 117.03 107.77
-640000.0 19.305324 0.037378 2.39 117.19 112.14
-641000.0 19.169284 0.03406 2.39 117.37 107.94
-642000.0 19.236565 0.033849 2.39 117.56 111.78
-643000.0 19.261063 0.034059 2.39 117.77 107.27
-644000.0 19.170287 0.034826 2.39 118.05 98.91
-645000.0 19.314023 0.028936 2.38 118.26 97.07
-646000.0 19.181613 0.034586 2.39 118.43 105.73
-647000.0 19.248376 0.038941 2.38 118.74 94.54
-648000.0 19.276895 0.037055 2.38 118.96 88.44
-649000.0 19.163158 0.031364 2.38 119.3 97.64
-650000.0 19.312483 0.03934 2.38 119.53 103.15
-651000.0 19.156714 0.037382 2.38 119.87 90.1
-652000.0 19.232244 0.03306 2.38 120.19 89.65
-653000.0 19.239367 0.031517 2.38 120.47 94.02
-654000.0 19.137523 0.035462 2.38 120.89 90.34
-655000.0 19.270245 0.032525 2.38 121.22 82.55
-656000.0 19.138871 0.034817 2.38 121.64 85.22
-657000.0 19.219276 0.034139 2.37 122.01 80.14
-658000.0 19.232871 0.032524 2.37 122.39 79.2
-659000.0 19.128906 0.031198 2.37 122.84 82.37
-660000.0 19.285837 0.038492 2.36 123.26 80.75
-661000.0 19.143142 0.03227 2.36 123.64 68.66
-662000.0 19.236245 0.02718 2.35 124.07 77.02
-663000.0 19.23897 0.030783 2.35 124.47 78.74
-664000.0 19.165574 0.035781 2.34 124.99 68.46
-665000.0 19.30495 0.028311 2.33 125.33 55.79
-666000.0 19.169068 0.027995 2.33 125.72 68.18
-667000.0 19.26694 0.033204 2.32 126.11 64.12
-668000.0 19.261286 0.035147 2.31 126.55 60.61
-669000.0 19.169753 0.029383 2.3 126.98 59.71
-670000.0 19.321726 0.031635 2.29 127.31 66.31
-671000.0 19.168784 0.028921 2.28 127.66 58.5
-672000.0 19.25659 0.02776 2.26 128.07 65.46
-673000.0 19.231923 0.028434 2.25 128.45 59.17
-674000.0 19.159811 0.028212 2.24 128.82 50.68
-675000.0 19.293341 0.022956 2.22 129.08 46.0
-676000.0 19.138636 0.027647 2.21 129.37 62.34
-677000.0 19.234211 0.031438 2.2 129.76 48.56
-678000.0 19.220618 0.027541 2.18 130.0 41.28
-679000.0 19.138961 0.022045 2.17 130.31 49.94
-680000.0 19.276561 0.029521 2.16 130.48 59.0
-681000.0 19.128709 0.02891 2.15 130.76 42.32
-682000.0 19.239452 0.02352 2.13 130.96 43.35
-683000.0 19.219674 0.023136 2.12 131.15 47.72
-684000.0 19.164665 0.026393 2.11 131.34 46.52
-685000.0 19.296813 0.024386 2.1 131.5 35.8
-686000.0 19.150826 0.02617 2.09 131.64 42.24
-687000.0 19.27363 0.027581 2.07 131.85 34.3
-688000.0 19.25584 0.026099 2.06 131.92 38.82
-689000.0 19.176062 0.025221 2.05 132.14 45.87
-690000.0 19.314057 0.030918 2.04 132.19 45.07
-691000.0 19.167559 0.02504 2.03 132.37 30.3
-692000.0 19.272765 0.019889 2.02 132.51 44.59
-693000.0 19.234311 0.024403 2.02 132.64 45.54
-694000.0 19.177975 0.028025 2.01 132.85 32.61
-695000.0 19.297275 0.02215 2.0 132.9 16.51
-696000.0 19.14176 0.0219 2.0 133.12 36.44
-697000.0 19.256155 0.027425 1.99 133.28 30.35
-698000.0 19.212221 0.027876 1.99 133.49 26.28
-699000.0 19.140595 0.022924 1.98 133.7 22.16
-700000.0 19.279148 0.025805 1.97 133.84 30.28
-701000.0 19.125289 0.024738 1.97 134.11 20.3
-702000.0 19.235276 0.023549 1.96 134.39 28.42
-703000.0 19.199574 0.025547 1.96 134.61 20.6
-704000.0 19.158998 0.025566 1.95 134.94 12.98
-705000.0 19.290316 0.021082 1.94 135.13 8.41
-706000.0 19.142676 0.024514 1.93 135.54 25.64
-707000.0 19.271312 0.030214 1.93 135.81 8.66
-708000.0 19.237272 0.026335 1.92 136.15 2.89
-709000.0 19.187175 0.021166 1.91 136.49 13.31
-710000.0 19.31127 0.026756 1.9 136.8 23.85
-711000.0 19.158546 0.026248 1.89 137.24 2.21
-712000.0 19.286194 0.019953 1.88 137.58 1.42
-713000.0 19.235152 0.019629 1.88 137.97 4.67
-714000.0 19.191202 0.02204 1.86 138.35 1.87
-715000.0 19.304609 0.021937 1.85 138.71 346.11
-716000.0 19.150188 0.022674 1.84 139.16 354.0
-717000.0 19.280475 0.025021 1.82 139.54 346.89
-718000.0 19.216529 0.020931 1.81 139.91 349.61
-719000.0 19.168357 0.020517 1.8 140.34 354.03
-720000.0 19.276791 0.025407 1.78 140.63 354.46
-721000.0 19.122608 0.022319 1.76 141.1 334.29
-722000.0 19.250481 0.014663 1.75 141.4 346.8
-723000.0 19.182489 0.020312 1.73 141.76 351.35
-724000.0 19.162262 0.024082 1.71 142.01 341.03
-725000.0 19.272409 0.019308 1.7 142.3 321.85
-726000.0 19.12268 0.015317 1.68 142.61 346.03
-727000.0 19.27017 0.02182 1.66 142.85 339.04
-728000.0 19.201814 0.021471 1.65 142.98 335.28
-729000.0 19.183163 0.01749 1.63 143.18 332.36
-730000.0 19.297317 0.017368 1.61 143.26 344.79
-731000.0 19.156467 0.016757 1.59 143.48 329.56
-732000.0 19.292722 0.01372 1.58 143.56 341.58
-733000.0 19.21356 0.017261 1.56 143.6 330.35
-734000.0 19.204603 0.016475 1.54 143.67 317.73
-735000.0 19.308839 0.014156 1.52 143.67 308.03
-736000.0 19.151691 0.015902 1.51 143.81 340.83
-737000.0 19.29457 0.023174 1.49 143.71 322.64
-738000.0 19.212847 0.017648 1.48 143.69 313.88
-739000.0 19.19083 0.013083 1.46 143.67 328.01
-740000.0 19.278796 0.01826 1.45 143.64 344.95
-741000.0 19.130403 0.019678 1.44 143.67 318.31
-742000.0 19.264485 0.012707 1.42 143.57 316.6
-743000.0 19.175889 0.014202 1.42 143.43 325.64
-744000.0 19.174546 0.015975 1.4 143.44 326.15
-745000.0 19.26441 0.01646 1.39 143.3 311.67
-746000.0 19.111919 0.01515 1.38 143.44 324.52
-747000.0 19.270236 0.018219 1.37 143.23 312.42
-748000.0 19.188466 0.014026 1.36 143.22 315.8
-749000.0 19.182614 0.015226 1.35 143.21 325.86
-750000.0 19.280766 0.018826 1.34 143.21 325.85
-751000.0 19.147027 0.016234 1.33 143.34 299.08
-752000.0 19.291538 0.008404 1.32 143.23 313.26
-753000.0 19.204442 0.015268 1.32 143.3 320.77
-754000.0 19.216171 0.018637 1.3 143.39 303.47
-755000.0 19.302315 0.016976 1.3 143.52 280.18
-756000.0 19.153708 0.012352 1.29 143.71 306.82
-757000.0 19.309077 0.020531 1.28 143.69 305.9
-758000.0 19.206069 0.018925 1.27 143.88 300.66
-759000.0 19.206031 0.015587 1.26 144.12 296.13
-760000.0 19.287493 0.014919 1.25 144.28 307.49
-761000.0 19.141192 0.016008 1.24 144.56 292.23
-762000.0 19.273793 0.01212 1.22 144.55 300.61
-763000.0 19.169834 0.016502 1.21 144.96 291.61
-764000.0 19.185136 0.015987 1.2 145.16 277.05
-765000.0 19.2628 0.013699 1.18 145.42 270.97
-766000.0 19.114053 0.012513 1.17 145.61 303.42
-767000.0 19.267637 0.020295 1.15 145.73 281.64
-768000.0 19.165354 0.015606 1.14 146.02 261.13
-769000.0 19.188074 0.010898 1.12 146.17 274.1
-770000.0 19.255697 0.013427 1.11 146.26 296.71
-771000.0 19.131744 0.017696 1.09 146.41 266.51
-772000.0 19.288261 0.011357 1.07 146.39 248.56
-773000.0 19.1834 0.011625 1.05 146.52 264.41
-774000.0 19.221282 0.012646 1.03 146.44 261.51
-775000.0 19.290054 0.015931 1.02 146.33 250.12
-776000.0 19.15296 0.013277 1.0 146.31 259.51
-777000.0 19.311821 0.016992 0.98 146.05 260.09
-778000.0 19.198899 0.010929 0.96 145.94 253.26
-779000.0 19.233092 0.010684 0.94 145.56 273.59
-780000.0 19.283241 0.013117 0.92 145.35 272.46
-781000.0 19.156156 0.013345 0.9 144.98 241.77
-782000.0 19.302727 0.004816 0.88 144.47 209.45
-783000.0 19.175389 0.009318 0.86 143.95 267.82
-784000.0 19.21674 0.013788 0.85 143.42 247.86
-785000.0 19.263198 0.013787 0.83 142.8 225.58
-786000.0 19.127007 0.005352 0.82 142.24 238.19
-787000.0 19.277335 0.012313 0.8 141.26 261.87
-788000.0 19.150969 0.011432 0.79 140.6 243.87
-789000.0 19.19585 0.009338 0.78 139.71 240.07
-790000.0 19.240955 0.00746 0.77 138.86 249.99
-791000.0 19.1304 0.010005 0.75 137.93 241.29
-792000.0 19.282859 0.005831 0.74 136.73 237.76
-793000.0 19.15915 0.010689 0.74 136.04 253.3
-794000.0 19.223454 0.011329 0.73 135.05 227.32
-795000.0 19.274787 0.009913 0.72 134.13 223.36
-796000.0 19.151189 0.006956 0.71 133.07 271.9
-797000.0 19.311384 0.015845 0.71 132.03 260.65
-798000.0 19.188459 0.010656 0.7 131.32 231.3
-799000.0 19.238994 0.004699 0.7 130.42 253.03
-800000.0 19.27315 0.007494 0.69 129.54 289.58
-801000.0 19.165922 0.011707 0.69 128.69 247.96
-802000.0 19.309544 0.007346 0.68 127.67 205.12
-803000.0 19.174651 0.006482 0.68 127.28 239.11
-804000.0 19.236192 0.00876 0.68 126.31 235.39
-805000.0 19.263088 0.012019 0.67 125.73 233.43
-806000.0 19.13439 0.008565 0.67 124.85 238.41
-807000.0 19.288225 0.012398 0.66 124.14 243.97
-808000.0 19.151979 0.00833 0.66 123.76 220.23
-809000.0 19.204777 0.007892 0.65 122.91 251.7
-810000.0 19.232074 0.010926 0.65 122.38 250.86
-811000.0 19.126828 0.01322 0.64 121.44 223.53
-812000.0 19.274354 0.006998 0.63 120.77 189.97
-813000.0 19.147455 0.009137 0.63 120.3 255.06
-814000.0 19.224342 0.013784 0.62 119.36 233.17
-815000.0 19.253093 0.014297 0.61 118.52 211.67
-816000.0 19.150919 0.007219 0.6 117.4 210.78
-817000.0 19.310351 0.012911 0.6 116.52 251.12
-818000.0 19.173084 0.011641 0.59 115.74 228.48
-819000.0 19.248538 0.008721 0.58 114.24 220.38
-820000.0 19.26995 0.00726 0.58 113.15 214.4
-821000.0 19.172981 0.010043 0.57 111.51 214.74
-822000.0 19.315477 0.008116 0.56 110.35 191.03
-823000.0 19.171558 0.01083 0.55 108.81 218.2
-824000.0 19.254912 0.015302 0.55 106.96 200.79
-825000.0 19.266555 0.013011 0.55 105.33 199.58
-826000.0 19.157055 0.00706 0.54 103.41 217.77
-827000.0 19.298657 0.014377 0.54 101.77 234.94
-828000.0 19.153465 0.014864 0.53 99.73 198.85
-829000.0 19.229461 0.007582 0.54 97.69 191.68
-830000.0 19.221109 0.006219 0.54 95.79 222.73
-831000.0 19.137229 0.01325 0.54 93.71 218.66
-832000.0 19.278318 0.013309 0.55 91.86 185.9
-833000.0 19.127676 0.008152 0.55 90.03 204.38
-834000.0 19.226906 0.009945 0.56 88.16 203.86
-835000.0 19.227538 0.011656 0.57 86.6 206.95
-836000.0 19.140834 0.009867 0.58 84.6 199.61
-837000.0 19.287672 0.010622 0.59 83.31 218.73
-838000.0 19.152094 0.010228 0.61 81.99 184.1
-839000.0 19.252819 0.004969 0.62 80.83 190.88
-840000.0 19.245063 0.008111 0.63 79.66 209.27
-841000.0 19.173577 0.01268 0.65 78.39 194.76
-842000.0 19.317692 0.013183 0.67 77.62 157.64
-843000.0 19.165866 0.005956 0.68 76.91 199.83
-844000.0 19.27105 0.013501 0.7 76.16 208.16
-845000.0 19.257418 0.014644 0.71 75.5 195.35
-846000.0 19.173527 0.008845 0.73 74.75 172.61
-847000.0 19.307208 0.007451 0.74 74.52 231.5
-848000.0 19.157165 0.010371 0.75 74.14 201.1
-849000.0 19.251221 0.007711 0.77 73.68 185.0
-850000.0 19.222337 0.007791 0.78 73.42 178.24
-851000.0 19.15126 0.008567 0.8 72.96 188.43
-852000.0 19.283151 0.009253 0.81 73.05 168.37
-853000.0 19.123388 0.007495 0.82 72.77 205.18
-854000.0 19.235062 0.012882 0.84 72.61 186.76
-855000.0 19.217007 0.010141 0.85 72.43 173.04
-856000.0 19.140685 0.005466 0.86 72.16 167.69
-857000.0 19.281604 0.010125 0.87 72.25 220.22
-858000.0 19.140824 0.013685 0.88 72.02 178.04
-859000.0 19.24768 0.007685 0.89 71.85 148.19
-860000.0 19.225745 0.005239 0.9 71.67 175.25
-861000.0 19.176421 0.011513 0.91 71.34 192.29
-862000.0 19.310311 0.015007 0.91 71.4 161.97
-863000.0 19.157391 0.009228 0.92 71.05 168.16
-864000.0 19.281093 0.012466 0.93 70.81 181.14
-865000.0 19.247435 0.012846 0.94 70.47 187.91
-866000.0 19.179152 0.011251 0.95 70.08 179.99
-867000.0 19.313699 0.010666 0.96 70.05 195.1
-868000.0 19.16072 0.0121 0.96 69.51 163.31
-869000.0 19.267956 0.006722 0.98 69.2 164.56
-870000.0 19.224589 0.010092 0.98 68.72 181.94
-871000.0 19.162671 0.014694 0.99 68.39 169.06
-872000.0 19.285825 0.015727 1.0 68.15 141.17
-873000.0 19.130021 0.00781 1.02 67.6 169.9
-874000.0 19.249342 0.015283 1.03 67.22 179.79
-875000.0 19.197721 0.016511 1.04 66.8 160.48
-876000.0 19.150691 0.013931 1.05 66.46 141.96
-877000.0 19.272458 0.009871 1.07 66.22 175.25
-878000.0 19.122148 0.015668 1.08 65.7 162.42
-879000.0 19.250549 0.013406 1.1 65.5 146.45
-880000.0 19.203558 0.014661 1.11 65.18 146.34
-881000.0 19.171888 0.014404 1.13 64.95 149.96
-882000.0 19.300795 0.01631 1.15 64.76 139.23
-883000.0 19.146947 0.013423 1.17 64.48 152.92
-884000.0 19.286921 0.020333 1.19 64.44 153.6
-885000.0 19.232176 0.016191 1.21 64.25 141.49
-886000.0 19.194274 0.010945 1.23 64.2 137.43
-887000.0 19.308135 0.011619 1.25 64.19 164.44
-888000.0 19.16284 0.019049 1.27 64.14 139.45
-889000.0 19.289745 0.013918 1.29 64.2 109.47
-890000.0 19.219622 0.011008 1.3 64.22 121.27
-891000.0 19.19805 0.015215 1.33 64.31 135.69
-892000.0 19.304117 0.021418 1.34 64.56 122.94
-893000.0 19.136151 0.014395 1.36 64.65 117.02
-894000.0 19.273501 0.015747 1.38 64.89 129.74
-895000.0 19.198245 0.015291 1.4 65.02 126.0
-896000.0 19.165895 0.015524 1.42 65.32 121.24
-897000.0 19.264144 0.01373 1.43 65.67 125.04
-898000.0 19.118839 0.017783 1.45 65.88 112.59
-899000.0 19.255899 0.012528 1.47 66.2 99.14
-900000.0 19.180131 0.013713 1.48 66.5 124.01
-901000.0 19.170085 0.017665 1.5 66.87 117.35
-902000.0 19.282594 0.019881 1.51 67.27 97.8
-903000.0 19.134243 0.010435 1.53 67.43 100.38
-904000.0 19.285307 0.016496 1.54 67.79 129.44
-905000.0 19.211428 0.017693 1.55 68.1 112.96
-906000.0 19.198715 0.014746 1.56 68.46 94.01
-907000.0 19.299393 0.008346 1.57 68.79 107.26
-908000.0 19.15914 0.01504 1.58 68.92 109.09
-909000.0 19.298156 0.014586 1.6 69.27 87.96
-910000.0 19.210719 0.015416 1.6 69.5 92.68
-911000.0 19.208731 0.015609 1.61 69.8 91.72
-912000.0 19.305524 0.018246 1.62 70.03 91.62
-913000.0 19.142308 0.013873 1.63 70.1 99.79
-914000.0 19.286774 0.020031 1.64 70.39 108.04
-915000.0 19.199094 0.017139 1.65 70.55 89.72
-916000.0 19.181741 0.013113 1.66 70.74 86.68
-917000.0 19.268526 0.012886 1.66 70.88 110.92
-918000.0 19.124318 0.021227 1.68 70.88 98.26
-919000.0 19.258371 0.016852 1.68 71.12 71.41
-920000.0 19.168728 0.013309 1.69 71.17 88.13
-921000.0 19.180899 0.017204 1.7 71.32 98.78
-922000.0 19.267766 0.022157 1.71 71.36 88.15
-923000.0 19.12063 0.016124 1.72 71.32 76.5
-924000.0 19.284003 0.018057 1.73 71.51 93.09
-925000.0 19.19355 0.017855 1.74 71.54 88.58
-926000.0 19.201486 0.017329 1.76 71.66 86.21
-927000.0 19.286585 0.015843 1.77 71.64 82.85
-928000.0 19.154242 0.020824 1.78 71.65 74.09
-929000.0 19.307075 0.017112 1.8 71.83 60.88
-930000.0 19.206358 0.018213 1.81 71.88 80.72
-931000.0 19.217937 0.023919 1.83 71.99 74.79
-932000.0 19.298482 0.026244 1.84 72.03 63.95
-933000.0 19.157906 0.017524 1.86 72.12 66.3
-934000.0 19.305067 0.022039 1.87 72.37 88.24
-935000.0 19.188862 0.024185 1.89 72.47 70.47
-936000.0 19.210998 0.021663 1.9 72.67 58.85
-937000.0 19.269191 0.016237 1.92 72.8 64.45
-938000.0 19.131002 0.022178 1.94 73.05 69.2
-939000.0 19.277204 0.0222 1.95 73.38 51.69
-940000.0 19.157692 0.022555 1.97 73.6 57.1
-941000.0 19.189718 0.02229 1.99 73.89 54.07
-942000.0 19.256462 0.023144 2.0 74.18 52.16
-943000.0 19.11733 0.01967 2.02 74.51 50.02
-944000.0 19.271873 0.025216 2.03 74.91 59.01
-945000.0 19.164663 0.02443 2.05 75.22 41.97
-946000.0 19.201327 0.018991 2.07 75.63 38.81
-947000.0 19.260118 0.018256 2.08 76.01 48.97
-948000.0 19.144432 0.026802 2.09 76.38 46.92
-949000.0 19.299583 0.025009 2.11 76.81 23.1
-950000.0 19.184871 0.019823 2.12 77.16 33.17
-951000.0 19.238657 0.023858 2.13 77.6 40.65
-952000.0 19.290319 0.028607 2.14 77.97 38.78
-953000.0 19.155878 0.023051 2.15 78.35 27.83
-954000.0 19.313669 0.021655 2.16 78.8 41.11
-955000.0 19.194959 0.021982 2.17 79.16 33.16
-956000.0 19.230572 0.020683 2.18 79.57 31.79
-957000.0 19.268767 0.020287 2.19 79.92 27.55
-958000.0 19.147336 0.023778 2.2 80.26 23.63
-959000.0 19.294437 0.021495 2.2 80.73 9.35
-960000.0 19.158555 0.019999 2.21 81.03 29.1
-961000.0 19.205028 0.025906 2.22 81.42 24.76
-962000.0 19.249334 0.026682 2.22 81.7 14.88
-963000.0 19.122024 0.018936 2.23 82.03 8.35
-964000.0 19.274392 0.021489 2.23 82.42 32.55
-965000.0 19.151174 0.026424 2.23 82.65 18.12
-966000.0 19.200984 0.023639 2.24 82.95 8.02
-967000.0 19.245475 0.018619 2.24 83.19 10.34
-968000.0 19.139424 0.023666 2.25 83.47 19.37
-969000.0 19.294119 0.025441 2.25 83.78 5.06
-970000.0 19.165564 0.024368 2.26 83.91 10.78
-971000.0 19.238353 0.025706 2.26 84.17 8.24
-972000.0 19.282596 0.0263 2.26 84.34 10.58
-973000.0 19.159207 0.022983 2.27 84.57 10.93
-974000.0 19.310329 0.026634 2.28 84.81 20.14
-975000.0 19.185389 0.026107 2.29 84.9 2.5
-976000.0 19.241247 0.020607 2.29 85.14 359.85
-977000.0 19.271603 0.020836 2.3 85.27 8.96
-978000.0 19.159355 0.028893 2.31 85.5 7.37
-979000.0 19.300797 0.028177 2.31 85.71 345.56
-980000.0 19.163039 0.022949 2.32 85.82 355.65
-981000.0 19.23476 0.028027 2.33 86.05 2.48
-982000.0 19.246323 0.031432 2.34 86.21 0.28
-983000.0 19.12857 0.027422 2.35 86.47 347.89
-984000.0 19.280277 0.026383 2.36 86.7 358.17
-985000.0 19.144749 0.029137 2.37 86.86 352.21
-986000.0 19.210503 0.027261 2.38 87.15 352.35
-987000.0 19.223698 0.028142 2.4 87.38 348.61
-988000.0 19.130752 0.031259 2.41 87.72 346.34
-989000.0 19.291784 0.029277 2.42 88.0 336.31
-990000.0 19.151311 0.02693 2.43 88.21 349.84
-991000.0 19.237355 0.034261 2.45 88.57 344.87
-992000.0 19.261051 0.034513 2.46 88.9 337.42
-993000.0 19.168383 0.027144 2.47 89.29 334.97
-994000.0 19.309457 0.027475 2.48 89.59 351.06
-995000.0 19.170516 0.032975 2.49 89.9 336.64
-996000.0 19.258961 0.029551 2.5 90.32 325.81
-997000.0 19.262193 0.026168 2.51 90.71 326.09
-998000.0 19.171907 0.029876 2.52 91.11 332.09
-999000.0 19.318966 0.033389 2.53 91.48 319.73
-1000000.0 19.162712 0.031816 2.54 91.83 323.55
