0.0 9.551249 0.054508 2.49 113.63 340.06
-1000.0 9.580925 0.059904 2.46 116.26 333.95
-2000.0 9.521792 0.060943 2.42 118.8 322.11
-3000.0 9.563456 0.062034 2.37 121.26 318.07
-4000.0 9.577793 0.066268 2.31 123.6 311.43
-5000.0 9.524308 0.07305 2.25 125.97 300.93
-6000.0 9.573364 0.071792 2.17 128.3 291.64
-7000.0 9.572679 0.074621 2.09 130.51 285.0
-8000.0 9.523782 0.080546 2.0 132.8 277.3
-9000.0 9.588037 0.081182 1.9 134.76 266.11
-10000.0 9.55772 0.080849 1.81 136.59 259.41
-11000.0 9.527087 0.081948 1.7 138.09 254.69
-12000.0 9.584902 0.08495 1.59 139.22 246.85
-13000.0 9.533718 0.081443 1.48 140.08 240.86
-14000.0 9.544745 0.081797 1.37 140.4 236.62
-15000.0 9.585109 0.084082 1.25 140.21 232.68
-16000.0 9.517314 0.080487 1.14 139.32 226.3
-17000.0 9.55993 0.078327 1.03 137.33 225.99
-18000.0 9.576685 0.079308 0.93 133.93 225.38
-19000.0 9.519744 0.080789 0.84 129.08 222.07
-20000.0 9.574187 0.075578 0.77 122.21 223.25
-21000.0 9.569353 0.074133 0.73 114.1 226.6
-22000.0 9.52737 0.076971 0.71 104.85 229.69
-23000.0 9.583802 0.071995 0.73 96.15 229.22
-24000.0 9.564366 0.068333 0.78 88.61 231.74
-25000.0 9.528319 0.06586 0.85 82.56 234.81
-26000.0 9.582996 0.065287 0.95 78.4 231.06
-27000.0 9.542282 0.058166 1.05 75.39 229.38
-28000.0 9.540275 0.055207 1.17 73.71 227.1
-29000.0 9.586481 0.05415 1.28 72.85 223.29
-30000.0 9.522647 0.047547 1.4 72.69 215.48
-31000.0 9.552217 0.042786 1.51 73.2 214.23
-32000.0 9.582314 0.041383 1.62 74.25 209.33
-33000.0 9.51614 0.038697 1.73 75.51 195.65
-34000.0 9.570302 0.032029 1.84 77.11 187.24
-35000.0 9.570933 0.027902 1.93 78.88 181.11
-36000.0 9.522682 0.029142 2.03 80.77 166.57
-37000.0 9.582067 0.023109 2.11 82.93 144.47
-38000.0 9.565325 0.019201 2.18 85.19 128.5
-39000.0 9.52856 0.016352 2.25 87.64 123.08
-40000.0 9.581167 0.018663 2.31 90.15 96.06
-41000.0 9.552039 0.015024 2.37 92.7 69.69
-42000.0 9.536502 0.014138 2.41 95.33 45.72
-43000.0 9.580128 0.015261 2.45 97.92 33.96
-44000.0 9.536158 0.019434 2.48 100.5 5.43
-45000.0 9.540365 0.019978 2.5 103.12 346.69
-46000.0 9.584775 0.021013 2.51 105.78 337.09
-47000.0 9.520722 0.028075 2.51 108.43 329.5
-48000.0 9.557561 0.032722 2.51 111.07 314.7
-49000.0 9.58012 0.03456 2.49 113.62 303.27
-50000.0 9.518864 0.039747 2.46 116.15 301.59
-51000.0 9.579497 0.047448 2.42 118.67 289.88
-52000.0 9.573727 0.052083 2.37 121.12 279.23
-53000.0 9.524525 0.051091 2.31 123.68 272.48
-54000.0 9.586849 0.058188 2.24 126.1 267.28
-55000.0 9.555734 0.06102 2.17 128.55 256.04
-56000.0 9.536528 0.062647 2.09 130.9 246.16
-57000.0 9.577722 0.063334 2.01 133.02 240.86
-58000.0 9.539214 0.06804 1.92 135.03 231.39
-59000.0 9.537649 0.068511 1.82 136.79 223.24
-60000.0 9.577058 0.0678 1.71 138.4 217.49
-61000.0 9.526844 0.072973 1.6 139.84 212.22
-62000.0 9.548374 0.075368 1.49 140.85 204.39
-63000.0 9.579861 0.075466 1.38 141.34 198.02
-64000.0 9.521096 0.079362 1.26 141.31 196.03
-65000.0 9.57386 0.083942 1.15 140.41 189.72
-66000.0 9.581125 0.085408 1.04 138.44 184.75
-67000.0 9.520517 0.082246 0.93 135.56 183.95
-68000.0 9.590307 0.086634 0.83 130.94 184.89
-69000.0 9.558193 0.08551 0.76 124.98 182.9
-70000.0 9.535589 0.083005 0.71 116.93 184.46
-71000.0 9.585385 0.080909 0.69 107.91 189.92
-72000.0 9.536321 0.081143 0.7 98.75 191.83
-73000.0 9.544193 0.076985 0.75 90.28 193.98
-74000.0 9.577201 0.072411 0.82 83.64 196.69
-75000.0 9.526596 0.073868 0.91 78.55 197.09
-76000.0 9.551966 0.07099 1.01 75.35 193.79
-77000.0 9.575348 0.066775 1.12 73.46 189.81
-78000.0 9.52158 0.067661 1.23 72.53 189.3
-79000.0 9.570319 0.067743 1.35 72.45 180.79
-80000.0 9.580368 0.064786 1.47 72.98 173.68
-81000.0 9.518517 0.058406 1.58 73.74 169.83
-82000.0 9.584999 0.060697 1.69 75.03 164.65
-83000.0 9.56262 0.055633 1.79 76.51 154.22
-84000.0 9.526322 0.049518 1.89 78.29 145.29
-85000.0 9.588456 0.045029 1.98 80.41 140.86
-86000.0 9.540059 0.042654 2.06 82.54 129.1
-87000.0 9.537236 0.036475 2.15 85.0 117.79
-88000.0 9.58413 0.029921 2.22 87.38 112.09
-89000.0 9.525564 0.029338 2.29 89.77 101.67
-90000.0 9.551894 0.025574 2.34 92.29 87.88
-91000.0 9.576193 0.019619 2.39 94.79 71.94
-92000.0 9.522749 0.019317 2.43 97.38 69.95
-93000.0 9.566584 0.019026 2.46 99.97 43.6
-94000.0 9.579683 0.018363 2.48 102.62 20.63
-95000.0 9.52068 0.012405 2.5 105.2 358.72
-96000.0 9.576483 0.015569 2.5 107.8 354.19
-97000.0 9.571839 0.01738 2.49 110.34 323.96
-98000.0 9.521815 0.02063 2.47 112.95 294.38
-99000.0 9.584046 0.019371 2.44 115.57 276.38
-100000.0 9.554908 0.02527 2.4 118.15 266.81
-101000.0 9.525727 0.031282 2.35 120.9 251.97
-102000.0 9.589255 0.033524 2.3 123.42 235.02
-103000.0 9.534798 0.035943 2.24 125.94 228.84
-104000.0 9.540256 0.040687 2.17 128.35 221.65
-105000.0 9.581127 0.04562 2.09 130.62 209.64
-106000.0 9.522955 0.045353 2.0 132.91 204.35
-107000.0 9.560021 0.050864 1.91 134.95 198.67
-108000.0 9.582855 0.057011 1.81 136.91 192.11
-109000.0 9.518853 0.056373 1.71 138.64 181.19
-110000.0 9.573425 0.058623 1.61 139.98 179.53
-111000.0 9.574008 0.063688 1.5 140.91 172.61
-112000.0 9.525197 0.069548 1.38 141.53 163.07
-113000.0 9.578887 0.06777 1.26 141.45 157.13
-114000.0 9.564346 0.072015 1.14 140.85 153.0
-115000.0 9.525794 0.077382 1.03 139.51 147.73
-116000.0 9.586952 0.076887 0.92 136.79 141.92
-117000.0 9.547102 0.077301 0.83 132.79 141.87
-118000.0 9.532337 0.079407 0.75 126.5 143.88
-119000.0 9.58185 0.081446 0.7 118.56 144.44
-120000.0 9.52532 0.078951 0.67 109.0 150.58
-121000.0 9.55293 0.081133 0.68 99.16 156.49
-122000.0 9.585169 0.083853 0.72 90.31 160.19
-123000.0 9.514814 0.079772 0.79 83.26 160.47
-124000.0 9.568858 0.079473 0.88 78.32 163.85
-125000.0 9.572573 0.081159 0.98 75.01 161.84
-126000.0 9.522353 0.081675 1.1 72.86 155.44
-127000.0 9.57987 0.076976 1.21 71.87 151.47
-128000.0 9.562208 0.076903 1.33 71.58 146.88
-129000.0 9.531976 0.078418 1.44 71.77 139.41
-130000.0 9.584872 0.072848 1.55 72.7 129.96
-131000.0 9.5536 0.070506 1.66 73.96 124.48
-132000.0 9.536165 0.06876 1.76 75.65 118.52
-133000.0 9.580522 0.066383 1.86 77.56 108.47
-134000.0 9.533536 0.060584 1.96 79.54 103.34
-135000.0 9.550065 0.059752 2.05 81.76 96.99
-136000.0 9.585754 0.058258 2.13 83.98 89.11
-137000.0 9.518515 0.050856 2.21 86.26 79.87
-138000.0 9.562005 0.048135 2.27 88.69 77.32
-139000.0 9.576749 0.047257 2.33 91.21 68.97
-140000.0 9.516243 0.043323 2.38 93.75 55.14
-141000.0 9.57894 0.036435 2.42 96.35 47.48
-142000.0 9.562578 0.034116 2.45 98.9 39.56
-143000.0 9.527083 0.033766 2.48 101.48 24.09
-144000.0 9.584692 0.026528 2.48 104.07 6.15
-145000.0 9.554213 0.022886 2.48 106.69 355.04
-146000.0 9.535492 0.021114 2.47 109.46 346.42
-147000.0 9.577849 0.020307 2.45 112.14 320.95
-148000.0 9.541916 0.015174 2.43 114.85 303.46
-149000.0 9.545606 0.014702 2.39 117.56 285.52
-150000.0 9.581529 0.016069 2.35 120.16 269.61
-151000.0 9.528141 0.016525 2.3 122.72 233.71
-152000.0 9.55163 0.014863 2.24 125.2 218.19
-153000.0 9.581721 0.017438 2.17 127.65 208.35
-154000.0 9.517942 0.024583 2.1 130.04 193.77
-155000.0 9.567953 0.02748 2.01 132.27 174.83
-156000.0 9.573273 0.029464 1.93 134.3 166.0
-157000.0 9.519735 0.036245 1.83 136.17 163.28
-158000.0 9.585937 0.043024 1.73 137.72 149.79
-159000.0 9.56292 0.046078 1.62 139.02 140.22
-160000.0 9.529245 0.0468 1.5 140.21 135.46
-161000.0 9.585526 0.054299 1.38 140.82 130.3
-162000.0 9.544681 0.055682 1.27 141.14 121.07
-163000.0 9.545033 0.057366 1.15 140.68 115.62
-164000.0 9.578764 0.059757 1.04 139.25 113.84
-165000.0 9.530952 0.063816 0.93 136.81 107.51
-166000.0 9.54708 0.06282 0.84 132.38 106.71
-167000.0 9.576867 0.06384 0.76 126.38 109.15
-168000.0 9.522402 0.070636 0.69 118.61 112.0
-169000.0 9.558581 0.071843 0.67 109.23 114.08
-170000.0 9.577667 0.072277 0.68 99.52 118.76
-171000.0 9.520198 0.077836 0.72 90.58 124.88
-172000.0 9.582669 0.082362 0.79 83.38 123.65
-173000.0 9.572433 0.0828 0.88 78.02 122.76
-174000.0 9.524788 0.081173 0.98 74.15 123.16
-175000.0 9.590676 0.086141 1.09 71.97 120.38
-176000.0 9.547453 0.084138 1.2 70.76 114.06
-177000.0 9.542159 0.082146 1.32 70.45 109.14
-178000.0 9.58555 0.081541 1.43 71.0 104.65
-179000.0 9.527398 0.08118 1.54 71.84 95.7
-180000.0 9.549826 0.076702 1.65 73.3 89.41
-181000.0 9.575886 0.073633 1.76 74.86 84.66
-182000.0 9.519873 0.076235 1.86 76.55 77.02
-183000.0 9.559728 0.072566 1.95 78.57 68.4
-184000.0 9.573028 0.069204 2.04 80.67 61.49
-185000.0 9.521015 0.071578 2.13 82.93 56.64
-186000.0 9.57805 0.070946 2.2 85.34 44.54
-187000.0 9.574982 0.067961 2.27 87.81 36.11
-188000.0 9.521273 0.062964 2.33 90.22 31.2
-189000.0 9.588082 0.064966 2.38 92.74 23.05
-190000.0 9.554481 0.058857 2.42 95.21 12.13
-191000.0 9.532762 0.053833 2.45 97.82 4.03
-192000.0 9.589164 0.050801 2.47 100.47 358.36
-193000.0 9.531397 0.046905 2.48 103.12 345.64
-194000.0 9.544844 0.040238 2.48 105.97 336.91
-195000.0 9.583358 0.035522 2.48 108.63 332.71
-196000.0 9.519375 0.034934 2.47 111.32 320.36
-197000.0 9.559848 0.029601 2.44 113.98 307.61
-198000.0 9.575105 0.023821 2.41 116.56 296.8
-199000.0 9.520122 0.025536 2.37 119.19 292.13
-200000.0 9.573762 0.023255 2.32 121.7 267.71
-201000.0 9.575918 0.020861 2.26 124.23 248.56
-202000.0 9.52086 0.014852 2.19 126.61 239.18
-203000.0 9.58093 0.018645 2.12 128.82 226.13
-204000.0 9.563361 0.01723 2.04 130.89 195.25
-205000.0 9.52626 0.017555 1.94 132.93 166.03
-206000.0 9.584294 0.016299 1.84 134.7 152.39
-207000.0 9.545883 0.022005 1.74 136.37 135.49
-208000.0 9.531677 0.025874 1.62 137.97 116.18
-209000.0 9.587493 0.026752 1.51 139.05 101.26
-210000.0 9.526122 0.030745 1.4 139.93 97.94
-211000.0 9.547919 0.035657 1.28 140.07 89.87
-212000.0 9.581198 0.03924 1.17 139.57 78.8
-213000.0 9.518061 0.03986 1.05 138.35 79.97
-214000.0 9.568892 0.046927 0.95 135.76 77.76
-215000.0 9.580553 0.052679 0.85 131.97 75.3
-216000.0 9.519606 0.051397 0.77 126.35 72.45
-217000.0 9.58006 0.055642 0.71 118.75 80.27
-218000.0 9.56819 0.060562 0.69 109.51 82.12
-219000.0 9.529192 0.064791 0.69 99.75 82.59
-220000.0 9.581222 0.063767 0.73 90.61 86.44
-221000.0 9.55553 0.069266 0.8 83.25 88.44
-222000.0 9.530532 0.07309 0.88 77.48 86.89
-223000.0 9.584604 0.071898 0.98 74.03 82.65
-224000.0 9.536241 0.074073 1.08 71.78 81.37
-225000.0 9.538944 0.076858 1.2 70.68 77.33
-226000.0 9.580749 0.077389 1.32 70.52 70.06
-227000.0 9.520376 0.076528 1.43 70.74 67.55
-228000.0 9.560935 0.080901 1.55 71.64 62.04
-229000.0 9.583289 0.083794 1.66 72.76 55.29
-230000.0 9.515362 0.079234 1.76 74.26 48.02
-231000.0 9.578027 0.081024 1.86 76.12 44.34
-232000.0 9.566993 0.083138 1.96 78.15 35.66
-233000.0 9.526482 0.082614 2.05 80.26 25.58
-234000.0 9.584209 0.078507 2.14 82.53 18.83
-235000.0 9.553142 0.07994 2.22 84.77 10.73
-236000.0 9.537453 0.079922 2.29 87.08 0.91
-237000.0 9.582569 0.074144 2.34 89.47 351.57
-238000.0 9.543273 0.072854 2.39 91.92 344.87
-239000.0 9.54337 0.071476 2.43 94.57 336.45
-240000.0 9.579412 0.068108 2.46 97.2 326.22
-241000.0 9.525868 0.063687 2.49 99.84 322.07
-242000.0 9.559794 0.064448 2.5 102.54 313.91
-243000.0 9.58333 0.06272 2.51 105.14 305.22
-244000.0 9.515622 0.055184 2.51 107.78 297.3
-245000.0 9.572527 0.054245 2.49 110.39 294.41
-246000.0 9.569635 0.052824 2.47 113.05 283.64
-247000.0 9.51942 0.048331 2.44 115.67 271.37
-248000.0 9.584713 0.042039 2.4 118.23 265.42
-249000.0 9.552979 0.040565 2.35 120.7 256.12
-250000.0 9.532879 0.038058 2.29 123.1 241.39
-251000.0 9.585493 0.030367 2.22 125.34 228.6
-252000.0 9.543329 0.027769 2.15 127.56 220.58
-253000.0 9.54366 0.025531 2.06 129.8 209.31
-254000.0 9.576742 0.022213 1.96 131.83 188.06
-255000.0 9.532188 0.017259 1.87 133.81 182.37
-256000.0 9.555716 0.017545 1.76 135.58 166.23
-257000.0 9.581384 0.01755 1.66 137.04 147.83
-258000.0 9.522591 0.014134 1.55 138.3 114.53
-259000.0 9.562292 0.012265 1.43 138.98 111.9
-260000.0 9.577086 0.015317 1.32 139.35 94.33
-261000.0 9.516816 0.021035 1.2 139.12 71.82
-262000.0 9.57731 0.021846 1.09 137.89 53.01
-263000.0 9.564648 0.02478 0.99 135.66 50.38
-264000.0 9.522226 0.032101 0.89 131.92 48.65
-265000.0 9.589774 0.037835 0.81 126.28 39.49
-266000.0 9.550082 0.039951 0.75 118.79 40.06
-267000.0 9.535865 0.042343 0.72 109.9 45.39
-268000.0 9.582132 0.049232 0.72 100.46 47.48
-269000.0 9.534077 0.049651 0.75 91.75 47.88
-270000.0 9.55232 0.052498 0.81 84.26 51.35
-271000.0 9.580306 0.056064 0.89 78.94 53.26
-272000.0 9.524342 0.058901 0.99 75.07 46.8
-273000.0 9.55729 0.057764 1.1 72.68 45.89
-274000.0 9.575937 0.06066 1.21 71.27 43.86
-275000.0 9.520645 0.067796 1.33 70.66 38.14
-276000.0 9.56872 0.067942 1.44 70.98 30.07
-277000.0 9.572615 0.070142 1.55 71.73 25.26
-278000.0 9.52156 0.076487 1.66 72.95 20.28
-279000.0 9.588749 0.07976 1.77 74.52 9.51
-280000.0 9.563264 0.080069 1.88 76.24 2.02
-281000.0 9.52902 0.080452 1.99 78.04 356.82
-282000.0 9.588402 0.084897 2.08 80.05 348.78
-283000.0 9.537864 0.082013 2.16 82.09 339.91
-284000.0 9.548687 0.08177 2.24 84.31 333.3
-285000.0 9.58587 0.082702 2.3 86.69 326.94
-286000.0 9.520283 0.080792 2.36 89.08 316.16
-287000.0 9.55709 0.076496 2.42 91.69 310.02
-288000.0 9.572979 0.075909 2.46 94.18 304.14
-289000.0 9.517313 0.078879 2.5 96.72 294.88
-290000.0 9.566607 0.074347 2.52 99.33 286.09
-291000.0 9.568705 0.072433 2.54 101.9 279.07
-292000.0 9.521828 0.076069 2.54 104.57 272.39
-293000.0 9.583116 0.073953 2.54 107.23 260.06
-294000.0 9.568119 0.070871 2.53 109.92 252.03
-295000.0 9.526648 0.067629 2.51 112.5 246.26
-296000.0 9.586615 0.068936 2.48 115.02 236.95
-297000.0 9.545174 0.062159 2.45 117.45 227.69
-298000.0 9.541772 0.058296 2.4 119.92 220.84
-299000.0 9.589692 0.056351 2.33 122.29 214.08
-300000.0 9.524671 0.05112 2.27 124.66 202.22
-301000.0 9.55244 0.04448 2.19 127.08 196.81
-302000.0 9.581107 0.041473 2.11 129.25 192.7
-303000.0 9.515829 0.040528 2.02 131.41 179.76
-304000.0 9.567742 0.034149 1.92 133.28 170.39
-305000.0 9.57083 0.029159 1.82 134.99 163.83
-306000.0 9.521269 0.031411 1.72 136.57 155.88
-307000.0 9.579764 0.027378 1.61 137.74 135.35
-308000.0 9.569159 0.023859 1.5 138.69 123.0
-309000.0 9.525863 0.019249 1.38 139.07 120.06
-310000.0 9.581433 0.021609 1.27 138.71 103.7
-311000.0 9.555042 0.017416 1.16 137.5 81.39
-312000.0 9.532964 0.015427 1.05 135.35 61.91
-313000.0 9.583926 0.014987 0.95 131.59 54.47
-314000.0 9.536886 0.019063 0.87 126.64 32.87
-315000.0 9.539774 0.019999 0.8 119.83 18.32
-316000.0 9.586403 0.020005 0.76 111.84 13.89
-317000.0 9.519895 0.025647 0.75 103.13 18.27
-318000.0 9.556935 0.030522 0.77 94.34 14.85
-319000.0 9.578224 0.032788 0.83 87.13 10.63
-320000.0 9.516891 0.034907 0.9 81.07 18.95
-321000.0 9.576074 0.042761 1.0 76.99 15.53
-322000.0 9.574612 0.047967 1.1 74.17 10.87
-323000.0 9.522252 0.046623 1.21 72.63 5.51
-324000.0 9.583775 0.052424 1.32 72.13 5.45
-325000.0 9.559621 0.05701 1.44 72.25 356.29
-326000.0 9.534922 0.060201 1.55 72.87 347.3
-327000.0 9.580963 0.060237 1.67 73.94 341.92
-328000.0 9.546582 0.066039 1.78 75.18 333.87
-329000.0 9.537145 0.068246 1.89 76.63 324.53
-330000.0 9.582065 0.067354 1.99 78.43 316.73
-331000.0 9.528674 0.071025 2.08 80.34 311.36
-332000.0 9.546455 0.073834 2.17 82.51 302.76
-333000.0 9.579438 0.074016 2.24 84.73 293.71
-334000.0 9.516844 0.075143 2.32 86.99 290.37
-335000.0 9.570348 0.080438 2.38 89.4 282.19
-336000.0 9.579298 0.082891 2.44 91.76 273.53
-337000.0 9.517643 0.079483 2.48 94.26 266.26
-338000.0 9.584748 0.083038 2.51 96.82 261.53
-339000.0 9.559708 0.084274 2.54 99.47 251.29
-340000.0 9.534201 0.08312 2.56 102.14 241.34
-341000.0 9.585461 0.080695 2.58 104.79 234.52
-342000.0 9.544209 0.08252 2.58 107.36 225.36
-343000.0 9.544079 0.080453 2.58 109.9 215.32
-344000.0 9.58048 0.075357 2.55 112.37 207.12
-345000.0 9.532662 0.075983 2.52 114.87 200.41
-346000.0 9.550846 0.073649 2.48 117.42 191.2
-347000.0 9.577853 0.069493 2.43 119.89 181.87
-348000.0 9.519736 0.067331 2.38 122.37 178.5
-349000.0 9.56824 0.069194 2.32 124.76 169.43
-350000.0 9.578416 0.066529 2.25 126.99 161.27
-351000.0 9.515678 0.059653 2.17 129.21 154.79
-352000.0 9.580137 0.060702 2.08 131.22 151.32
-353000.0 9.561692 0.058044 1.99 133.23 140.65
-354000.0 9.524199 0.052851 1.89 135.04 130.89
-355000.0 9.588702 0.047747 1.78 136.57 126.17
-356000.0 9.542809 0.046652 1.68 137.86 116.51
-357000.0 9.53968 0.042052 1.57 138.67 105.56
-358000.0 9.584098 0.034439 1.45 138.91 98.8
-359000.0 9.532604 0.033062 1.34 138.64 93.01
-360000.0 9.552381 0.029615 1.22 137.72 83.49
-361000.0 9.577513 0.024351 1.11 135.8 70.88
-362000.0 9.525476 0.021151 1.0 132.98 75.84
-363000.0 9.56476 0.02162 0.91 128.56 63.42
-364000.0 9.580103 0.020008 0.84 122.71 54.15
-365000.0 9.518947 0.013276 0.79 115.42 40.36
-366000.0 9.57215 0.013647 0.77 106.95 51.58
-367000.0 9.570687 0.01512 0.78 98.56 31.71
-368000.0 9.518298 0.017869 0.82 90.87 10.08
-369000.0 9.58395 0.016546 0.89 84.85 354.8
-370000.0 9.555167 0.021089 0.97 80.3 352.88
-371000.0 9.526864 0.027938 1.07 77.3 344.06
-372000.0 9.590298 0.031729 1.18 75.52 329.06
-373000.0 9.538903 0.033977 1.3 74.51 324.44
-374000.0 9.542546 0.038112 1.42 74.19 319.74
-375000.0 9.581143 0.044331 1.54 74.52 309.87
-376000.0 9.524998 0.043326 1.65 75.24 302.66
-377000.0 9.560591 0.047835 1.76 76.38 298.31
-378000.0 9.580044 0.052459 1.87 77.88 292.55
-379000.0 9.519238 0.054096 1.97 79.49 280.03
-380000.0 9.565854 0.053406 2.07 81.42 276.96
-381000.0 9.572327 0.057961 2.16 83.34 270.54
-382000.0 9.521323 0.064987 2.24 85.41 261.01
-383000.0 9.57635 0.064244 2.31 87.67 251.58
-384000.0 9.566711 0.067907 2.38 89.97 245.45
-385000.0 9.524089 0.07469 2.43 92.48 237.66
-386000.0 9.591094 0.076987 2.48 95.04 225.88
-387000.0 9.552331 0.077489 2.53 97.61 218.73
-388000.0 9.535786 0.079226 2.56 100.14 212.04
-389000.0 9.585732 0.08287 2.58 102.69 202.23
-390000.0 9.528632 0.080058 2.6 105.19 194.45
-391000.0 9.556397 0.081438 2.6 107.73 188.2
-392000.0 9.58496 0.083158 2.59 110.28 180.95
-393000.0 9.515903 0.080435 2.57 112.82 170.27
-394000.0 9.563997 0.077441 2.55 115.44 165.64
-395000.0 9.569599 0.078293 2.51 117.9 159.15
-396000.0 9.518212 0.080779 2.47 120.4 148.98
-397000.0 9.573634 0.076446 2.42 122.79 141.02
-398000.0 9.562594 0.076331 2.35 125.13 134.52
-399000.0 9.526542 0.079596 2.28 127.52 126.63
-400000.0 9.585175 0.076467 2.2 129.77 115.05
-401000.0 9.558695 0.074044 2.12 132.01 108.25
-402000.0 9.533976 0.072065 2.03 134.01 102.27
-403000.0 9.58474 0.071576 1.94 135.8 92.6
-404000.0 9.536609 0.065091 1.83 137.32 85.78
-405000.0 9.550935 0.063328 1.73 138.59 80.8
-406000.0 9.588877 0.061457 1.61 139.44 74.85
-407000.0 9.519073 0.054634 1.49 140.08 65.57
-408000.0 9.561348 0.049113 1.37 140.22 64.28
-409000.0 9.574859 0.047743 1.26 139.68 61.27
-410000.0 9.514868 0.04558 1.15 138.46 52.23
-411000.0 9.574758 0.038687 1.04 135.86 49.15
-412000.0 9.562998 0.035514 0.95 132.25 48.75
-413000.0 9.525196 0.03699 0.86 126.9 45.35
-414000.0 9.582845 0.030991 0.8 120.18 36.36
-415000.0 9.560604 0.027262 0.77 112.33 36.09
-416000.0 9.533056 0.024253 0.77 103.94 40.62
-417000.0 9.580012 0.024311 0.8 96.09 31.05
-418000.0 9.545781 0.018107 0.86 89.31 22.37
-419000.0 9.543309 0.01598 0.94 84.08 13.98
-420000.0 9.584814 0.015758 1.04 80.29 4.36
-421000.0 9.529581 0.01624 1.15 77.74 332.21
-422000.0 9.549408 0.014221 1.26 76.16 310.94
-423000.0 9.582827 0.014991 1.38 75.69 301.33
-424000.0 9.516183 0.02134 1.49 75.65 291.26
-425000.0 9.566255 0.024859 1.61 76.31 272.72
-426000.0 9.572398 0.026469 1.72 77.3 261.0
-427000.0 9.517798 0.030865 1.83 78.51 262.9
-428000.0 9.583211 0.038798 1.94 80.09 250.98
-429000.0 9.565211 0.042503 2.03 81.75 241.17
-430000.0 9.528241 0.042373 2.12 83.74 233.57
-431000.0 9.583211 0.049373 2.2 85.89 229.12
-432000.0 9.549544 0.052828 2.28 88.19 217.05
-433000.0 9.543019 0.05527 2.34 90.59 207.56
-434000.0 9.580345 0.057137 2.41 93.06 201.04
-435000.0 9.537321 0.062993 2.46 95.5 190.55
-436000.0 9.544956 0.06308 2.51 97.97 180.65
-437000.0 9.580443 0.062854 2.54 100.48 173.18
-438000.0 9.521764 0.068461 2.57 103.01 166.78
-439000.0 9.555505 0.070791 2.58 105.66 156.91
-440000.0 9.576038 0.070658 2.59 108.23 148.68
-441000.0 9.516035 0.074027 2.59 110.82 144.91
-442000.0 9.578531 0.080147 2.57 113.36 135.55
-443000.0 9.572558 0.081697 2.55 115.82 126.99
-444000.0 9.52249 0.079333 2.52 118.4 120.36
-445000.0 9.588446 0.084311 2.47 120.88 114.36
-446000.0 9.550734 0.084847 2.42 123.46 103.92
-447000.0 9.54169 0.083631 2.36 125.97 95.52
-448000.0 9.587161 0.082552 2.29 128.4 88.92
-449000.0 9.535714 0.084223 2.22 130.75 78.78
-450000.0 9.552068 0.080672 2.14 132.87 70.04
-451000.0 9.57884 0.07656 2.06 134.8 63.54
-452000.0 9.525107 0.078464 1.96 136.66 56.73
-453000.0 9.557778 0.075486 1.85 138.36 47.86
-454000.0 9.57408 0.071553 1.75 139.79 40.95
-455000.0 9.51652 0.071313 1.64 141.08 38.83
-456000.0 9.575589 0.072951 1.52 141.85 29.89
-457000.0 9.572834 0.070123 1.41 142.16 23.99
-458000.0 9.517113 0.064484 1.29 141.97 20.86
-459000.0 9.585082 0.066404 1.17 140.82 18.96
-460000.0 9.552983 0.062375 1.06 139.01 11.9
-461000.0 9.531339 0.057579 0.96 135.8 9.06
-462000.0 9.589828 0.053843 0.87 131.25 10.31
-463000.0 9.534103 0.051629 0.8 125.19 6.89
-464000.0 9.547345 0.045447 0.76 117.36 6.51
-465000.0 9.583148 0.038996 0.75 108.69 11.57
-466000.0 9.524166 0.038524 0.77 99.89 13.15
-467000.0 9.559687 0.033201 0.83 92.22 10.87
-468000.0 9.576189 0.027098 0.9 86.12 6.77
-469000.0 9.520346 0.026264 0.99 81.63 14.16
-470000.0 9.57292 0.025686 1.09 78.71 358.79
-471000.0 9.576178 0.022541 1.2 77.02 348.32
-472000.0 9.519143 0.015373 1.32 76.05 340.42
-473000.0 9.578427 0.017515 1.43 76.01 337.7
-474000.0 9.563617 0.015677 1.55 76.32 308.5
-475000.0 9.52242 0.01515 1.66 77.17 276.75
-476000.0 9.586746 0.013163 1.77 78.45 257.71
-477000.0 9.546179 0.018373 1.87 79.94 241.81
-478000.0 9.533002 0.023314 1.96 81.88 220.36
-479000.0 9.589476 0.025382 2.05 83.94 199.75
-480000.0 9.528931 0.028737 2.14 86.11 193.96
-481000.0 9.551217 0.033772 2.22 88.37 183.78
-482000.0 9.581426 0.039029 2.3 90.71 169.4
-483000.0 9.519217 0.037788 2.36 93.08 163.37
-484000.0 9.568258 0.043991 2.42 95.53 158.18
-485000.0 9.578147 0.048618 2.46 98.08 150.23
-486000.0 9.517895 0.049013 2.5 100.62 136.43
-487000.0 9.572944 0.050151 2.53 103.21 134.47
-488000.0 9.566888 0.055656 2.55 105.71 126.22
-489000.0 9.523237 0.061634 2.56 108.28 115.42
-490000.0 9.580507 0.06092 2.56 110.83 106.51
-491000.0 9.558563 0.066377 2.54 113.36 99.98
-492000.0 9.529249 0.072267 2.52 116.05 90.82
-493000.0 9.589999 0.073303 2.49 118.67 79.42
-494000.0 9.542141 0.075119 2.45 121.33 72.64
-495000.0 9.541918 0.078213 2.41 123.87 65.31
-496000.0 9.585142 0.080532 2.35 126.32 55.07
-497000.0 9.521659 0.077746 2.29 128.69 48.92
-498000.0 9.56354 0.08129 2.22 130.96 42.8
-499000.0 9.581637 0.083541 2.14 133.15 35.55
-500000.0 9.513833 0.079787 2.05 135.29 26.08
-501000.0 9.571843 0.078675 1.95 137.27 22.72
-502000.0 9.563657 0.081113 1.86 139.0 15.87
-503000.0 9.522309 0.082526 1.75 140.61 6.75
-504000.0 9.578914 0.078423 1.64 141.76 0.67
-505000.0 9.556418 0.079982 1.53 142.67 354.94
-506000.0 9.5332 0.082571 1.4 143.2 347.77
-507000.0 9.584933 0.078537 1.29 143.21 339.7
-508000.0 9.549849 0.077048 1.17 142.72 335.88
-509000.0 9.542796 0.075947 1.06 141.1 332.15
-510000.0 9.584987 0.074103 0.96 138.3 326.95
-511000.0 9.528063 0.067772 0.87 133.97 327.81
-512000.0 9.561474 0.067889 0.8 127.8 329.85
-513000.0 9.584283 0.065648 0.75 119.7 332.05
-514000.0 9.515803 0.058384 0.72 110.7 334.05
-515000.0 9.569552 0.054252 0.74 101.4 343.46
-516000.0 9.566968 0.053331 0.78 93.44 345.79
-517000.0 9.516864 0.050058 0.85 86.7 343.11
-518000.0 9.58051 0.043574 0.94 81.99 343.91
-519000.0 9.553059 0.041891 1.04 78.75 342.49
-520000.0 9.530892 0.041582 1.15 76.57 334.68
-521000.0 9.583319 0.034574 1.26 75.62 323.62
-522000.0 9.549337 0.031407 1.37 75.29 318.65
-523000.0 9.542417 0.028675 1.48 75.82 311.04
-524000.0 9.578727 0.026188 1.59 76.8 293.22
-525000.0 9.536704 0.01969 1.7 78.13 284.75
-526000.0 9.554067 0.018876 1.81 79.8 273.41
-527000.0 9.584718 0.01748 1.91 81.68 256.56
-528000.0 9.523729 0.014006 2.01 83.6 219.51
-529000.0 9.560315 0.010041 2.1 85.71 204.18
-530000.0 9.577386 0.011854 2.18 87.95 186.83
-531000.0 9.51445 0.01752 2.25 90.22 162.45
-532000.0 9.575582 0.019574 2.32 92.69 136.51
-533000.0 9.563137 0.02113 2.38 95.1 127.02
-534000.0 9.521645 0.027074 2.43 97.6 124.64
-535000.0 9.587567 0.034432 2.47 100.09 108.22
-536000.0 9.554293 0.037397 2.5 102.54 98.09
-537000.0 9.535911 0.038947 2.51 105.16 91.16
-538000.0 9.581997 0.046232 2.52 107.73 83.69
-539000.0 9.539405 0.048387 2.52 110.41 70.79
-540000.0 9.55212 0.051198 2.51 113.12 63.23
-541000.0 9.581429 0.054175 2.49 115.81 56.54
-542000.0 9.529224 0.059593 2.47 118.44 43.91
-543000.0 9.553835 0.058371 2.43 121.0 35.03
-544000.0 9.576604 0.059829 2.38 123.52 28.8
-545000.0 9.518018 0.066086 2.33 126.04 21.69
-546000.0 9.564297 0.067431 2.27 128.53 11.14
-547000.0 9.570693 0.068321 2.19 130.87 4.45
-548000.0 9.516454 0.073527 2.12 133.22 0.59
-549000.0 9.585931 0.079125 2.03 135.29 350.57
-550000.0 9.56373 0.080262 1.94 137.18 342.98
-551000.0 9.527888 0.07993 1.84 139.04 337.52
-552000.0 9.588282 0.085126 1.73 140.56 331.33
-553000.0 9.541309 0.084299 1.62 142.09 322.06
-554000.0 9.550906 0.084041 1.51 143.21 316.05
-555000.0 9.587667 0.084643 1.39 143.99 311.05
-556000.0 9.528015 0.08533 1.28 144.32 302.27
-557000.0 9.559034 0.080562 1.16 143.66 297.37
-558000.0 9.576178 0.07808 1.05 142.07 294.92
-559000.0 9.520408 0.080965 0.95 139.33 292.04
-560000.0 9.56488 0.076673 0.85 134.93 289.44
-561000.0 9.569034 0.073676 0.77 128.82 290.99
-562000.0 9.516219 0.075545 0.71 121.11 297.06
-563000.0 9.581009 0.076371 0.69 111.85 297.61
-564000.0 9.565578 0.073052 0.7 102.43 302.18
-565000.0 9.522736 0.069063 0.74 93.49 307.73
-566000.0 9.585322 0.071085 0.81 86.59 309.77
-567000.0 9.544617 0.065992 0.9 81.23 307.3
-568000.0 9.540186 0.061851 1.0 77.66 306.21
-569000.0 9.591815 0.05949 1.11 75.63 304.16
-570000.0 9.526761 0.055808 1.22 74.54 295.42
-571000.0 9.55588 0.048509 1.33 74.61 289.68
-572000.0 9.581508 0.043302 1.45 75.13 286.61
-573000.0 9.518893 0.043054 1.56 76.03 276.88
-574000.0 9.567156 0.036374 1.68 77.35 267.04
-575000.0 9.571191 0.03048 1.78 78.87 259.58
-576000.0 9.519426 0.031303 1.89 80.56 258.08
-577000.0 9.577244 0.028932 1.98 82.54 238.21
-578000.0 9.56949 0.024944 2.07 84.68 227.13
-579000.0 9.521831 0.018868 2.16 86.86 222.06
-580000.0 9.580685 0.021023 2.23 89.19 210.02
-581000.0 9.555493 0.016582 2.3 91.48 183.55
-582000.0 9.529321 0.013722 2.36 93.93 157.63
-583000.0 9.58735 0.012004 2.4 96.39 141.12
-584000.0 9.537578 0.016293 2.44 98.88 109.88
-585000.0 9.541204 0.018927 2.46 101.6 80.91
-586000.0 9.588366 0.019519 2.48 104.26 60.27
-587000.0 9.522272 0.024341 2.49 107.0 54.05
-588000.0 9.559455 0.029805 2.5 109.7 39.35
-589000.0 9.579833 0.034026 2.49 112.38 23.54
-590000.0 9.516743 0.033052 2.47 115.06 20.43
-591000.0 9.575698 0.04075 2.45 117.68 13.78
-592000.0 9.572929 0.045252 2.41 120.34 4.8
-593000.0 9.520253 0.044932 2.37 122.96 352.28
-594000.0 9.577984 0.047648 2.32 125.49 350.96
-595000.0 9.559822 0.053532 2.26 127.9 340.89
-596000.0 9.52934 0.058476 2.19 130.3 330.44
-597000.0 9.58114 0.058598 2.11 132.44 323.23
-598000.0 9.550286 0.065035 2.03 134.56 316.14
-599000.0 9.535173 0.069852 1.93 136.67 306.43
-600000.0 9.587793 0.070075 1.83 138.56 297.02
-601000.0 9.533135 0.073248 1.73 140.43 291.48
-602000.0 9.550369 0.076771 1.62 141.89 283.82
-603000.0 9.583239 0.078263 1.51 143.05 274.86
-604000.0 9.516153 0.07653 1.4 143.8 272.02
-605000.0 9.571121 0.081408 1.28 143.89 267.74
-606000.0 9.57551 0.08319 1.16 143.32 262.6
-607000.0 9.514895 0.079685 1.05 142.03 257.65
-608000.0 9.577057 0.080693 0.94 139.44 259.08
-609000.0 9.556305 0.083233 0.85 135.41 256.91
-610000.0 9.52836 0.083752 0.77 129.5 255.63
-611000.0 9.581669 0.081034 0.71 121.5 259.36
-612000.0 9.547929 0.083594 0.69 112.25 263.18
-613000.0 9.542127 0.084155 0.69 101.88 266.21
-614000.0 9.583857 0.079978 0.73 93.02 268.04
-615000.0 9.540578 0.080099 0.79 85.66 271.25
-616000.0 9.553201 0.078906 0.88 80.46 269.87
-617000.0 9.585005 0.075662 0.97 77.05 265.55
-618000.0 9.522063 0.070472 1.08 74.93 265.61
-619000.0 9.570988 0.072084 1.2 74.04 261.71
-620000.0 9.577964 0.068601 1.32 73.81 255.91
-621000.0 9.514532 0.061318 1.43 74.09 249.87
-622000.0 9.57693 0.059311 1.55 74.93 249.12
-623000.0 9.557085 0.058074 1.66 76.16 240.86
-624000.0 9.521378 0.053704 1.77 77.64 231.72
-625000.0 9.58491 0.04803 1.87 79.51 226.74
-626000.0 9.542818 0.047401 1.97 81.41 218.54
-627000.0 9.539006 0.044865 2.06 83.51 206.64
-628000.0 9.581774 0.037497 2.14 85.67 196.03
-629000.0 9.538718 0.035503 2.21 87.87 188.86
-630000.0 9.5516 0.032091 2.28 90.33 176.92
-631000.0 9.580057 0.027592 2.33 92.81 159.48
-632000.0 9.527901 0.021546 2.38 95.39 156.66
-633000.0 9.564622 0.02205 2.42 98.07 141.98
-634000.0 9.581418 0.019197 2.45 100.78 124.97
-635000.0 9.519458 0.012847 2.48 103.45 95.01
-636000.0 9.570043 0.009482 2.49 106.13 95.63
-637000.0 9.56955 0.01099 2.49 108.81 63.35
-638000.0 9.515523 0.014428 2.49 111.49 27.62
-639000.0 9.582583 0.014694 2.47 114.19 356.77
-640000.0 9.553261 0.017488 2.45 116.81 350.17
-641000.0 9.526263 0.024343 2.42 119.47 342.42
-642000.0 9.589368 0.030289 2.38 121.93 323.44
-643000.0 9.542273 0.032607 2.33 124.33 314.7
-644000.0 9.54484 0.03644 2.27 126.78 307.33
-645000.0 9.581864 0.043989 2.2 129.05 297.76
-646000.0 9.53023 0.04439 2.12 131.39 286.19
-647000.0 9.562599 0.048044 2.03 133.6 281.1
-648000.0 9.581398 0.051985 1.94 135.73 274.12
-649000.0 9.523691 0.056608 1.84 137.72 261.0
-650000.0 9.562525 0.054449 1.74 139.37 254.82
-651000.0 9.572051 0.057652 1.63 140.8 249.64
-652000.0 9.515882 0.064533 1.52 142.01 243.06
-653000.0 9.572461 0.064684 1.41 142.75 234.5
-654000.0 9.563531 0.06673 1.29 143.02 231.06
-655000.0 9.519643 0.073063 1.18 142.77 228.41
-656000.0 9.589989 0.078071 1.07 141.27 221.43
-657000.0 9.553631 0.078964 0.96 138.69 219.26
-658000.0 9.535729 0.080425 0.86 134.56 219.53
-659000.0 9.587238 0.085622 0.78 128.49 219.42
-660000.0 9.532281 0.083761 0.72 120.91 220.41
-661000.0 9.559987 0.084586 0.69 111.5 225.9
-662000.0 9.587796 0.085944 0.69 102.05 230.48
-663000.0 9.521845 0.085682 0.72 93.21 230.39
-664000.0 9.565876 0.080803 0.79 86.16 233.38
-665000.0 9.569818 0.079875 0.87 80.87 234.71
-666000.0 9.518093 0.082597 0.97 77.12 232.1
-667000.0 9.570384 0.077661 1.08 74.89 227.9
-668000.0 9.562155 0.076053 1.2 73.66 225.45
-669000.0 9.519746 0.078846 1.31 73.23 222.88
-670000.0 9.583362 0.078447 1.43 73.7 213.51
-671000.0 9.557746 0.07571 1.54 74.58 208.5
-672000.0 9.530058 0.073222 1.66 75.73 203.73
-673000.0 9.585768 0.074244 1.76 77.31 195.66
-674000.0 9.536606 0.068292 1.87 78.89 187.43
-675000.0 9.551222 0.065738 1.97 80.81 181.93
-676000.0 9.591835 0.063871 2.05 82.79 174.91
-677000.0 9.521905 0.058534 2.13 84.92 163.1
-678000.0 9.564834 0.051074 2.21 87.39 157.09
-679000.0 9.57602 0.047547 2.27 89.82 151.99
-680000.0 9.517556 0.046223 2.33 92.39 139.86
-681000.0 9.573565 0.038604 2.38 94.97 130.46
-682000.0 9.563845 0.033967 2.43 97.55 124.05
-683000.0 9.521935 0.035452 2.47 100.14 118.44
-684000.0 9.580031 0.031268 2.49 102.77 99.72
-685000.0 9.560441 0.027019 2.5 105.44 91.18
-686000.0 9.528581 0.022659 2.51 108.1 85.57
-687000.0 9.578735 0.023269 2.51 110.74 69.35
-688000.0 9.546341 0.017251 2.5 113.29 48.32
-689000.0 9.539062 0.01416 2.48 115.9 31.79
-690000.0 9.588058 0.01313 2.44 118.35 14.99
-691000.0 9.530616 0.014801 2.4 120.82 334.09
-692000.0 9.550519 0.014736 2.34 123.37 300.04
-693000.0 9.585519 0.015204 2.28 125.8 281.24
-694000.0 9.517162 0.021425 2.21 128.3 273.86
-695000.0 9.568401 0.026424 2.13 130.61 255.03
-696000.0 9.572889 0.029238 2.05 132.85 239.71
-697000.0 9.517344 0.029859 1.96 134.97 239.67
-698000.0 9.581106 0.038257 1.86 136.85 232.09
-699000.0 9.564627 0.041878 1.76 138.66 223.04
-700000.0 9.52608 0.041881 1.66 140.25 213.49
-701000.0 9.579157 0.046562 1.55 141.44 212.89
-702000.0 9.551513 0.051774 1.44 142.24 203.34
-703000.0 9.538353 0.055284 1.32 142.56 195.84
-704000.0 9.582245 0.056957 1.21 141.91 192.11
-705000.0 9.541762 0.064279 1.1 140.59 187.15
-706000.0 9.544713 0.067062 0.99 138.0 181.64
-707000.0 9.585727 0.067251 0.89 134.21 179.09
-708000.0 9.52558 0.072057 0.8 128.95 180.69
-709000.0 9.559072 0.075396 0.74 121.56 180.88
-710000.0 9.578657 0.07561 0.71 113.06 182.2
-711000.0 9.513937 0.075476 0.7 103.65 190.3
-712000.0 9.578051 0.081666 0.74 94.89 194.1
-713000.0 9.567474 0.082627 0.8 87.29 196.1
-714000.0 9.518432 0.079568 0.88 81.66 196.62
-715000.0 9.581184 0.082412 0.97 77.88 198.53
-716000.0 9.546869 0.084699 1.08 75.53 193.82
-717000.0 9.536772 0.084362 1.19 74.21 189.11
-718000.0 9.582964 0.083151 1.31 73.96 185.27
-719000.0 9.539377 0.086356 1.43 74.15 178.52
-720000.0 9.551009 0.084926 1.55 74.79 170.67
-721000.0 9.582946 0.080779 1.66 75.81 163.81
-722000.0 9.532749 0.082327 1.77 77.03 157.97
-723000.0 9.562468 0.080428 1.87 78.72 148.61
-724000.0 9.581942 0.076549 1.96 80.58 139.94
-725000.0 9.517523 0.072567 2.05 82.64 136.67
-726000.0 9.579484 0.075049 2.14 84.91 128.39
-727000.0 9.569438 0.070486 2.22 87.24 120.48
-728000.0 9.516543 0.063956 2.29 89.61 113.66
-729000.0 9.581355 0.06337 2.35 92.06 110.31
-730000.0 9.547567 0.061187 2.4 94.54 99.83
-731000.0 9.527839 0.056567 2.45 97.08 91.37
-732000.0 9.586635 0.052415 2.48 99.72 86.02
-733000.0 9.533802 0.051529 2.51 102.32 75.46
-734000.0 9.548087 0.046893 2.53 104.99 63.86
-735000.0 9.582282 0.039748 2.54 107.51 55.49
-736000.0 9.529791 0.039207 2.54 110.04 47.07
-737000.0 9.561548 0.03432 2.52 112.65 33.41
-738000.0 9.579637 0.028684 2.49 115.2 18.56
-739000.0 9.522162 0.024127 2.46 117.81 19.44
-740000.0 9.572983 0.024801 2.42 120.4 1.84
-741000.0 9.576001 0.020426 2.37 123.0 346.74
-742000.0 9.517883 0.012997 2.31 125.52 326.54
-743000.0 9.576443 0.012054 2.24 127.93 330.71
-744000.0 9.561037 0.011506 2.17 130.28 294.08
-745000.0 9.518366 0.012131 2.09 132.55 254.72
-746000.0 9.586607 0.011014 2.0 134.69 224.27
-747000.0 9.54308 0.015499 1.91 136.69 217.23
-748000.0 9.533268 0.022013 1.81 138.56 202.09
-749000.0 9.58812 0.026359 1.71 139.95 182.64
-750000.0 9.532039 0.029214 1.6 141.09 177.75
-751000.0 9.553568 0.034507 1.49 141.85 170.39
-752000.0 9.583752 0.041793 1.37 141.98 160.38
-753000.0 9.522815 0.040775 1.25 141.76 152.68
-754000.0 9.570892 0.046043 1.14 140.55 152.6
-755000.0 9.5789 0.050129 1.03 138.56 148.8
-756000.0 9.520885 0.053474 0.93 135.32 140.15
-757000.0 9.570333 0.051519 0.84 130.26 142.7
-758000.0 9.565481 0.056277 0.77 123.57 145.11
-759000.0 9.517739 0.062455 0.73 115.27 147.11
-760000.0 9.57753 0.062127 0.72 106.07 149.16
-761000.0 9.555852 0.065978 0.74 97.33 155.41
-762000.0 9.524652 0.072503 0.79 89.77 158.78
-763000.0 9.590799 0.0759 0.87 84.13 155.82
-764000.0 9.54419 0.077647 0.97 80.05 155.82
-765000.0 9.54435 0.080788 1.07 77.19 154.22
-766000.0 9.589652 0.085398 1.19 75.68 148.48
-767000.0 9.52502 0.082482 1.3 74.77 143.91
-768000.0 9.56939 0.085141 1.42 74.72 140.63
-769000.0 9.583534 0.086646 1.53 75.17 134.72
-770000.0 9.51959 0.084877 1.64 76.05 125.11
-771000.0 9.571625 0.080651 1.75 77.51 120.58
-772000.0 9.561809 0.081478 1.85 79.09 114.6
-773000.0 9.519128 0.083256 1.96 80.94 106.09
-774000.0 9.573463 0.078145 2.05 82.97 98.54
-775000.0 9.5532 0.078323 2.13 85.05 92.96
-776000.0 9.525396 0.081173 2.21 87.25 86.4
-777000.0 9.582883 0.079279 2.28 89.64 75.62
-778000.0 9.548851 0.077448 2.34 92.12 69.42
-779000.0 9.540449 0.076594 2.4 94.64 62.19
-780000.0 9.587617 0.076483 2.45 97.22 52.24
-781000.0 9.53 0.069833 2.49 99.69 44.69
-782000.0 9.562778 0.068905 2.52 102.28 38.77
-783000.0 9.587952 0.066799 2.54 104.76 30.1
-784000.0 9.51934 0.060322 2.55 107.32 18.71
-785000.0 9.573181 0.053399 2.54 109.98 14.15
-786000.0 9.567271 0.051236 2.53 112.59 7.49
-787000.0 9.518823 0.048559 2.51 115.32 355.53
-788000.0 9.579037 0.040667 2.48 117.93 347.97
-789000.0 9.553548 0.037706 2.45 120.52 342.18
-790000.0 9.528506 0.038435 2.4 123.05 333.47
-791000.0 9.579694 0.033068 2.35 125.51 317.6
-792000.0 9.550913 0.029468 2.28 127.99 311.21
-793000.0 9.53828 0.026374 2.21 130.37 303.21
-794000.0 9.579133 0.025172 2.13 132.61 285.72
-795000.0 9.53752 0.01811 2.05 134.69 271.72
-796000.0 9.550608 0.016414 1.96 136.66 261.28
-797000.0 9.587241 0.015105 1.86 138.24 242.75
-798000.0 9.524524 0.014103 1.76 139.73 200.91
-799000.0 9.561627 0.011164 1.64 140.9 168.97
-800000.0 9.578839 0.012426 1.53 141.77 153.88
-801000.0 9.515598 0.019041 1.41 142.37 140.94
-802000.0 9.576194 0.023276 1.3 142.19 120.39
-803000.0 9.562833 0.024971 1.18 141.52 110.4
-804000.0 9.520091 0.0274 1.07 139.73 115.2
-805000.0 9.584215 0.035694 0.97 136.74 109.57
-806000.0 9.553425 0.03834 0.87 132.36 106.66
-807000.0 9.533806 0.039508 0.8 126.4 106.79
-808000.0 9.578572 0.045608 0.75 118.84 112.94
-809000.0 9.541481 0.0498 0.73 110.32 111.76
-810000.0 9.549403 0.052468 0.74 101.58 115.49
-811000.0 9.58337 0.055418 0.79 93.79 119.11
-812000.0 9.534808 0.062865 0.86 87.42 117.31
-813000.0 9.55486 0.063796 0.95 82.41 114.1
-814000.0 9.582756 0.064756 1.05 79.24 112.26
-815000.0 9.52046 0.070591 1.16 77.04 110.34
-816000.0 9.568147 0.073177 1.27 76.13 102.98
-817000.0 9.570733 0.072985 1.38 75.91 97.45
-818000.0 9.513862 0.074408 1.5 76.3 96.03
-819000.0 9.584066 0.080799 1.61 77.22 89.06
-820000.0 9.557509 0.081046 1.72 78.34 82.54
-821000.0 9.52505 0.079705 1.83 79.81 77.0
-822000.0 9.582112 0.08371 1.93 81.52 72.35
-823000.0 9.538593 0.084718 2.02 83.47 63.01
-824000.0 9.546684 0.084421 2.11 85.6 55.91
-825000.0 9.585369 0.084757 2.19 87.94 49.55
-826000.0 9.531954 0.087728 2.26 90.26 39.48
-827000.0 9.560335 0.084511 2.33 92.7 30.2
-828000.0 9.580722 0.081424 2.39 95.08 22.81
-829000.0 9.526588 0.083991 2.44 97.47 15.37
-830000.0 9.570604 0.0806 2.48 99.98 4.53
-831000.0 9.574968 0.076638 2.51 102.47 356.28
-832000.0 9.516175 0.074498 2.53 105.1 352.51
-833000.0 9.583296 0.076644 2.54 107.73 342.89
-834000.0 9.560397 0.07152 2.54 110.39 335.28
-835000.0 9.520471 0.066481 2.54 113.03 328.97
-836000.0 9.582278 0.066973 2.52 115.62 323.95
-837000.0 9.538643 0.063265 2.5 118.22 313.45
-838000.0 9.536367 0.058995 2.46 120.8 306.37
-839000.0 9.588581 0.056531 2.41 123.37 300.66
-840000.0 9.526214 0.054844 2.36 125.9 288.83
-841000.0 9.557402 0.04854 2.31 128.4 278.83
-842000.0 9.581791 0.042238 2.24 130.66 272.43
-843000.0 9.525066 0.042441 2.16 132.87 262.64
-844000.0 9.570098 0.03602 2.08 134.93 249.34
-845000.0 9.576803 0.030017 1.98 136.82 237.84
-846000.0 9.520048 0.02739 1.88 138.72 239.83
-847000.0 9.578837 0.027279 1.78 140.32 221.49
-848000.0 9.568712 0.021845 1.67 141.81 210.61
-849000.0 9.519934 0.014799 1.56 142.96 200.02
-850000.0 9.578832 0.015345 1.44 143.63 199.23
-851000.0 9.55191 0.012768 1.32 143.88 167.61
-852000.0 9.524674 0.0109 1.21 143.41 137.47
-853000.0 9.586952 0.009267 1.09 142.07 117.98
-854000.0 9.534981 0.014558 0.99 139.83 102.42
-855000.0 9.54134 0.01975 0.89 136.21 84.21
-856000.0 9.588005 0.022314 0.81 130.78 70.52
-857000.0 9.524365 0.02646 0.76 123.71 76.4
-858000.0 9.5627 0.032788 0.73 115.03 75.3
-859000.0 9.582716 0.039072 0.73 105.91 72.99
-860000.0 9.519023 0.03715 0.76 97.3 75.68
-861000.0 9.577582 0.043946 0.83 90.16 81.46
-862000.0 9.572138 0.047935 0.91 84.79 79.74
-863000.0 9.521314 0.049989 1.0 80.93 72.28
-864000.0 9.57383 0.049158 1.11 78.7 73.58
-865000.0 9.558182 0.054714 1.22 77.32 69.48
-866000.0 9.5224 0.059805 1.34 76.83 63.2
-867000.0 9.579852 0.059466 1.46 76.99 57.17
-868000.0 9.547643 0.065012 1.57 77.57 53.7
-869000.0 9.532301 0.07119 1.67 78.67 46.88
-870000.0 9.589071 0.07316 1.78 80.22 37.45
-871000.0 9.535775 0.076013 1.88 81.99 32.16
-872000.0 9.554671 0.080288 1.98 83.95 24.52
-873000.0 9.590052 0.084012 2.07 86.11 14.49
-874000.0 9.520881 0.08084 2.15 88.2 8.33
-875000.0 9.577561 0.08494 2.23 90.47 2.6
-876000.0 9.576514 0.086189 2.3 92.71 354.2
-877000.0 9.519688 0.08358 2.36 95.1 343.97
-878000.0 9.576086 0.080504 2.41 97.63 339.23
-879000.0 9.552574 0.082212 2.45 100.13 331.35
-880000.0 9.523857 0.082869 2.48 102.78 322.11
-881000.0 9.575024 0.078647 2.5 105.37 315.02
-882000.0 9.544076 0.080392 2.52 107.95 308.6
-883000.0 9.533802 0.082389 2.52 110.57 300.22
-884000.0 9.580439 0.079608 2.52 113.21 290.23
-885000.0 9.540517 0.079079 2.5 115.9 284.03
-886000.0 9.551603 0.078892 2.48 118.6 275.17
-887000.0 9.589716 0.077789 2.45 121.27 264.6
-888000.0 9.524072 0.071219 2.41 123.83 258.45
-889000.0 9.574267 0.072015 2.36 126.34 252.43
-890000.0 9.5804 0.068585 2.31 128.67 243.03
-891000.0 9.518873 0.061721 2.24 131.06 232.91
-892000.0 9.579724 0.056056 2.16 133.33 229.72
-893000.0 9.55601 0.054466 2.08 135.55 221.73
-894000.0 9.522549 0.050411 1.98 137.78 211.28
-895000.0 9.581303 0.043388 1.89 139.73 205.96
-896000.0 9.542608 0.041941 1.79 141.61 200.22
-897000.0 9.53609 0.040982 1.68 143.13 190.8
-898000.0 9.578519 0.034816 1.57 144.38 178.84
-899000.0 9.540705 0.032619 1.45 145.4 174.71
-900000.0 9.549744 0.029912 1.34 145.92 164.97
-901000.0 9.582046 0.027262 1.22 145.83 149.9
-902000.0 9.530037 0.01982 1.11 144.98 145.17
-903000.0 9.563267 0.019926 1.01 143.01 139.63
-904000.0 9.583706 0.017267 0.91 139.48 124.85
-905000.0 9.52096 0.01378 0.82 134.54 93.24
-906000.0 9.571172 0.009017 0.75 127.27 80.71
-907000.0 9.570131 0.011293 0.71 118.89 70.71
-908000.0 9.515786 0.016824 0.7 109.18 57.67
-909000.0 9.583336 0.019499 0.72 100.05 41.2
-910000.0 9.551348 0.020997 0.77 92.26 42.38
-911000.0 9.525589 0.025361 0.85 86.02 49.77
-912000.0 9.584616 0.032646 0.95 81.8 42.6
-913000.0 9.541801 0.034364 1.05 78.75 39.18
-914000.0 9.543086 0.037421 1.16 77.19 36.17
-915000.0 9.579531 0.0446 1.27 76.51 32.89
-916000.0 9.532283 0.046914 1.39 76.61 22.54
-917000.0 9.559904 0.049744 1.5 77.35 18.95
-918000.0 9.583336 0.05384 1.61 78.63 13.0
-919000.0 9.528174 0.060862 1.71 80.06 1.86
-920000.0 9.564828 0.059796 1.82 81.81 352.51
-921000.0 9.576573 0.062303 1.92 83.66 346.25
-922000.0 9.517688 0.068603 2.01 85.6 339.48
-923000.0 9.575518 0.06994 2.1 87.82 328.47
-924000.0 9.56137 0.070022 2.17 90.04 321.94
-925000.0 9.516303 0.073272 2.24 92.49 318.09
-926000.0 9.586577 0.079025 2.3 94.94 308.82
-927000.0 9.54816 0.078742 2.36 97.4 301.59
-928000.0 9.532879 0.079329 2.4 99.95 295.22
-929000.0 9.584 0.08458 2.43 102.48 288.38
-930000.0 9.530464 0.083947 2.46 105.1 278.67
-931000.0 9.558117 0.084177 2.47 107.77 272.22
-932000.0 9.587188 0.085667 2.48 110.55 264.83
-933000.0 9.527396 0.087977 2.48 113.29 253.47
-934000.0 9.569099 0.083502 2.47 116.04 244.73
-935000.0 9.576126 0.081774 2.45 118.64 237.38
-936000.0 9.523735 0.084808 2.43 121.25 228.89
-937000.0 9.575533 0.080222 2.39 123.78 218.31
-938000.0 9.566407 0.076639 2.34 126.24 211.17
-939000.0 9.517438 0.075983 2.28 128.81 206.79
-940000.0 9.583628 0.077303 2.21 131.23 196.64
-941000.0 9.55066 0.072321 2.14 133.69 190.22
-942000.0 9.527527 0.069093 2.06 136.01 184.34
-943000.0 9.582707 0.070106 1.97 138.15 177.85
-944000.0 9.531031 0.065213 1.88 140.22 168.72
-945000.0 9.546482 0.061707 1.78 142.07 163.76
-946000.0 9.589462 0.060309 1.67 143.79 157.75
-947000.0 9.521934 0.057398 1.56 145.33 146.0
-948000.0 9.565931 0.050385 1.45 146.47 139.02
-949000.0 9.578212 0.045346 1.34 147.03 134.94
-950000.0 9.522307 0.045408 1.23 147.1 125.8
-951000.0 9.576546 0.037703 1.11 146.16 116.46
-952000.0 9.56943 0.032026 1.0 144.19 111.82
-953000.0 9.522544 0.030805 0.89 141.09 116.18
-954000.0 9.580908 0.029448 0.8 136.22 104.38
-955000.0 9.560251 0.023796 0.72 129.66 104.8
-956000.0 9.52606 0.018249 0.67 120.85 108.64
-957000.0 9.578263 0.018767 0.66 111.05 111.04
-958000.0 9.543781 0.014391 0.67 101.09 95.92
-959000.0 9.533504 0.0113 0.72 92.38 86.34
-960000.0 9.588031 0.01029 0.8 85.62 78.96
-961000.0 9.5281 0.014529 0.88 80.78 50.68
-962000.0 9.551539 0.017185 0.99 77.86 24.52
-963000.0 9.586201 0.018436 1.09 76.36 7.45
-964000.0 9.520352 0.024143 1.21 75.75 6.86
-965000.0 9.571333 0.030608 1.32 75.96 352.79
-966000.0 9.577007 0.035422 1.44 76.76 339.58
-967000.0 9.519251 0.0339 1.55 77.75 335.37
-968000.0 9.581859 0.041623 1.66 79.21 331.22
-969000.0 9.563719 0.044816 1.76 80.83 321.24
-970000.0 9.52507 0.046104 1.86 82.71 309.35
-971000.0 9.574727 0.047173 1.95 84.81 307.13
-972000.0 9.548653 0.052862 2.04 86.96 297.97
-973000.0 9.530347 0.056325 2.12 89.32 289.08
-974000.0 9.580182 0.057004 2.19 91.66 282.27
-975000.0 9.540426 0.063762 2.26 94.01 275.9
-976000.0 9.541913 0.068701 2.31 96.53 266.15
-977000.0 9.587964 0.069868 2.35 99.12 256.5
-978000.0 9.528702 0.074429 2.38 101.82 250.67
-979000.0 9.56443 0.078941 2.41 104.56 241.08
-980000.0 9.586102 0.081214 2.43 107.33 230.3
-981000.0 9.518161 0.07874 2.44 110.02 224.55
-982000.0 9.584262 0.084241 2.44 112.71 218.03
-983000.0 9.566551 0.08437 2.43 115.31 208.8
-984000.0 9.522894 0.081671 2.41 117.98 199.39
-985000.0 9.577653 0.08059 2.38 120.61 194.81
-986000.0 9.543199 0.082445 2.35 123.22 186.1
-987000.0 9.531288 0.081665 2.3 125.91 177.36
-988000.0 9.576223 0.079054 2.24 128.42 170.98
-989000.0 9.536385 0.082317 2.18 130.89 163.74
-990000.0 9.543842 0.082707 2.11 133.27 154.83
-991000.0 9.580876 0.079453 2.03 135.58 145.98
-992000.0 9.532961 0.080833 1.94 137.91 140.07
-993000.0 9.562904 0.080596 1.85 140.08 130.45
-994000.0 9.587492 0.078154 1.75 142.14 120.81
-995000.0 9.520966 0.072305 1.65 143.99 116.08
-996000.0 9.582819 0.074638 1.54 145.46 110.27
-997000.0 9.571089 0.069936 1.43 146.45 102.15
-998000.0 9.520842 0.063057 1.32 147.16 95.13
-999000.0 9.58327 0.058981 1.2 147.07 94.21
-1000000.0 9.545279 0.057248 1.09 146.5 87.58
0.0 9.551249 0.054508 2.49 113.63 340.06
-1.0 9.561891 0.055444 2.49 113.63 340.58
-2.0 9.5722 0.056494 2.49 113.63 340.66
-3.0 9.580036 0.057319 2.49 113.63 340.27
-4.0 9.584887 0.057733 2.49 113.63 339.46
-5.0 9.585495 0.057487 2.49 113.63 338.37
-6.0 9.582623 0.056512 2.49 113.63 337.04
-7.0 9.582268 0.055425 2.49 113.64 335.63
-8.0 9.579858 0.054313 2.49 113.64 334.93
-9.0 9.572929 0.053255 2.49 113.64 335.15
-10.0 9.562749 0.052558 2.49 113.64 336.1
-11.0 9.551202 0.052337 2.49 113.65 337.39
-12.0 9.540743 0.05261 2.49 113.66 338.54
-13.0 9.531005 0.053255 2.49 113.67 339.45
-14.0 9.523603 0.054022 2.49 113.68 339.9
-15.0 9.518392 0.054777 2.49 113.68 339.89
-16.0 9.515957 0.055278 2.49 113.68 339.53
-17.0 9.517641 0.055282 2.49 113.68 338.88
-18.0 9.522852 0.054767 2.49 113.69 338.23
-19.0 9.532442 0.053675 2.49 113.69 337.9
-20.0 9.544216 0.052385 2.49 113.71 338.12
-21.0 9.556117 0.05133 2.49 113.71 338.95
-22.0 9.566408 0.050793 2.49 113.71 340.12
-23.0 9.572539 0.051008 2.49 113.71 341.16
-24.0 9.575063 0.051876 2.49 113.7 341.82
-25.0 9.57462 0.0533 2.49 113.71 341.95
-26.0 9.576578 0.055011 2.49 113.73 341.98
-27.0 9.580445 0.056476 2.49 113.74 341.93
-28.0 9.579908 0.057375 2.49 113.74 341.36
-29.0 9.574537 0.05762 2.49 113.74 340.43
-30.0 9.563962 0.057107 2.49 113.75 339.38
-31.0 9.550963 0.056069 2.49 113.75 338.56
-32.0 9.537918 0.054803 2.49 113.75 338.3
-33.0 9.526633 0.053676 2.49 113.75 338.58
-34.0 9.519499 0.053062 2.49 113.75 339.21
-35.0 9.515516 0.05291 2.49 113.76 339.91
-36.0 9.51544 0.053211 2.49 113.77 340.37
-37.0 9.51831 0.053784 2.49 113.79 340.48
-38.0 9.523655 0.054409 2.49 113.8 340.18
-39.0 9.53206 0.054969 2.49 113.81 339.42
-40.0 9.542009 0.055247 2.49 113.81 338.37
-41.0 9.554024 0.055079 2.49 113.8 337.08
-42.0 9.5658 0.054455 2.49 113.78 335.93
-43.0 9.575301 0.053433 2.49 113.78 335.28
-44.0 9.580655 0.052354 2.49 113.77 335.43
-45.0 9.580771 0.051558 2.49 113.77 336.52
-46.0 9.580499 0.05097 2.49 113.77 338.02
-47.0 9.57967 0.050822 2.49 113.77 339.35
-48.0 9.576125 0.051238 2.49 113.77 340.31
-49.0 9.569862 0.052049 2.49 113.76 340.75
-50.0 9.560746 0.053107 2.49 113.75 340.64
-51.0 9.550724 0.054076 2.49 113.75 340.07
-52.0 9.539573 0.054818 2.49 113.75 339.08
-53.0 9.529285 0.055149 2.49 113.76 337.95
-54.0 9.521507 0.054952 2.49 113.78 336.98
-55.0 9.517361 0.054406 2.49 113.8 336.45
-56.0 9.518789 0.053776 2.49 113.81 336.67
-57.0 9.52422 0.053404 2.49 113.82 337.44
-58.0 9.533186 0.053538 2.49 113.81 338.5
-59.0 9.543918 0.054128 2.49 113.81 339.5
-60.0 9.554813 0.055034 2.49 113.8 340.13
-61.0 9.566004 0.056124 2.49 113.8 340.35
-62.0 9.575298 0.057068 2.49 113.8 340.09
-63.0 9.582901 0.057748 2.49 113.81 339.42
-64.0 9.586568 0.057837 2.49 113.81 338.51
-65.0 9.58552 0.057125 2.49 113.81 337.41
-66.0 9.583608 0.0559 2.49 113.82 336.2
-67.0 9.58242 0.054621 2.49 113.82 335.25
-68.0 9.578306 0.053487 2.49 113.82 335.11
-69.0 9.569592 0.052663 2.49 113.82 335.86
-70.0 9.558729 0.05231 2.49 113.82 337.07
-71.0 9.547914 0.052496 2.49 113.83 338.29
-72.0 9.537303 0.053099 2.49 113.84 339.33
-73.0 9.528804 0.053887 2.49 113.85 339.91
-74.0 9.521772 0.054752 2.49 113.86 340.07
-75.0 9.517553 0.055394 2.49 113.86 339.82
-76.0 9.516811 0.055633 2.49 113.86 339.25
-77.0 9.519708 0.055353 2.49 113.86 338.62
-78.0 9.527427 0.054443 2.49 113.87 338.21
-79.0 9.538061 0.053233 2.49 113.88 338.28
-80.0 9.550385 0.052075 2.49 113.89 339.01
-81.0 9.561916 0.051354 2.49 113.89 340.16
-82.0 9.570275 0.051332 2.49 113.89 341.32
-83.0 9.575347 0.051927 2.49 113.88 342.16
-84.0 9.575754 0.05309 2.49 113.88 342.32
-85.0 9.575823 0.054708 2.49 113.9 342.09
-86.0 9.579235 0.056392 2.49 113.91 341.86
-87.0 9.581908 0.057662 2.49 113.91 341.42
-88.0 9.579878 0.058228 2.49 113.91 340.63
-89.0 9.571663 0.057975 2.49 113.92 339.61
-90.0 9.559949 0.0571 2.49 113.92 338.75
-91.0 9.546385 0.055818 2.49 113.92 338.36
-92.0 9.533723 0.054567 2.49 113.91 338.51
-93.0 9.524401 0.053742 2.49 113.91 339.12
-94.0 9.518009 0.053372 2.49 113.92 339.89
-95.0 9.515892 0.053523 2.49 113.93 340.47
-96.0 9.516461 0.053972 2.49 113.95 340.77
-97.0 9.520175 0.05455 2.49 113.97 340.63
-98.0 9.526783 0.055118 2.49 113.97 340.05
-99.0 9.535496 0.055439 2.49 113.98 339.13
-100.0 9.54689 0.055371 2.49 113.97 337.9
-101.0 9.558837 0.054841 2.49 113.96 336.71
-102.0 9.57012 0.05385 2.49 113.95 335.84
-103.0 9.578112 0.052726 2.49 113.94 335.67
-104.0 9.580666 0.051855 2.49 113.94 336.44
-105.0 9.580709 0.0513 2.49 113.94 337.86
-106.0 9.58046 0.051089 2.49 113.94 339.38
-107.0 9.579259 0.051286 2.49 113.94 340.55
-108.0 9.574734 0.051965 2.49 113.94 341.16
-109.0 9.56712 0.052939 2.49 113.93 341.22
-110.0 9.557806 0.053899 2.49 113.92 340.76
-111.0 9.546593 0.054714 2.49 113.92 339.81
-112.0 9.535604 0.055146 2.49 113.93 338.66
-113.0 9.525862 0.055078 2.49 113.95 337.52
-114.0 9.519208 0.054612 2.49 113.97 336.74
-115.0 9.517774 0.053954 2.49 113.99 336.67
-116.0 9.520562 0.053469 2.49 113.99 337.19
-117.0 9.527945 0.05346 2.49 113.99 338.16
-118.0 9.537376 0.0539 2.49 113.99 339.13
-119.0 9.54814 0.054751 2.49 113.98 339.84
-120.0 9.559434 0.055817 2.49 113.98 340.16
-121.0 9.569672 0.056837 2.49 113.98 340.02
-122.0 9.579092 0.057697 2.49 113.99 339.46
-123.0 9.585361 0.058062 2.49 113.99 338.63
-124.0 9.587581 0.057733 2.49 113.98 337.64
-125.0 9.585887 0.056649 2.49 113.99 336.66
-126.0 9.584092 0.055184 2.49 114.0 335.73
-127.0 9.582459 0.05391 2.49 114.0 335.26
-128.0 9.575858 0.052938 2.49 113.99 335.75
-129.0 9.566464 0.052437 2.49 114.0 336.8
-130.0 9.555687 0.052515 2.49 114.01 338.04
-131.0 9.544844 0.053039 2.49 114.02 339.14
-132.0 9.535456 0.053836 2.49 114.02 339.84
-133.0 9.527094 0.054767 2.49 114.03 340.14
-134.0 9.521332 0.055532 2.49 114.03 340.0
-135.0 9.518378 0.055985 2.49 114.03 339.51
-136.0 9.518995 0.055939 2.49 114.03 338.9
-137.0 9.524478 0.055248 2.49 114.04 338.39
-138.0 9.533369 0.054176 2.49 114.06 338.32
-139.0 9.545407 0.052972 2.49 114.07 338.9
-140.0 9.557349 0.052124 2.49 114.07 339.96
-141.0 9.567521 0.051893 2.49 114.07 341.2
-142.0 9.574708 0.052258 2.49 114.06 342.2
-143.0 9.577232 0.053181 2.49 114.05 342.55
-144.0 9.576969 0.054539 2.49 114.06 342.28
-145.0 9.577697 0.056193 2.49 114.08 341.71
-146.0 9.581708 0.057778 2.49 114.08 341.19
-147.0 9.583088 0.058722 2.49 114.08 340.49
-148.0 9.577953 0.058804 2.49 114.08 339.51
-149.0 9.568391 0.058172 2.49 114.09 338.62
-150.0 9.555141 0.056953 2.49 114.08 338.09
-151.0 9.541997 0.05566 2.49 114.08 338.12
-152.0 9.530798 0.054644 2.49 114.08 338.68
-153.0 9.52253 0.05409 2.49 114.08 339.46
-154.0 9.518313 0.054083 2.49 114.1 340.16
-155.0 9.51679 0.054414 2.49 114.11 340.63
-156.0 9.518729 0.054949 2.49 114.13 340.67
-157.0 9.523409 0.055521 2.49 114.14 340.29
-158.0 9.530612 0.055895 2.49 114.15 339.53
-159.0 9.540878 0.055938 2.49 114.14 338.41
-160.0 9.552282 0.055522 2.49 114.13 337.24
-161.0 9.564567 0.054596 2.49 114.12 336.24
-162.0 9.574358 0.053464 2.49 114.12 335.82
-163.0 9.579776 0.052459 2.49 114.12 336.26
-164.0 9.580864 0.051888 2.49 114.12 337.45
-165.0 9.580367 0.051721 2.49 114.12 339.04
-166.0 9.580618 0.051798 2.49 114.12 340.43
-167.0 9.577977 0.052348 2.49 114.11 341.26
-168.0 9.572153 0.053231 2.49 114.1 341.53
-169.0 9.563957 0.054172 2.49 114.1 341.23
-170.0 9.553266 0.055043 2.49 114.09 340.41
-171.0 9.542293 0.055554 2.49 114.1 339.31
-172.0 9.531212 0.055615 2.49 114.11 338.08
-173.0 9.522768 0.055233 2.49 114.13 337.13
-174.0 9.518495 0.054565 2.49 114.15 336.77
-175.0 9.518785 0.053988 2.49 114.16 337.04
-176.0 9.524104 0.053816 2.49 114.16 337.87
-177.0 9.532044 0.054102 2.49 114.15 338.8
-178.0 9.542225 0.05486 2.49 114.15 339.55
-179.0 9.553231 0.055872 2.49 114.15 339.97
-180.0 9.563939 0.056927 2.48 114.16 339.92
-181.0 9.574534 0.05791 2.48 114.16 339.48
-182.0 9.582631 0.058477 2.48 114.16 338.73
-183.0 9.588085 0.058506 2.48 114.16 337.77
-184.0 9.588495 0.057743 2.48 114.15 336.91
-185.0 9.586138 0.056295 2.48 114.16 336.15
-186.0 9.585123 0.054822 2.48 114.17 335.57
-187.0 9.580952 0.053661 2.48 114.16 335.75
-188.0 9.573365 0.05299 2.48 114.16 336.6
-189.0 9.563151 0.052926 2.48 114.17 337.81
-190.0 9.552411 0.053345 2.49 114.18 338.95
-191.0 9.542434 0.054122 2.49 114.19 339.75
-192.0 9.533054 0.055088 2.49 114.19 340.18
-193.0 9.52609 0.055943 2.49 114.19 340.14
-194.0 9.521115 0.056589 2.49 114.19 339.74
-195.0 9.519806 0.056739 2.49 114.19 339.15
-196.0 9.522825 0.056293 2.49 114.2 338.58
-197.0 9.529901 0.055369 2.49 114.22 338.37
-198.0 9.540996 0.054176 2.48 114.23 338.78
-199.0 9.553002 0.053224 2.48 114.24 339.72
-200.0 9.564499 0.052801 2.48 114.24 340.99
-201.0 9.573495 0.052962 2.48 114.23 342.11
-202.0 9.578382 0.053684 2.48 114.22 342.7
-203.0 9.579693 0.054781 2.48 114.22 342.63
-204.0 9.578279 0.056182 2.49 114.24 341.86
-205.0 9.580784 0.057836 2.49 114.25 341.06
-206.0 9.58439 0.059125 2.49 114.25 340.3
-207.0 9.58294 0.059606 2.49 114.25 339.36
-208.0 9.575948 0.059256 2.49 114.25 338.44
-209.0 9.563935 0.058184 2.49 114.24 337.8
-210.0 9.550752 0.056887 2.49 114.24 337.69
-211.0 9.53809 0.055712 2.49 114.24 338.16
-212.0 9.528059 0.054971 2.49 114.24 338.93
-213.0 9.521721 0.054788 2.49 114.25 339.74
-214.0 9.518101 0.054978 2.49 114.27 340.36
-215.0 9.518292 0.055458 2.49 114.28 340.55
-216.0 9.520941 0.056012 2.49 114.3 340.38
-217.0 9.526744 0.056431 2.49 114.3 339.77
-218.0 9.535491 0.056575 2.49 114.3 338.79
-219.0 9.546196 0.056269 2.49 114.29 337.68
-220.0 9.558742 0.055438 2.49 114.28 336.59
-221.0 9.569902 0.05431 2.49 114.28 335.98
-222.0 9.578033 0.053165 2.48 114.28 336.11
-223.0 9.581292 0.052462 2.48 114.28 337.01
-224.0 9.580976 0.052308 2.48 114.28 338.5
-225.0 9.581703 0.052367 2.48 114.28 340.03
-226.0 9.580824 0.052811 2.48 114.28 341.11
-227.0 9.577198 0.053569 2.49 114.27 341.62
-228.0 9.570265 0.054489 2.49 114.26 341.49
-229.0 9.560612 0.055381 2.49 114.26 340.82
-230.0 9.549791 0.055969 2.49 114.26 339.78
-231.0 9.537929 0.056147 2.49 114.27 338.51
-232.0 9.527917 0.055859 2.49 114.29 337.42
-233.0 9.520951 0.055202 2.49 114.31 336.78
-234.0 9.518579 0.054548 2.49 114.32 336.79
-235.0 9.521432 0.054204 2.49 114.32 337.42
-236.0 9.527474 0.054317 2.49 114.32 338.26
-237.0 9.536717 0.054953 2.49 114.31 339.05
-238.0 9.546952 0.055871 2.48 114.32 339.53
-239.0 9.557936 0.056948 2.48 114.32 339.58
-240.0 9.569059 0.057996 2.48 114.32 339.24
-241.0 9.578667 0.058736 2.48 114.33 338.55
-242.0 9.586704 0.059058 2.48 114.32 337.61
-243.0 9.590142 0.058657 2.48 114.32 336.73
-244.0 9.589249 0.057478 2.48 114.32 336.04
-245.0 9.587551 0.055914 2.48 114.33 335.54
-246.0 9.585301 0.054533 2.48 114.33 335.49
-247.0 9.579905 0.053672 2.48 114.33 336.1
-248.0 9.570683 0.053431 2.48 114.33 337.23
-249.0 9.560458 0.053723 2.48 114.34 338.37
-250.0 9.549982 0.054462 2.49 114.35 339.27
-251.0 9.539947 0.055432 2.49 114.35 339.81
-252.0 9.531753 0.05638 2.49 114.35 339.88
-253.0 9.525008 0.057197 2.49 114.35 339.59
-254.0 9.521726 0.057555 2.49 114.35 339.04
-255.0 9.522127 0.057378 2.49 114.36 338.42
-256.0 9.526981 0.056655 2.49 114.38 338.09
-257.0 9.536403 0.055544 2.48 114.39 338.3
-258.0 9.547774 0.054553 2.48 114.4 339.08
-259.0 9.560028 0.053966 2.48 114.4 340.32
-260.0 9.570315 0.053966 2.48 114.39 341.52
-261.0 9.577609 0.054525 2.48 114.38 342.35
-262.0 9.581261 0.055442 2.48 114.38 342.56
-263.0 9.58043 0.056598 2.48 114.38 341.95
-264.0 9.580305 0.058043 2.49 114.39 340.92
-265.0 9.583779 0.059509 2.49 114.39 339.94
-266.0 9.585924 0.060416 2.49 114.39 338.98
-267.0 9.582123 0.06041 2.49 114.39 338.04
-268.0 9.572256 0.059573 2.49 114.39 337.28
-269.0 9.559776 0.058342 2.49 114.38 337.04
-270.0 9.546231 0.057054 2.49 114.38 337.38
-271.0 9.534858 0.056156 2.49 114.38 338.11
-272.0 9.526405 0.055781 2.49 114.39 339.0
-273.0 9.52087 0.055833 2.49 114.41 339.74
-274.0 9.519091 0.05624 2.49 114.42 340.13
-275.0 9.519689 0.056769 2.49 114.44 340.16
-276.0 9.523854 0.057228 2.49 114.44 339.72
-277.0 9.530759 0.057476 2.49 114.44 338.92
-278.0 9.540384 0.057285 2.49 114.44 337.9
-279.0 9.552457 0.056586 2.49 114.43 336.8
-280.0 9.564314 0.055495 2.49 114.43 336.07
-281.0 9.574603 0.054247 2.48 114.42 335.93
-282.0 9.580273 0.053369 2.48 114.42 336.55
-283.0 9.581389 0.053094 2.48 114.42 337.83
-284.0 9.581765 0.05321 2.48 114.43 339.36
-285.0 9.58213 0.053603 2.48 114.43 340.67
-286.0 9.580812 0.054242 2.48 114.42 341.44
-287.0 9.575577 0.055121 2.48 114.42 341.52
-288.0 9.56749 0.056013 2.48 114.41 341.05
-289.0 9.557289 0.056657 2.48 114.41 340.12
-290.0 9.545371 0.056945 2.48 114.42 338.88
-291.0 9.534353 0.056741 2.48 114.44 337.71
-292.0 9.525124 0.056121 2.49 114.46 336.85
-293.0 9.520267 0.055399 2.49 114.47 336.61
-294.0 9.520345 0.054882 2.49 114.47 337.02
-295.0 9.5243 0.054812 2.49 114.47 337.74
-296.0 9.532098 0.055286 2.49 114.47 338.53
-297.0 9.54123 0.05608 2.48 114.47 339.06
-298.0 9.552044 0.057136 2.48 114.47 339.21
-299.0 9.563083 0.058194 2.48 114.48 338.97
-300.0 9.573643 0.059055 2.48 114.48 338.34
-301.0 9.583321 0.059586 2.48 114.48 337.45
-302.0 9.589411 0.05948 2.48 114.48 336.53
-303.0 9.591339 0.058655 2.48 114.47 335.78
-304.0 9.589383 0.057189 2.48 114.47 335.39
-305.0 9.587775 0.055615 2.48 114.48 335.26
-306.0 9.58457 0.054517 2.48 114.48 335.64
-307.0 9.577006 0.054055 2.48 114.48 336.63
-308.0 9.567798 0.054178 2.48 114.49 337.74
-309.0 9.557269 0.054836 2.48 114.49 338.71
-310.0 9.547093 0.055759 2.49 114.49 339.34
-311.0 9.537953 0.056773 2.49 114.49 339.52
-312.0 9.529961 0.057704 2.49 114.49 339.32
-313.0 9.524972 0.058244 2.49 114.5 338.82
-314.0 9.523013 0.058318 2.49 114.5 338.18
-315.0 9.525664 0.057796 2.48 114.52 337.73
-316.0 9.533016 0.056813 2.48 114.53 337.73
-317.0 9.543357 0.055805 2.48 114.55 338.34
-318.0 9.555752 0.055078 2.48 114.55 339.48
-319.0 9.566829 0.054919 2.48 114.54 340.71
-320.0 9.576085 0.055322 2.48 114.53 341.73
-321.0 9.5818 0.056093 2.48 114.52 342.19
-322.0 9.583074 0.057094 2.48 114.52 341.88
-323.0 9.581823 0.058239 2.48 114.53 340.9
-324.0 9.582443 0.059568 2.48 114.53 339.61
-325.0 9.586417 0.060777 2.48 114.53 338.5
-326.0 9.585952 0.061152 2.48 114.53 337.47
-327.0 9.578975 0.060621 2.49 114.53 336.61
-328.0 9.567895 0.059524 2.49 114.52 336.2
-329.0 9.554248 0.058189 2.49 114.52 336.38
-330.0 9.542072 0.057167 2.49 114.51 337.03
-331.0 9.531804 0.056601 2.49 114.52 337.96
-332.0 9.524758 0.05652 2.49 114.54 338.79
-333.0 9.521041 0.056844 2.49 114.55 339.34
-334.0 9.51991 0.057339 2.49 114.57 339.55
-335.0 9.522382 0.057846 2.49 114.58 339.28
-336.0 9.527458 0.05819 2.49 114.58 338.66
-337.0 9.535762 0.058134 2.49 114.58 337.73
-338.0 9.546832 0.057596 2.49 114.57 336.67
-339.0 9.558768 0.056594 2.48 114.57 335.85
-340.0 9.57049 0.055305 2.48 114.57 335.49
-341.0 9.578256 0.05427 2.48 114.57 335.86
-342.0 9.581686 0.053771 2.48 114.57 336.89
-343.0 9.581862 0.053899 2.48 114.57 338.3
-344.0 9.582421 0.054326 2.48 114.57 339.75
-345.0 9.582856 0.054902 2.48 114.57 340.76
-346.0 9.579528 0.055744 2.48 114.56 341.09
-347.0 9.573137 0.056635 2.48 114.56 340.84
-348.0 9.563782 0.057353 2.48 114.55 340.04
-349.0 9.552209 0.057757 2.48 114.56 338.88
-350.0 9.540595 0.057668 2.48 114.57 337.67
-351.0 9.529608 0.057127 2.48 114.59 336.62
-352.0 9.522644 0.056385 2.48 114.61 336.16
-353.0 9.519945 0.05572 2.49 114.61 336.32
-354.0 9.521935 0.055486 2.49 114.61 336.92
-355.0 9.527949 0.05577 2.48 114.61 337.69
-356.0 9.535991 0.056442 2.48 114.61 338.26
-357.0 9.54626 0.057442 2.48 114.62 338.51
-358.0 9.556983 0.058488 2.48 114.62 338.38
-359.0 9.568054 0.059437 2.48 114.63 337.84
-360.0 9.578752 0.060124 2.48 114.63 337.0
-361.0 9.586907 0.060264 2.48 114.62 336.06
-362.0 9.591905 0.05978 2.48 114.61 335.19
-363.0 9.591313 0.05857 2.48 114.61 334.79
-364.0 9.589525 0.056955 2.48 114.61 334.69
-365.0 9.587605 0.05562 2.48 114.61 334.94
-366.0 9.582152 0.054894 2.48 114.62 335.75
-367.0 9.574103 0.054827 2.48 114.62 336.79
-368.0 9.563935 0.055357 2.48 114.63 337.82
-369.0 9.553769 0.056216 2.48 114.63 338.53
-370.0 9.543921 0.057264 2.49 114.63 338.83
-371.0 9.534942 0.058284 2.49 114.63 338.74
-372.0 9.528461 0.058987 2.49 114.63 338.3
-373.0 9.524317 0.059302 2.49 114.63 337.66
-374.0 9.524846 0.058988 2.48 114.65 337.13
-375.0 9.529749 0.058184 2.48 114.67 336.93
-376.0 9.538805 0.057189 2.48 114.68 337.35
-377.0 9.550655 0.056358 2.48 114.69 338.35
-378.0 9.562305 0.056048 2.48 114.68 339.57
-379.0 9.573064 0.05629 2.48 114.67 340.73
-380.0 9.580724 0.056942 2.48 114.66 341.41
-381.0 9.584609 0.057854 2.48 114.66 341.44
-382.0 9.58463 0.058814 2.48 114.66 340.74
-383.0 9.582643 0.059831 2.48 114.66 339.38
-384.0 9.585533 0.061056 2.48 114.66 338.02
-385.0 9.58769 0.061767 2.48 114.66 336.84
-386.0 9.584257 0.061608 2.48 114.66 335.86
-387.0 9.575039 0.060688 2.48 114.65 335.29
-388.0 9.562152 0.059386 2.48 114.65 335.29
-389.0 9.549378 0.058253 2.48 114.64 335.84
-390.0 9.537652 0.057505 2.48 114.65 336.75
-391.0 9.52903 0.057274 2.48 114.66 337.66
-392.0 9.523339 0.057488 2.48 114.68 338.38
-393.0 9.520388 0.057928 2.48 114.69 338.76
-394.0 9.521046 0.05846 2.49 114.7 338.68
-395.0 9.524152 0.058877 2.49 114.71 338.25
-396.0 9.531056 0.058942 2.49 114.71 337.44
-397.0 9.540681 0.058571 2.48 114.7 336.46
-398.0 9.552456 0.057663 2.48 114.7 335.57
-399.0 9.564893 0.05639 2.48 114.7 335.05
-400.0 9.574636 0.055203 2.48 114.7 335.2
-401.0 9.580661 0.054444 2.48 114.7 335.99
-402.0 9.581948 0.054431 2.48 114.7 337.22
-403.0 9.582186 0.0549 2.48 114.7 338.67
-404.0 9.583677 0.055474 2.48 114.7 339.89
-405.0 9.582436 0.056281 2.48 114.7 340.49
-406.0 9.578191 0.057146 2.48 114.69 340.49
-407.0 9.570028 0.057925 2.48 114.69 339.86
-408.0 9.559472 0.058422 2.48 114.69 338.82
-409.0 9.547569 0.058444 2.48 114.71 337.59
-410.0 9.535513 0.057996 2.48 114.72 336.43
-411.0 9.526469 0.057241 2.48 114.74 335.76
-412.0 9.521049 0.056453 2.48 114.74 335.67
-413.0 9.520674 0.056035 2.48 114.74 336.11
-414.0 9.524496 0.056101 2.48 114.74 336.82
-415.0 9.531039 0.056614 2.48 114.74 337.42
-416.0 9.540367 0.057519 2.48 114.75 337.76
-417.0 9.550352 0.058511 2.48 114.76 337.72
-418.0 9.561647 0.059521 2.48 114.76 337.26
-419.0 9.572706 0.060304 2.48 114.77 336.51
-420.0 9.582597 0.060654 2.48 114.76 335.53
-421.0 9.590131 0.060453 2.48 114.75 334.57
-422.0 9.592349 0.059543 2.48 114.74 334.0
-423.0 9.591118 0.058074 2.48 114.74 333.88
-424.0 9.589526 0.056571 2.48 114.75 334.1
-425.0 9.586279 0.055562 2.48 114.75 334.73
-426.0 9.579876 0.05527 2.48 114.75 335.68
-427.0 9.570502 0.055632 2.48 114.76 336.73
-428.0 9.560703 0.056397 2.48 114.76 337.51
-429.0 9.550294 0.05746 2.48 114.76 337.92
-430.0 9.540721 0.058528 2.48 114.76 337.93
-431.0 9.532745 0.059397 2.48 114.75 337.56
-432.0 9.526784 0.059921 2.48 114.76 336.95
-433.0 9.525024 0.059842 2.48 114.77 336.34
-434.0 9.527357 0.059247 2.48 114.79 335.96
-435.0 9.534572 0.058321 2.48 114.81 336.17
-436.0 9.545247 0.057429 2.48 114.82 336.97
-437.0 9.556863 0.056986 2.48 114.82 338.12
-438.0 9.568548 0.057064 2.48 114.81 339.36
-439.0 9.577565 0.057608 2.48 114.79 340.21
-440.0 9.58389 0.05846 2.48 114.79 340.53
-441.0 9.585997 0.059346 2.48 114.78 340.15
-442.0 9.584121 0.060168 2.48 114.79 339.01
-443.0 9.583924 0.061125 2.48 114.79 337.48
-444.0 9.586915 0.062017 2.48 114.79 336.06
-445.0 9.587164 0.062256 2.48 114.79 334.92
-446.0 9.580694 0.061603 2.48 114.78 334.17
-447.0 9.569428 0.060415 2.48 114.77 333.96
-448.0 9.556715 0.059224 2.48 114.77 334.37
-449.0 9.544003 0.058311 2.48 114.77 335.22
-450.0 9.53411 0.057937 2.48 114.78 336.17
-451.0 9.526492 0.058017 2.48 114.8 337.04
-452.0 9.521966 0.0584 2.48 114.81 337.58
-453.0 9.520628 0.058945 2.48 114.82 337.7
-454.0 9.521901 0.059427 2.48 114.83 337.45
-455.0 9.527052 0.059627 2.48 114.83 336.79
-456.0 9.534967 0.059435 2.48 114.83 335.91
-457.0 9.545972 0.05867 2.48 114.82 335.0
-458.0 9.558403 0.057478 2.48 114.82 334.36
-459.0 9.569505 0.056199 2.48 114.82 334.31
-460.0 9.577858 0.055205 2.48 114.83 334.88
-461.0 9.581002 0.054963 2.48 114.83 335.94
-462.0 9.581459 0.055364 2.48 114.83 337.28
-463.0 9.58266 0.056028 2.48 114.83 338.58
-464.0 9.58335 0.056823 2.48 114.83 339.47
-465.0 9.581299 0.057678 2.48 114.83 339.74
-466.0 9.574853 0.058512 2.48 114.82 339.32
-467.0 9.565689 0.059103 2.48 114.82 338.45
-468.0 9.554074 0.059246 2.48 114.83 337.26
-469.0 9.541601 0.058921 2.48 114.85 336.04
-470.0 9.530978 0.058189 2.48 114.86 335.2
-471.0 9.523165 0.057321 2.48 114.87 334.87
-472.0 9.520532 0.056735 2.48 114.87 335.16
-473.0 9.521943 0.056574 2.48 114.87 335.77
-474.0 9.52695 0.056922 2.48 114.87 336.39
-475.0 9.534868 0.057685 2.48 114.88 336.82
-476.0 9.543981 0.05861 2.48 114.89 336.88
-477.0 9.554953 0.059633 2.48 114.9 336.54
-478.0 9.565932 0.060476 2.48 114.9 335.87
-479.0 9.576888 0.060989 2.48 114.9 334.91
-480.0 9.586186 0.061019 2.48 114.89 333.9
-481.0 9.591258 0.060377 2.48 114.88 333.15
-482.0 9.591891 0.059156 2.48 114.87 332.89
-483.0 9.589847 0.057627 2.48 114.87 333.15
-484.0 9.588127 0.056357 2.48 114.88 333.67
-485.0 9.583436 0.055798 2.48 114.88 334.54
-486.0 9.57541 0.055936 2.48 114.88 335.58
-487.0 9.566222 0.056569 2.48 114.88 336.42
-488.0 9.555772 0.057588 2.48 114.88 336.95
-489.0 9.54598 0.058661 2.48 114.88 337.07
-490.0 9.536926 0.05965 2.48 114.88 336.78
-491.0 9.529617 0.060338 2.48 114.88 336.22
-492.0 9.525811 0.060476 2.48 114.89 335.55
-493.0 9.525696 0.060102 2.48 114.91 335.04
-494.0 9.530901 0.059269 2.48 114.93 335.04
-495.0 9.539926 0.058364 2.48 114.94 335.62
-496.0 9.551229 0.057792 2.48 114.94 336.68
-497.0 9.563291 0.057709 2.48 114.94 337.94
-498.0 9.573467 0.058134 2.48 114.92 338.92
-499.0 9.581819 0.058919 2.48 114.91 339.5
-500.0 9.586145 0.059771 2.48 114.91 339.42
-501.0 9.586339 0.060547 2.48 114.91 338.62
-502.0 9.584183 0.061193 2.48 114.91 337.19
-503.0 9.584959 0.061932 2.48 114.91 335.53
-504.0 9.587684 0.062454 2.48 114.91 334.16
-505.0 9.584311 0.062098 2.48 114.91 333.2
-506.0 9.575377 0.061092 2.48 114.9 332.77
-507.0 9.563213 0.059877 2.48 114.89 332.99
-508.0 9.550137 0.058839 2.48 114.89 333.74
-509.0 9.53917 0.058312 2.48 114.9 334.71
-510.0 9.529936 0.058248 2.48 114.92 335.68
-511.0 9.524011 0.058556 2.48 114.93 336.35
-512.0 9.520777 0.059094 2.48 114.95 336.67
-513.0 9.52045 0.059615 2.48 114.95 336.58
-514.0 9.523809 0.059943 2.48 114.96 336.06
-515.0 9.530025 0.059911 2.48 114.95 335.29
-516.0 9.539979 0.059311 2.48 114.95 334.38
-517.0 9.551886 0.058244 2.48 114.95 333.65
-518.0 9.563905 0.056924 2.48 114.95 333.41
-519.0 9.574066 0.055753 2.48 114.95 333.77
-520.0 9.579425 0.055245 2.48 114.95 334.67
-521.0 9.581113 0.055449 2.48 114.95 335.87
-522.0 9.581358 0.056192 2.48 114.96 337.13
-523.0 9.583045 0.057041 2.48 114.97 338.22
-524.0 9.583044 0.057909 2.48 114.96 338.76
-525.0 9.578681 0.058799 2.48 114.96 338.58
-526.0 9.571167 0.059471 2.48 114.96 337.9
-527.0 9.560234 0.05975 2.48 114.96 336.78
-528.0 9.54784 0.059555 2.48 114.98 335.55
-529.0 9.535904 0.05888 2.48 114.99 334.56
-530.0 9.525986 0.05797 2.48 115.0 334.0
-531.0 9.520922 0.057227 2.48 115.0 334.09
-532.0 9.519739 0.056839 2.48 115.0 334.57
-533.0 9.52303 0.05701 2.48 115.0 335.18
-534.0 9.529262 0.057602 2.48 115.01 335.67
-535.0 9.537507 0.058456 2.48 115.02 335.83
-536.0 9.547847 0.059465 2.48 115.03 335.6
-537.0 9.558595 0.060349 2.48 115.04 335.03
-538.0 9.570174 0.061001 2.48 115.04 334.11
-539.0 9.580674 0.061219 2.48 115.03 333.08
-540.0 9.588323 0.060826 2.48 115.02 332.16
-541.0 9.591695 0.059864 2.48 115.01 331.67
-542.0 9.59011 0.058459 2.48 115.0 331.88
-543.0 9.588893 0.057027 2.48 115.01 332.37
-544.0 9.58582 0.05619 2.48 115.01 333.17
-545.0 9.579616 0.056056 2.48 115.01 334.17
-546.0 9.571194 0.05654 2.48 115.01 335.07
-547.0 9.561067 0.057471 2.48 115.01 335.71
-548.0 9.551139 0.058539 2.48 115.01 335.93
-549.0 9.541225 0.059626 2.48 115.0 335.74
-550.0 9.532779 0.060459 2.48 115.0 335.24
-551.0 9.527001 0.060821 2.48 115.01 334.55
-552.0 9.524503 0.06068 2.48 115.03 333.92
-553.0 9.527398 0.059988 2.48 115.05 333.72
-554.0 9.534299 0.05912 2.48 115.07 334.05
-555.0 9.544839 0.058444 2.48 115.07 334.98
-556.0 9.556655 0.058205 2.48 115.07 336.19
-557.0 9.567745 0.058508 2.48 115.05 337.29
-558.0 9.577612 0.059205 2.48 115.04 338.07
-559.0 9.584059 0.060053 2.48 115.04 338.25
-560.0 9.587054 0.060873 2.48 115.04 337.81
-561.0 9.585742 0.061421 2.48 115.04 336.69
-562.0 9.583716 0.061853 2.48 115.04 335.02
-563.0 9.586389 0.062405 2.48 115.04 333.39
-564.0 9.586154 0.062351 2.48 115.04 332.17
-565.0 9.580313 0.061598 2.48 115.03 331.5
-566.0 9.569299 0.060414 2.48 115.02 331.52
-567.0 9.556543 0.059298 2.48 115.02 332.12
-568.0 9.544599 0.058617 2.48 115.03 333.08
-569.0 9.534053 0.058399 2.48 115.04 334.13
-570.0 9.526595 0.058621 2.48 115.06 334.94
-571.0 9.521461 0.059126 2.48 115.07 335.45
-572.0 9.519391 0.05968 2.48 115.08 335.54
-573.0 9.52071 0.060125 2.48 115.08 335.2
-574.0 9.524953 0.060253 2.48 115.08 334.57
-575.0 9.533382 0.059838 2.48 115.08 333.71
-576.0 9.544138 0.058937 2.48 115.08 332.94
-577.0 9.556594 0.05762 2.48 115.08 332.56
-578.0 9.567972 0.056334 2.48 115.09 332.74
-579.0 9.575746 0.055545 2.48 115.09 333.5
-580.0 9.579533 0.055461 2.48 115.09 334.59
-581.0 9.579735 0.056141 2.48 115.09 335.75
-582.0 9.581279 0.057081 2.48 115.1 336.92
-583.0 9.583035 0.058008 2.48 115.1 337.71
-584.0 9.581186 0.05895 2.48 115.1 337.83
-585.0 9.575798 0.0597 2.48 115.09 337.37
-586.0 9.5661 0.06011 2.48 115.1 336.37
-587.0 9.554471 0.060053 2.48 115.11 335.2
-588.0 9.541683 0.059455 2.48 115.12 334.08
-589.0 9.530289 0.058548 2.48 115.13 333.35
-590.0 9.522724 0.057655 2.48 115.14 333.23
-591.0 9.519011 0.057058 2.48 115.14 333.57
-592.0 9.520127 0.057012 2.48 115.14 334.16
-593.0 9.524342 0.057404 2.48 115.14 334.7
-594.0 9.531272 0.058144 2.48 115.15 334.94
-595.0 9.540515 0.059091 2.48 115.16 334.84
-596.0 9.5506 0.059972 2.48 115.17 334.37
-597.0 9.562305 0.06072 2.48 115.18 333.51
-598.0 9.573334 0.061071 2.48 115.17 332.49
-599.0 9.583136 0.060892 2.48 115.16 331.44
-600.0 9.589163 0.060158 2.48 115.14 330.73
-601.0 9.589743 0.058931 2.48 115.14 330.72
-602.0 9.588488 0.057498 2.48 115.14 331.21
-603.0 9.586677 0.056399 2.48 115.14 331.98
-604.0 9.582613 0.055965 2.48 115.14 332.93
-605.0 9.57551 0.056243 2.48 115.14 333.86
-606.0 9.566203 0.057036 2.48 115.14 334.59
-607.0 9.556545 0.058055 2.48 115.14 334.91
-608.0 9.546114 0.059201 2.48 115.13 334.82
-609.0 9.536948 0.06013 2.48 115.13 334.38
-610.0 9.529294 0.060709 2.48 115.14 333.67
-611.0 9.524712 0.060782 2.48 115.16 332.95
-612.0 9.524929 0.060276 2.48 115.18 332.53
-613.0 9.529472 0.059489 2.48 115.2 332.62
-614.0 9.538558 0.058745 2.48 115.2 333.37
-615.0 9.549635 0.05837 2.48 115.2 334.48
-616.0 9.561125 0.058539 2.48 115.19 335.64
-617.0 9.572013 0.059133 2.48 115.18 336.58
-618.0 9.58012 0.059962 2.48 115.17 336.98
-619.0 9.585765 0.060844 2.48 115.17 336.85
-620.0 9.586627 0.061433 2.48 115.17 336.06
-621.0 9.584192 0.061712 2.48 115.17 334.63
-622.0 9.583887 0.061968 2.47 115.17 332.87
-623.0 9.585579 0.062085 2.47 115.18 331.33
-624.0 9.58312 0.061602 2.47 115.18 330.37
-625.0 9.574283 0.060529 2.47 115.17 330.13
-626.0 9.562554 0.059388 2.47 115.16 330.53
-627.0 9.550242 0.058575 2.47 115.17 331.43
-628.0 9.53879 0.058206 2.47 115.18 332.51
-629.0 9.530054 0.058333 2.47 115.19 333.44
-630.0 9.523157 0.058783 2.48 115.21 334.14
-631.0 9.519569 0.059356 2.48 115.22 334.39
-632.0 9.518749 0.059906 2.48 115.22 334.24
-633.0 9.521203 0.060174 2.48 115.22 333.73
-634.0 9.527692 0.059971 2.48 115.22 332.95
-635.0 9.537059 0.059254 2.47 115.22 332.17
-636.0 9.549212 0.058017 2.47 115.22 331.66
-637.0 9.561236 0.05668 2.47 115.23 331.67
-638.0 9.570957 0.055662 2.47 115.23 332.29
-639.0 9.577014 0.055277 2.47 115.23 333.27
-640.0 9.578266 0.055757 2.47 115.23 334.35
-641.0 9.579083 0.056731 2.47 115.24 335.46
-642.0 9.5812 0.057801 2.47 115.25 336.39
-643.0 9.58196 0.058821 2.47 115.25 336.82
-644.0 9.5788 0.059668 2.47 115.24 336.6
-645.0 9.570996 0.060221 2.47 115.24 335.78
-646.0 9.560469 0.060312 2.47 115.25 334.68
-647.0 9.547547 0.059836 2.47 115.27 333.5
-648.0 9.535145 0.058972 2.47 115.27 332.61
-649.0 9.525403 0.057974 2.47 115.28 332.29
-650.0 9.519275 0.057193 2.47 115.28 332.47
-651.0 9.518181 0.056932 2.47 115.28 333.01
-652.0 9.52023 0.05711 2.47 115.29 333.57
-653.0 9.525846 0.057734 2.47 115.3 333.91
-654.0 9.533632 0.058583 2.47 115.31 333.94
-655.0 9.543031 0.059463 2.47 115.32 333.57
-656.0 9.554247 0.060266 2.47 115.32 332.82
-657.0 9.565454 0.060733 2.47 115.32 331.84
-658.0 9.576604 0.060739 2.47 115.31 330.71
-659.0 9.584843 0.06021 2.47 115.3 329.82
-660.0 9.588308 0.059163 2.47 115.29 329.52
-661.0 9.587728 0.057853 2.47 115.29 329.9
-662.0 9.586051 0.056611 2.47 115.29 330.73
-663.0 9.583908 0.055881 2.47 115.29 331.65
-664.0 9.5782 0.05593 2.47 115.29 332.63
-665.0 9.570083 0.056544 2.47 115.29 333.44
-666.0 9.560682 0.057512 2.47 115.28 333.88
-667.0 9.550176 0.058668 2.47 115.28 333.91
-668.0 9.540458 0.059679 2.47 115.27 333.56
-669.0 9.531441 0.060435 2.47 115.28 332.87
-670.0 9.52513 0.060707 2.47 115.29 332.12
-671.0 9.522867 0.060398 2.47 115.31 331.53
-672.0 9.525012 0.059725 2.47 115.33 331.39
-673.0 9.53236 0.058943 2.47 115.34 331.93
-674.0 9.542275 0.05846 2.47 115.34 332.91
-675.0 9.553938 0.058486 2.47 115.34 334.11
-676.0 9.565318 0.058964 2.47 115.33 335.15
-677.0 9.574953 0.059766 2.47 115.32 335.75
-678.0 9.582708 0.060684 2.47 115.31 335.88
-679.0 9.586235 0.061384 2.47 115.31 335.4
-680.0 9.585873 0.061733 2.47 115.31 334.32
-681.0 9.583132 0.061692 2.47 115.32 332.72
-682.0 9.583783 0.061668 2.47 115.32 330.95
-683.0 9.584186 0.061383 2.47 115.33 329.66
-684.0 9.578087 0.060456 2.47 115.32 329.12
-685.0 9.568008 0.059338 2.47 115.31 329.29
-686.0 9.555657 0.058399 2.47 115.31 330.09
-687.0 9.543753 0.057893 2.47 115.32 331.16
-688.0 9.533735 0.057902 2.47 115.34 332.2
-689.0 9.525396 0.058279 2.47 115.35 333.05
-690.0 9.520254 0.058854 2.47 115.36 333.46
-691.0 9.517452 0.059478 2.47 115.37 333.5
-692.0 9.518139 0.059865 2.47 115.37 333.13
-693.0 9.522571 0.059862 2.47 115.37 332.44
-694.0 9.530347 0.059331 2.47 115.37 331.69
-695.0 9.54176 0.058213 2.47 115.37 331.08
-696.0 9.553938 0.056877 2.47 115.38 330.94
-697.0 9.565366 0.055658 2.47 115.38 331.4
-698.0 9.573544 0.054999 2.47 115.38 332.29
-699.0 9.577 0.055171 2.47 115.38 333.33
-700.0 9.577794 0.056029 2.47 115.38 334.33
-701.0 9.578939 0.057246 2.47 115.4 335.23
-702.0 9.581527 0.0584 2.47 115.4 335.91
-703.0 9.580795 0.059365 2.47 115.4 335.94
-704.0 9.575354 0.060069 2.47 115.4 335.33
-705.0 9.566366 0.060308 2.47 115.41 334.34
-706.0 9.553896 0.059978 2.47 115.42 333.14
-707.0 9.541058 0.059187 2.47 115.43 332.15
-708.0 9.529352 0.058117 2.47 115.43 331.62
-709.0 9.521008 0.057178 2.47 115.43 331.64
-710.0 9.517317 0.056677 2.47 115.44 332.09
-711.0 9.517045 0.056628 2.47 115.44 332.66
-712.0 9.520879 0.05709 2.47 115.45 333.08
-713.0 9.526921 0.057809 2.47 115.46 333.23
-714.0 9.53538 0.058655 2.47 115.47 332.96
-715.0 9.545748 0.059477 2.47 115.48 332.32
-716.0 9.556867 0.060023 2.47 115.48 331.38
-717.0 9.568834 0.06019 2.47 115.47 330.21
-718.0 9.578787 0.05983 2.47 115.46 329.18
-719.0 9.585337 0.058949 2.47 115.45 328.57
-720.0 9.586754 0.057781 2.47 115.44 328.72
-721.0 9.585145 0.056538 2.47 115.44 329.54
-722.0 9.584202 0.055573 2.47 115.44 330.49
-723.0 9.580296 0.055349 2.47 115.44 331.52
-724.0 9.573838 0.055738 2.47 115.44 332.41
-725.0 9.565074 0.056614 2.47 115.44 332.95
-726.0 9.554933 0.057733 2.47 115.43 333.11
-727.0 9.544874 0.058802 2.47 115.43 332.84
-728.0 9.534793 0.059707 2.47 115.43 332.19
-729.0 9.526948 0.060156 2.47 115.44 331.39
-730.0 9.522136 0.060071 2.47 115.46 330.64
-731.0 9.521757 0.059538 2.47 115.48 330.29
-732.0 9.526718 0.058772 2.47 115.49 330.58
-733.0 9.534989 0.058206 2.47 115.5 331.38
-734.0 9.546176 0.058091 2.47 115.49 332.55
-735.0 9.557521 0.05844 2.47 115.48 333.65
-736.0 9.568273 0.059197 2.47 115.47 334.42
-737.0 9.577556 0.060123 2.47 115.47 334.77
-738.0 9.583558 0.060947 2.47 115.47 334.53
-739.0 9.586261 0.061484 2.47 115.47 333.78
-740.0 9.58416 0.06144 2.47 115.47 332.49
-741.0 9.582307 0.061132 2.47 115.48 330.75
-742.0 9.583616 0.060838 2.47 115.49 329.16
-743.0 9.580848 0.060086 2.47 115.48 328.25
-744.0 9.573196 0.059042 2.47 115.48 328.14
-745.0 9.561581 0.058022 2.47 115.48 328.78
-746.0 9.549737 0.057397 2.47 115.48 329.79
-747.0 9.538629 0.057286 2.47 115.5 330.93
-748.0 9.529129 0.057577 2.47 115.51 331.91
-749.0 9.522363 0.058153 2.47 115.52 332.5
-750.0 9.517653 0.058831 2.47 115.53 332.73
-751.0 9.516447 0.059343 2.47 115.53 332.51
-752.0 9.51855 0.059545 2.47 115.53 331.94
-753.0 9.524379 0.059225 2.47 115.53 331.23
-754.0 9.534274 0.058297 2.47 115.53 330.57
-755.0 9.545865 0.057037 2.47 115.54 330.31
-756.0 9.558212 0.055705 2.47 115.55 330.63
-757.0 9.567951 0.05484 2.47 115.55 331.42
-758.0 9.573907 0.054699 2.47 115.54 332.47
-759.0 9.575938 0.055318 2.47 115.54 333.43
-760.0 9.576053 0.056567 2.47 115.55 334.21
-761.0 9.57898 0.0579 2.47 115.57 334.98
-762.0 9.580746 0.05905 2.47 115.57 335.28
-763.0 9.578372 0.059927 2.47 115.57 334.95
-764.0 9.571576 0.060339 2.47 115.57 334.13
-765.0 9.560442 0.060186 2.47 115.58 332.97
-766.0 9.547875 0.059506 2.47 115.59 331.94
-767.0 9.534812 0.058412 2.47 115.59 331.24
-768.0 9.524649 0.057357 2.47 115.59 331.1
-769.0 9.518269 0.056615 2.47 115.59 331.46
-770.0 9.515716 0.056348 2.47 115.6 332.01
-771.0 9.517372 0.056614 2.47 115.61 332.52
-772.0 9.521477 0.057181 2.47 115.62 332.78
-773.0 9.528564 0.057963 2.47 115.63 332.64
-774.0 9.537605 0.05876 2.47 115.64 332.14
-775.0 9.548138 0.059355 2.47 115.64 331.28
-776.0 9.560172 0.059637 2.47 115.64 330.13
-777.0 9.571135 0.059416 2.47 115.62 329.01
-778.0 9.580283 0.058676 2.47 115.61 328.14
-779.0 9.584324 0.057625 2.47 115.6 327.99
-780.0 9.583902 0.056448 2.47 115.6 328.66
-781.0 9.583049 0.055398 2.47 115.6 329.7
-782.0 9.580978 0.054888 2.47 115.6 330.8
-783.0 9.57649 0.055025 2.47 115.6 331.76
-784.0 9.568895 0.055756 2.47 115.6 332.43
-785.0 9.559606 0.056789 2.47 115.59 332.71
-786.0 9.549626 0.057871 2.47 115.59 332.52
-787.0 9.539031 0.058869 2.47 115.59 331.93
-788.0 9.53011 0.059454 2.47 115.6 331.12
-789.0 9.523067 0.059572 2.47 115.61 330.24
-790.0 9.520356 0.059179 2.47 115.64 329.69
-791.0 9.522512 0.058464 2.47 115.65 329.7
-792.0 9.528831 0.057841 2.47 115.66 330.3
-793.0 9.538807 0.057585 2.47 115.66 331.37
-794.0 9.549688 0.057807 2.47 115.65 332.48
-795.0 9.560998 0.058488 2.47 115.64 333.39
-796.0 9.571265 0.059394 2.47 115.64 333.89
-797.0 9.579248 0.060311 2.47 115.64 333.87
-798.0 9.584788 0.061037 2.47 115.64 333.38
-799.0 9.585269 0.061188 2.47 115.64 332.39
-800.0 9.582861 0.060803 2.47 115.64 330.94
-801.0 9.58202 0.060217 2.47 115.65 329.26
-802.0 9.581877 0.059532 2.46 115.66 327.96
-803.0 9.576995 0.058558 2.47 115.65 327.52
-804.0 9.567037 0.057492 2.47 115.65 327.93
-805.0 9.555719 0.056762 2.47 115.65 328.84
-806.0 9.544081 0.056522 2.47 115.66 330.01
-807.0 9.533787 0.056721 2.47 115.68 331.09
-808.0 9.525666 0.057275 2.47 115.69 331.83
-809.0 9.519312 0.057983 2.47 115.7 332.24
-810.0 9.516388 0.058597 2.47 115.7 332.16
-811.0 9.516166 0.058989 2.47 115.7 331.74
-812.0 9.520097 0.058863 2.47 115.7 331.07
-813.0 9.527986 0.058163 2.47 115.7 330.38
-814.0 9.538711 0.057004 2.46 115.71 330.02
-815.0 9.551273 0.055633 2.46 115.72 330.19
-816.0 9.562279 0.054594 2.46 115.72 330.89
-817.0 9.570543 0.054163 2.46 115.72 331.94
-818.0 9.574618 0.054489 2.46 115.71 332.92
-819.0 9.574893 0.055579 2.46 115.72 333.62
-820.0 9.576451 0.057026 2.46 115.73 334.25
-821.0 9.579379 0.058418 2.46 115.74 334.67
-822.0 9.58024 0.059511 2.46 115.74 334.63
-823.0 9.575904 0.060124 2.46 115.74 333.97
-824.0 9.566873 0.060183 2.46 115.75 332.93
-825.0 9.55498 0.059637 2.47 115.76 331.86
-826.0 9.54135 0.058585 2.47 115.76 331.03
-827.0 9.529617 0.057441 2.47 115.76 330.74
-828.0 9.520771 0.056489 2.47 115.76 330.97
-829.0 9.515918 0.056004 2.47 115.77 331.5
-830.0 9.5153 0.056063 2.47 115.77 332.07
-831.0 9.517396 0.056468 2.47 115.79 332.44
-832.0 9.523048 0.057178 2.47 115.8 332.43
-833.0 9.530522 0.057928 2.47 115.81 332.07
-834.0 9.540395 0.058567 2.47 115.82 331.29
-835.0 9.551868 0.058941 2.47 115.81 330.21
-836.0 9.563479 0.058846 2.47 115.8 329.03
-837.0 9.574378 0.058248 2.46 115.79 327.98
-838.0 9.581113 0.057286 2.46 115.78 327.53
-839.0 9.583063 0.056173 2.46 115.78 327.9
-840.0 9.582107 0.055172 2.46 115.78 328.94
-841.0 9.581007 0.054472 2.46 115.78 330.17
-842.0 9.578534 0.054351 2.46 115.78 331.23
-843.0 9.57233 0.054915 2.46 115.77 332.02
-844.0 9.564229 0.055831 2.47 115.77 332.43
-845.0 9.554353 0.056931 2.47 115.76 332.34
-846.0 9.543647 0.057987 2.47 115.76 331.84
-847.0 9.533641 0.058717 2.47 115.76 331.02
-848.0 9.52474 0.059033 2.47 115.78 330.05
-849.0 9.519646 0.058811 2.47 115.8 329.32
-850.0 9.51893 0.058195 2.47 115.82 329.05
-851.0 9.523018 0.057557 2.47 115.83 329.43
-852.0 9.531447 0.057185 2.47 115.83 330.37
-853.0 9.541569 0.057288 2.47 115.82 331.45
-854.0 9.553216 0.057886 2.46 115.81 332.47
-855.0 9.564023 0.058753 2.46 115.81 333.1
-856.0 9.57378 0.059752 2.46 115.81 333.27
-857.0 9.581484 0.060622 2.46 115.81 332.99
-858.0 9.585188 0.061046 2.46 115.81 332.24
-859.0 9.584954 0.060873 2.46 115.81 331.1
-860.0 9.582031 0.060082 2.46 115.82 329.65
-861.0 9.58202 0.059239 2.46 115.83 328.14
-862.0 9.579925 0.058292 2.46 115.83 327.33
-863.0 9.572276 0.057201 2.46 115.82 327.44
-864.0 9.562003 0.056382 2.46 115.83 328.2
-865.0 9.550125 0.056007 2.46 115.83 329.38
-866.0 9.539362 0.056112 2.46 115.85 330.51
-867.0 9.529855 0.056631 2.46 115.86 331.43
-868.0 9.522187 0.057346 2.46 115.87 331.98
-869.0 9.517414 0.058058 2.46 115.87 332.06
-870.0 9.515079 0.058608 2.46 115.87 331.78
-871.0 9.516903 0.058682 2.46 115.87 331.2
-872.0 9.522552 0.058221 2.46 115.88 330.51
-873.0 9.53192 0.057208 2.46 115.88 330.08
-874.0 9.544098 0.055858 2.46 115.9 330.11
-875.0 9.555867 0.054701 2.46 115.9 330.71
-876.0 9.566209 0.054007 2.46 115.9 331.75
-877.0 9.572487 0.054057 2.46 115.89 332.78
-878.0 9.574707 0.054857 2.46 115.89 333.54
-879.0 9.57508 0.056223 2.46 115.9 333.98
-880.0 9.577348 0.057818 2.46 115.92 334.31
-881.0 9.580795 0.059175 2.46 115.92 334.46
-882.0 9.579512 0.060036 2.46 115.92 334.02
-883.0 9.573185 0.060332 2.46 115.93 333.12
-884.0 9.562652 0.059955 2.46 115.93 332.08
-885.0 9.549167 0.058993 2.46 115.93 331.15
-886.0 9.536382 0.057803 2.46 115.93 330.73
-887.0 9.525253 0.05666 2.46 115.93 330.84
-888.0 9.518218 0.055972 2.46 115.93 331.32
-889.0 9.51496 0.055789 2.46 115.94 331.95
-890.0 9.515004 0.056028 2.46 115.96 332.42
-891.0 9.518672 0.05662 2.46 115.97 332.56
-892.0 9.52438 0.0573 2.46 115.99 332.36
-893.0 9.533059 0.057942 2.46 115.99 331.69
-894.0 9.543514 0.058369 2.46 115.99 330.71
-895.0 9.555212 0.058365 2.46 115.98 329.53
-896.0 9.567195 0.057887 2.46 115.97 328.35
-897.0 9.576245 0.056985 2.46 115.96 327.64
-898.0 9.581329 0.055886 2.46 115.95 327.65
-899.0 9.581353 0.054947 2.46 115.95 328.54
-900.0 9.580564 0.054189 2.46 115.95 329.86
-901.0 9.579693 0.053853 2.46 115.95 331.06
-902.0 9.575493 0.054195 2.46 115.95 332.0
-903.0 9.568949 0.054963 2.46 115.94 332.54
-904.0 9.559766 0.056024 2.46 115.93 332.57
-905.0 9.549452 0.05709 2.46 115.93 332.16
-906.0 9.538855 0.057916 2.46 115.93 331.36
-907.0 9.52862 0.058391 2.46 115.95 330.34
-908.0 9.521441 0.058315 2.46 115.97 329.45
-909.0 9.517783 0.057818 2.46 115.99 328.91
-910.0 9.51939 0.057173 2.46 116.0 329.04
-911.0 9.525505 0.056701 2.46 116.0 329.77
-912.0 9.534432 0.056679 2.46 116.0 330.78
-913.0 9.545599 0.057161 2.46 115.99 331.84
-914.0 9.55649 0.057965 2.46 115.99 332.57
-915.0 9.567326 0.058999 2.46 115.98 332.89
-916.0 9.576515 0.059964 2.46 115.99 332.76
-917.0 9.582986 0.060629 2.46 115.99 332.18
-918.0 9.585975 0.060777 2.46 115.99 331.27
-919.0 9.583884 0.060116 2.46 115.99 330.1
-920.0 9.582218 0.059063 2.46 116.0 328.68
-921.0 9.581638 0.057999 2.46 116.01 327.57
-922.0 9.577083 0.056891 2.46 116.0 327.31
-923.0 9.568511 0.055989 2.46 116.0 327.86
-924.0 9.55725 0.055491 2.46 116.01 328.96
-925.0 9.546404 0.055499 2.46 116.02 330.12
-926.0 9.535921 0.055971 2.46 116.03 331.15
-927.0 9.527213 0.056683 2.46 116.04 331.83
-928.0 9.520704 0.057488 2.46 116.04 332.07
-929.0 9.516419 0.058176 2.46 116.04 331.93
-930.0 9.516059 0.058457 2.46 116.05 331.42
-931.0 9.519198 0.058254 2.46 116.05 330.78
-932.0 9.526783 0.057428 2.46 116.06 330.27
-933.0 9.537716 0.056187 2.46 116.07 330.17
-934.0 9.549652 0.054968 2.46 116.08 330.65
-935.0 9.561256 0.054088 2.46 116.08 331.64
-936.0 9.569417 0.053904 2.46 116.07 332.71
-937.0 9.574042 0.054419 2.46 116.06 333.6
-938.0 9.574757 0.055556 2.46 116.07 333.99
-939.0 9.575079 0.057178 2.46 116.08 334.08
-940.0 9.579006 0.0588 2.46 116.09 334.2
-941.0 9.580809 0.059994 2.46 116.09 333.93
-942.0 9.57794 0.060595 2.46 116.1 333.21
-943.0 9.569594 0.060459 2.46 116.1 332.22
-944.0 9.557399 0.059674 2.46 116.1 331.27
-945.0 9.544276 0.058502 2.46 116.1 330.73
-946.0 9.531618 0.057241 2.46 116.1 330.71
-947.0 9.52263 0.056369 2.46 116.1 331.15
-948.0 9.516831 0.055953 2.46 116.11 331.81
-949.0 9.514851 0.056026 2.46 116.12 332.37
-950.0 9.516314 0.056486 2.46 116.14 332.68
-951.0 9.520184 0.057087 2.46 116.15 332.63
-952.0 9.527309 0.057728 2.46 116.16 332.12
-953.0 9.536322 0.058187 2.46 116.16 331.28
-954.0 9.547542 0.058274 2.46 116.15 330.15
-955.0 9.5597 0.057909 2.46 116.14 328.94
-956.0 9.570392 0.057074 2.46 116.13 328.05
-957.0 9.578254 0.055975 2.46 116.13 327.73
-958.0 9.580434 0.055031 2.46 116.13 328.34
-959.0 9.579969 0.054304 2.46 116.13 329.61
-960.0 9.579648 0.053881 2.46 116.13 330.98
-961.0 9.577584 0.053993 2.46 116.12 332.1
-962.0 9.572848 0.054595 2.46 116.12 332.79
-963.0 9.564832 0.055583 2.46 116.11 332.96
-964.0 9.555346 0.056621 2.46 116.1 332.68
-965.0 9.544587 0.057521 2.46 116.1 331.93
-966.0 9.533661 0.05811 2.46 116.11 330.9
-967.0 9.524762 0.058174 2.46 116.13 329.89
-968.0 9.518539 0.057796 2.46 116.15 329.12
-969.0 9.517622 0.057166 2.46 116.17 329.01
-970.0 9.521132 0.056606 2.46 116.17 329.49
-971.0 9.528598 0.056464 2.46 116.17 330.41
-972.0 9.538746 0.056802 2.46 116.16 331.45
-973.0 9.549415 0.057531 2.46 116.16 332.25
-974.0 9.560747 0.058553 2.46 116.16 332.69
-975.0 9.57083 0.059568 2.46 116.16 332.7
-976.0 9.579411 0.060417 2.46 116.16 332.26
-977.0 9.585217 0.060847 2.46 116.16 331.49
-978.0 9.586055 0.060522 2.46 116.16 330.51
-979.0 9.583967 0.059509 2.46 116.17 329.37
-980.0 9.582475 0.058206 2.46 116.18 328.24
-981.0 9.580648 0.057005 2.46 116.18 327.62
-982.0 9.574135 0.055999 2.46 116.18 327.91
-983.0 9.56414 0.055364 2.46 116.18 328.86
-984.0 9.553448 0.055263 2.46 116.19 330.02
-985.0 9.542438 0.055653 2.46 116.2 331.14
-986.0 9.532982 0.056341 2.46 116.21 331.93
-987.0 9.525049 0.057202 2.46 116.21 332.3
-988.0 9.519195 0.057991 2.46 116.21 332.29
-989.0 9.516803 0.058456 2.46 116.21 331.87
-990.0 9.51754 0.058491 2.46 116.22 331.27
-991.0 9.523161 0.057865 2.46 116.23 330.72
-992.0 9.532344 0.056782 2.46 116.24 330.49
-993.0 9.544051 0.055539 2.46 116.25 330.86
-994.0 9.556285 0.054525 2.46 116.26 331.76
-995.0 9.566151 0.054133 2.46 116.25 332.87
-996.0 9.573184 0.054385 2.46 116.24 333.89
-997.0 9.575707 0.055256 2.46 116.23 334.39
-998.0 9.575399 0.056675 2.46 116.24 334.36
-999.0 9.577307 0.058378 2.46 116.26 334.2
-1000.0 9.580925 0.059904 2.46 116.26 333.95
