0.0 0.387098 0.20564 7.0 48.32 29.14
-1000.0 0.387097 0.205429 7.06 49.57 26.42
-2000.0 0.387098 0.20521 7.12 50.8 23.72
-3000.0 0.387098 0.205015 7.18 52.01 21.03
-4000.0 0.387098 0.204775 7.24 53.22 18.35
-5000.0 0.387098 0.204575 7.29 54.41 15.68
-6000.0 0.387098 0.204347 7.35 55.59 13.01
-7000.0 0.387099 0.204129 7.41 56.76 10.36
-8000.0 0.387099 0.203922 7.46 57.93 7.71
-9000.0 0.387099 0.203699 7.51 59.09 5.06
-10000.0 0.3871 0.203515 7.56 60.24 2.41
-11000.0 0.387099 0.203311 7.61 61.4 359.76
-12000.0 0.3871 0.203133 7.65 62.55 357.11
-13000.0 0.387099 0.202981 7.69 63.71 354.46
-14000.0 0.387099 0.202816 7.73 64.87 351.8
-15000.0 0.387098 0.202701 7.76 66.04 349.14
-16000.0 0.387099 0.202583 7.8 67.22 346.47
-17000.0 0.387099 0.202495 7.82 68.41 343.79
-18000.0 0.387098 0.202438 7.85 69.61 341.1
-19000.0 0.387099 0.20238 7.87 70.83 338.4
-20000.0 0.387098 0.202389 7.88 72.06 335.69
-21000.0 0.387099 0.202377 7.9 73.31 332.97
-22000.0 0.387098 0.202422 7.91 74.58 330.23
-23000.0 0.387098 0.202482 7.91 75.87 327.48
-24000.0 0.387098 0.202551 7.92 77.18 324.72
-25000.0 0.387098 0.202661 7.92 78.51 321.94
-26000.0 0.387098 0.202764 7.91 79.87 319.16
-27000.0 0.387098 0.202899 7.91 81.25 316.35
-28000.0 0.387099 0.20303 7.9 82.66 313.55
-29000.0 0.387098 0.203169 7.89 84.09 310.72
-30000.0 0.387098 0.20332 7.88 85.54 307.88
-31000.0 0.387098 0.20345 7.86 87.02 305.04
-32000.0 0.387098 0.20358 7.85 88.52 302.18
-33000.0 0.387098 0.203701 7.83 90.03 299.33
-34000.0 0.387098 0.203787 7.82 91.57 296.45
-35000.0 0.387098 0.203867 7.8 93.12 293.58
-36000.0 0.387097 0.203911 7.78 94.69 290.7
-37000.0 0.387098 0.203927 7.76 96.27 287.8
-38000.0 0.387098 0.203921 7.75 97.86 284.92
-39000.0 0.387099 0.20386 7.73 99.45 282.02
-40000.0 0.387098 0.203801 7.71 101.05 279.14
-41000.0 0.387099 0.203669 7.7 102.65 276.25
-42000.0 0.387099 0.203528 7.68 104.24 273.36
-43000.0 0.387099 0.203349 7.66 105.83 270.48
-44000.0 0.387099 0.203124 7.65 107.42 267.6
-45000.0 0.387099 0.202892 7.63 108.98 264.73
-46000.0 0.3871 0.202613 7.62 110.54 261.88
-47000.0 0.387099 0.202329 7.6 112.08 259.02
-48000.0 0.3871 0.202019 7.58 113.6 256.19
-49000.0 0.387099 0.201689 7.57 115.1 253.36
-50000.0 0.387099 0.201372 7.55 116.57 250.56
-51000.0 0.387099 0.201022 7.53 118.02 247.77
-52000.0 0.387098 0.20069 7.51 119.44 244.99
-53000.0 0.387098 0.200361 7.49 120.84 242.24
-54000.0 0.387098 0.20002 7.47 122.21 239.51
-55000.0 0.387098 0.19972 7.44 123.55 236.79
-56000.0 0.387098 0.199404 7.42 124.85 234.1
-57000.0 0.387098 0.199132 7.39 126.13 231.43
-58000.0 0.387098 0.198862 7.36 127.39 228.79
-59000.0 0.387098 0.198612 7.32 128.61 226.17
-60000.0 0.387098 0.198404 7.29 129.8 223.57
-61000.0 0.387098 0.198185 7.25 130.97 221.0
-62000.0 0.387098 0.198017 7.21 132.1 218.45
-63000.0 0.387098 0.197853 7.17 133.22 215.93
-64000.0 0.387098 0.19771 7.12 134.31 213.43
-65000.0 0.387098 0.197593 7.08 135.37 210.95
-66000.0 0.387098 0.197481 7.03 136.41 208.5
-67000.0 0.387098 0.197399 6.97 137.44 206.06
-68000.0 0.387098 0.197317 6.92 138.44 203.66
-69000.0 0.387098 0.197248 6.87 139.42 201.26
-70000.0 0.387099 0.197201 6.81 140.39 198.89
-71000.0 0.387099 0.197144 6.75 141.34 196.53
-72000.0 0.387099 0.197107 6.7 142.28 194.18
-73000.0 0.3871 0.197076 6.64 143.21 191.85
-74000.0 0.3871 0.197039 6.58 144.12 189.53
-75000.0 0.3871 0.197023 6.52 145.03 187.22
-76000.0 0.387099 0.196993 6.46 145.93 184.92
-77000.0 0.3871 0.196984 6.4 146.83 182.62
-78000.0 0.387099 0.196964 6.34 147.72 180.33
-79000.0 0.387099 0.196949 6.28 148.6 178.04
-80000.0 0.387099 0.196948 6.22 149.48 175.75
-81000.0 0.387098 0.196932 6.16 150.37 173.47
-82000.0 0.387098 0.196927 6.1 151.25 171.18
-83000.0 0.387097 0.196931 6.05 152.14 168.9
-84000.0 0.387098 0.196917 5.99 153.03 166.61
-85000.0 0.387097 0.196927 5.94 153.92 164.31
-86000.0 0.387098 0.196914 5.88 154.83 162.01
-87000.0 0.387098 0.196919 5.83 155.74 159.71
-88000.0 0.387098 0.196917 5.78 156.66 157.39
-89000.0 0.387098 0.196902 5.73 157.59 155.06
-90000.0 0.387097 0.19692 5.68 158.53 152.73
-91000.0 0.387098 0.196894 5.64 159.49 150.37
-92000.0 0.387098 0.196901 5.59 160.46 148.01
-93000.0 0.387098 0.196889 5.55 161.46 145.63
-94000.0 0.387099 0.196869 5.5 162.47 143.23
-95000.0 0.387098 0.196863 5.46 163.5 140.81
-96000.0 0.387099 0.196822 5.42 164.55 138.37
-97000.0 0.387098 0.196813 5.38 165.63 135.91
-98000.0 0.387099 0.196765 5.34 166.73 133.42
-99000.0 0.387098 0.196731 5.3 167.87 130.91
-100000.0 0.387099 0.196698 5.26 169.03 128.37
-101000.0 0.387098 0.196638 5.23 170.22 125.8
-102000.0 0.387099 0.196595 5.19 171.44 123.2
-103000.0 0.387099 0.196533 5.15 172.69 120.58
-104000.0 0.387099 0.196465 5.12 173.98 117.91
-105000.0 0.387099 0.196399 5.08 175.3 115.22
-106000.0 0.387099 0.196307 5.05 176.66 112.49
-107000.0 0.387099 0.196237 5.01 178.05 109.73
-108000.0 0.387099 0.196133 4.98 179.48 106.95
-109000.0 0.387099 0.196033 4.94 180.94 104.12
-110000.0 0.387098 0.195937 4.91 182.43 101.27
-111000.0 0.387099 0.195802 4.88 183.96 98.39
-112000.0 0.387098 0.19569 4.85 185.52 95.48
-113000.0 0.387099 0.195539 4.82 187.1 92.55
-114000.0 0.387098 0.195394 4.79 188.71 89.59
-115000.0 0.387099 0.19523 4.76 190.34 86.61
-116000.0 0.387099 0.195048 4.74 191.99 83.61
-117000.0 0.387098 0.194871 4.71 193.67 80.59
-118000.0 0.387098 0.194661 4.69 195.36 77.57
-119000.0 0.387098 0.194452 4.66 197.06 74.52
-120000.0 0.387098 0.194235 4.64 198.77 71.47
-121000.0 0.387097 0.193992 4.61 200.49 68.4
-122000.0 0.387097 0.193754 4.59 202.21 65.34
-123000.0 0.387098 0.1935 4.56 203.94 62.27
-124000.0 0.387097 0.193239 4.54 205.67 59.19
-125000.0 0.387098 0.192982 4.52 207.39 56.12
-126000.0 0.387097 0.192707 4.49 209.11 53.05
-127000.0 0.387098 0.192455 4.46 210.83 49.98
-128000.0 0.387098 0.192188 4.44 212.54 46.91
-129000.0 0.387098 0.191931 4.41 214.25 43.84
-130000.0 0.387099 0.1917 4.38 215.96 40.78
-131000.0 0.387099 0.19145 4.35 217.65 37.71
-132000.0 0.387099 0.191246 4.32 219.35 34.66
-133000.0 0.387099 0.191035 4.28 221.04 31.6
-134000.0 0.3871 0.190855 4.24 222.73 28.54
-135000.0 0.387099 0.190695 4.2 224.41 25.49
-136000.0 0.3871 0.190544 4.16 226.1 22.43
-137000.0 0.387099 0.190438 4.12 227.8 19.37
-138000.0 0.387099 0.190333 4.07 229.5 16.31
-139000.0 0.387099 0.190259 4.03 231.2 13.24
-140000.0 0.387099 0.190219 3.98 232.92 10.17
-141000.0 0.387099 0.190172 3.92 234.65 7.08
-142000.0 0.387099 0.190174 3.87 236.39 3.99
-143000.0 0.387098 0.190171 3.81 238.16 0.89
-144000.0 0.387098 0.190196 3.76 239.94 357.76
-145000.0 0.387098 0.190233 3.7 241.74 354.63
-146000.0 0.387098 0.190269 3.64 243.58 351.47
-147000.0 0.387098 0.190338 3.58 245.43 348.29
-148000.0 0.387098 0.190385 3.52 247.32 345.08
-149000.0 0.387098 0.190453 3.46 249.24 341.85
-150000.0 0.387098 0.190525 3.39 251.2 338.59
-151000.0 0.387098 0.190581 3.33 253.19 335.3
-152000.0 0.387098 0.190655 3.27 255.21 331.98
-153000.0 0.387097 0.190711 3.21 257.28 328.62
-154000.0 0.387098 0.190772 3.15 259.37 325.23
-155000.0 0.387098 0.190828 3.09 261.51 321.81
-156000.0 0.387098 0.19087 3.04 263.68 318.35
-157000.0 0.387098 0.190927 2.98 265.88 314.85
-158000.0 0.387099 0.190958 2.93 268.11 311.33
-159000.0 0.387099 0.190996 2.88 270.38 307.78
-160000.0 0.387099 0.191041 2.83 272.66 304.2
-161000.0 0.387099 0.191058 2.78 274.97 300.59
-162000.0 0.387099 0.191105 2.74 277.3 296.97
-163000.0 0.387099 0.191128 2.7 279.64 293.34
-164000.0 0.387099 0.191169 2.66 281.98 289.69
-165000.0 0.387099 0.191206 2.62 284.32 286.04
-166000.0 0.387099 0.191236 2.59 286.66 282.4
-167000.0 0.387099 0.191296 2.56 288.98 278.76
-168000.0 0.387099 0.19133 2.54 291.29 275.15
-169000.0 0.387098 0.19139 2.51 293.57 271.55
-170000.0 0.387099 0.191453 2.49 295.81 267.99
-171000.0 0.387098 0.191508 2.47 298.03 264.45
-172000.0 0.387099 0.191586 2.46 300.19 260.96
-173000.0 0.387098 0.191652 2.44 302.32 257.52
-174000.0 0.387099 0.191732 2.43 304.4 254.11
-175000.0 0.387098 0.191815 2.43 306.42 250.76
-176000.0 0.387099 0.191883 2.42 308.39 247.45
-177000.0 0.387098 0.191986 2.42 310.32 244.2
-178000.0 0.387099 0.192052 2.41 312.18 241.0
-179000.0 0.387098 0.192147 2.42 313.99 237.85
-180000.0 0.387098 0.192238 2.42 315.75 234.76
-181000.0 0.387098 0.192314 2.42 317.46 231.71
-182000.0 0.387098 0.192416 2.43 319.12 228.71
-183000.0 0.387098 0.19249 2.44 320.73 225.75
-184000.0 0.387098 0.192591 2.45 322.3 222.83
-185000.0 0.387098 0.192671 2.46 323.83 219.96
-186000.0 0.387098 0.192757 2.48 325.31 217.12
-187000.0 0.387098 0.192858 2.49 326.76 214.31
-188000.0 0.387098 0.192935 2.51 328.18 211.54
-189000.0 0.387098 0.193037 2.53 329.57 208.79
-190000.0 0.387098 0.193131 2.56 330.93 206.08
-191000.0 0.387098 0.193225 2.58 332.26 203.38
-192000.0 0.387098 0.193327 2.61 333.57 200.7
-193000.0 0.387098 0.193422 2.64 334.86 198.05
-194000.0 0.387098 0.193527 2.68 336.13 195.41
-195000.0 0.387099 0.193629 2.71 337.38 192.79
-196000.0 0.387099 0.193724 2.75 338.62 190.18
-197000.0 0.3871 0.193843 2.79 339.85 187.58
-198000.0 0.387099 0.193934 2.83 341.06 185.0
-199000.0 0.3871 0.194045 2.88 342.26 182.42
-200000.0 0.3871 0.19415 2.92 343.46 179.86
-201000.0 0.3871 0.194248 2.97 344.65 177.29
-202000.0 0.387099 0.194353 3.02 345.84 174.74
-203000.0 0.387099 0.194443 3.07 347.02 172.18
-204000.0 0.387099 0.194541 3.13 348.21 169.62
-205000.0 0.387098 0.194628 3.18 349.39 167.06
-206000.0 0.387098 0.194708 3.23 350.58 164.5
-207000.0 0.387098 0.194804 3.29 351.78 161.93
-208000.0 0.387098 0.194874 3.34 352.99 159.35
-209000.0 0.387098 0.194958 3.4 354.2 156.75
-210000.0 0.387097 0.195043 3.45 355.43 154.15
-211000.0 0.387098 0.195112 3.51 356.68 151.52
-212000.0 0.387098 0.195205 3.56 357.94 148.88
-213000.0 0.387097 0.195277 3.61 359.22 146.22
-214000.0 0.387098 0.195376 3.67 0.52 143.54
-215000.0 0.387098 0.195467 3.72 1.84 140.83
-216000.0 0.387098 0.195564 3.77 3.19 138.1
-217000.0 0.387098 0.195694 3.82 4.57 135.34
-218000.0 0.387098 0.195798 3.87 5.97 132.56
-219000.0 0.387099 0.195943 3.92 7.39 129.75
-220000.0 0.387099 0.196083 3.96 8.85 126.92
-221000.0 0.387099 0.196232 4.01 10.33 124.06
-222000.0 0.387099 0.196403 4.05 11.84 121.18
-223000.0 0.387099 0.196564 4.09 13.37 118.28
-224000.0 0.3871 0.196755 4.14 14.93 115.35
-225000.0 0.387099 0.196936 4.18 16.52 112.42
-226000.0 0.3871 0.197124 4.22 18.12 109.45
-227000.0 0.387099 0.197332 4.26 19.75 106.49
-228000.0 0.387099 0.197511 4.3 21.39 103.5
-229000.0 0.387099 0.197713 4.34 23.04 100.51
-230000.0 0.387099 0.197899 4.38 24.7 97.52
-231000.0 0.387099 0.198073 4.42 26.37 94.52
-232000.0 0.387098 0.198257 4.46 28.04 91.53
-233000.0 0.387099 0.198404 4.5 29.71 88.54
-234000.0 0.387098 0.198573 4.54 31.38 85.56
-235000.0 0.387099 0.198698 4.58 33.04 82.6
-236000.0 0.387098 0.198825 4.62 34.69 79.64
-237000.0 0.387098 0.198945 4.66 36.32 76.7
-238000.0 0.387098 0.19903 4.7 37.93 73.78
-239000.0 0.387098 0.199123 4.74 39.53 70.88
-240000.0 0.387098 0.199194 4.78 41.1 68.01
-241000.0 0.387098 0.199254 4.82 42.64 65.15
-242000.0 0.387098 0.199315 4.86 44.16 62.33
-243000.0 0.387098 0.199354 4.9 45.64 59.53
-244000.0 0.387098 0.199408 4.93 47.1 56.76
-245000.0 0.387098 0.199444 4.97 48.52 54.02
-246000.0 0.387098 0.19948 5.0 49.91 51.3
-247000.0 0.387098 0.199538 5.04 51.27 48.63
-248000.0 0.387098 0.19957 5.07 52.59 45.97
-249000.0 0.387098 0.199636 5.1 53.88 43.35
-250000.0 0.387098 0.199697 5.13 55.13 40.76
-251000.0 0.387098 0.199765 5.15 56.35 38.2
-252000.0 0.387098 0.199862 5.18 57.54 35.67
-253000.0 0.387099 0.199941 5.2 58.69 33.17
-254000.0 0.387098 0.200071 5.23 59.81 30.7
-255000.0 0.387099 0.200176 5.25 60.9 28.27
-256000.0 0.387099 0.200315 5.26 61.96 25.85
-257000.0 0.387099 0.200469 5.28 62.98 23.47
-258000.0 0.387099 0.200615 5.3 63.98 21.12
-259000.0 0.387099 0.200798 5.31 64.95 18.79
-260000.0 0.387099 0.200972 5.32 65.9 16.49
-261000.0 0.387099 0.201168 5.33 66.81 14.2
-262000.0 0.3871 0.201372 5.35 67.71 11.95
-263000.0 0.387099 0.201573 5.35 68.58 9.71
-264000.0 0.387099 0.201808 5.36 69.43 7.49
-265000.0 0.387099 0.20202 5.37 70.26 5.3
-266000.0 0.387098 0.202258 5.38 71.08 3.11
-267000.0 0.387098 0.202505 5.38 71.87 0.95
-268000.0 0.387098 0.202738 5.39 72.65 358.79
-269000.0 0.387098 0.203004 5.4 73.41 356.65
-270000.0 0.387098 0.203252 5.41 74.17 354.52
-271000.0 0.387098 0.203526 5.41 74.91 352.39
-272000.0 0.387098 0.203795 5.42 75.64 350.28
-273000.0 0.387098 0.20407 5.43 76.36 348.16
-274000.0 0.387098 0.204367 5.44 77.07 346.06
-275000.0 0.387098 0.204649 5.45 77.78 343.96
-276000.0 0.387098 0.204954 5.46 78.48 341.86
-277000.0 0.387098 0.205264 5.47 79.18 339.76
-278000.0 0.387097 0.20557 5.49 79.87 337.66
-279000.0 0.387098 0.205893 5.5 80.57 335.56
-280000.0 0.387098 0.206214 5.52 81.26 333.46
-281000.0 0.387098 0.206539 5.53 81.96 331.35
-282000.0 0.387098 0.206874 5.55 82.66 329.25
-283000.0 0.387098 0.207196 5.57 83.36 327.13
-284000.0 0.387099 0.207541 5.59 84.08 325.0
-285000.0 0.387099 0.207868 5.61 84.8 322.87
-286000.0 0.387099 0.208201 5.63 85.52 320.72
-287000.0 0.3871 0.208547 5.66 86.27 318.57
-288000.0 0.387099 0.208866 5.68 87.02 316.4
-289000.0 0.387101 0.209211 5.7 87.79 314.21
-290000.0 0.387099 0.209534 5.73 88.57 312.01
-291000.0 0.3871 0.209866 5.75 89.38 309.78
-292000.0 0.387099 0.210196 5.78 90.2 307.53
-293000.0 0.387099 0.210511 5.8 91.05 305.26
-294000.0 0.387099 0.210847 5.82 91.92 302.97
-295000.0 0.387098 0.211161 5.85 92.82 300.64
-296000.0 0.387099 0.211479 5.87 93.74 298.29
-297000.0 0.387097 0.211816 5.9 94.69 295.91
-298000.0 0.387099 0.212116 5.92 95.68 293.5
-299000.0 0.387097 0.212457 5.95 96.69 291.06
-300000.0 0.387098 0.212762 5.97 97.74 288.59
-301000.0 0.387098 0.213088 5.99 98.82 286.08
-302000.0 0.387097 0.213409 6.02 99.93 283.54
-303000.0 0.387098 0.213708 6.04 101.08 280.98
-304000.0 0.387097 0.214047 6.06 102.26 278.38
-305000.0 0.387099 0.21433 6.09 103.47 275.75
-306000.0 0.387097 0.214648 6.11 104.71 273.09
-307000.0 0.387098 0.214941 6.14 105.98 270.42
-308000.0 0.387098 0.215218 6.16 107.28 267.71
-309000.0 0.387098 0.215501 6.19 108.61 264.99
-310000.0 0.387099 0.215739 6.21 109.95 262.25
-311000.0 0.387098 0.215992 6.24 111.32 259.48
-312000.0 0.387099 0.216197 6.27 112.7 256.71
-313000.0 0.387098 0.216393 6.3 114.1 253.92
-314000.0 0.387099 0.216574 6.33 115.51 251.12
-315000.0 0.387098 0.21671 6.36 116.93 248.32
-316000.0 0.387099 0.216838 6.39 118.35 245.51
-317000.0 0.387098 0.216936 6.42 119.77 242.72
-318000.0 0.387099 0.216997 6.45 121.19 239.9
-319000.0 0.387099 0.217051 6.48 122.6 237.11
-320000.0 0.387099 0.217058 6.51 124.01 234.31
-321000.0 0.387099 0.217068 6.54 125.41 231.51
-322000.0 0.387099 0.217041 6.57 126.79 228.73
-323000.0 0.387099 0.217002 6.6 128.17 225.95
-324000.0 0.387099 0.21697 6.62 129.53 223.19
-325000.0 0.387099 0.216897 6.65 130.87 220.43
-326000.0 0.387099 0.21685 6.67 132.19 217.68
-327000.0 0.387099 0.216783 6.69 133.5 214.95
-328000.0 0.387098 0.216725 6.7 134.8 212.21
-329000.0 0.387099 0.216675 6.71 136.08 209.5
-330000.0 0.387098 0.216629 6.72 137.34 206.79
-331000.0 0.387098 0.216609 6.73 138.59 204.09
-332000.0 0.387098 0.216598 6.73 139.83 201.4
-333000.0 0.387098 0.216603 6.72 141.05 198.72
-334000.0 0.387098 0.216649 6.71 142.27 196.05
-335000.0 0.387097 0.216693 6.7 143.47 193.38
-336000.0 0.387098 0.216777 6.68 144.67 190.72
-337000.0 0.387097 0.216885 6.66 145.86 188.07
-338000.0 0.387098 0.217 6.63 147.05 185.41
-339000.0 0.387097 0.217164 6.6 148.24 182.77
-340000.0 0.387098 0.217317 6.56 149.43 180.13
-341000.0 0.387098 0.217521 6.52 150.62 177.48
-342000.0 0.387098 0.217719 6.48 151.82 174.84
-343000.0 0.387098 0.217931 6.43 153.02 172.2
-344000.0 0.387098 0.218179 6.37 154.23 169.56
-345000.0 0.387099 0.218394 6.32 155.45 166.91
-346000.0 0.387099 0.218657 6.26 156.67 164.25
-347000.0 0.387099 0.218894 6.2 157.91 161.59
-348000.0 0.387099 0.219144 6.13 159.16 158.92
-349000.0 0.387099 0.219397 6.07 160.43 156.24
-350000.0 0.3871 0.219628 6.0 161.71 153.55
-351000.0 0.387099 0.219883 5.93 163.0 150.85
-352000.0 0.3871 0.220106 5.86 164.32 148.13
-353000.0 0.387099 0.22033 5.78 165.64 145.4
-354000.0 0.387099 0.220563 5.71 166.99 142.66
-355000.0 0.387099 0.220755 5.64 168.35 139.9
-356000.0 0.387098 0.220976 5.57 169.72 137.13
-357000.0 0.387099 0.221161 5.5 171.11 134.34
-358000.0 0.387098 0.221353 5.43 172.51 131.53
-359000.0 0.387099 0.221535 5.36 173.93 128.72
-360000.0 0.387098 0.221698 5.3 175.36 125.89
-361000.0 0.387099 0.221879 5.23 176.8 123.04
-362000.0 0.387098 0.222025 5.17 178.26 120.18
-363000.0 0.387098 0.222186 5.11 179.72 117.31
-364000.0 0.387098 0.22234 5.05 181.19 114.43
-365000.0 0.387097 0.222481 5.0 182.68 111.54
-366000.0 0.387098 0.222628 4.94 184.16 108.64
-367000.0 0.387097 0.222767 4.89 185.66 105.73
-368000.0 0.387098 0.2229 4.84 187.16 102.81
-369000.0 0.387097 0.223034 4.8 188.66 99.89
-370000.0 0.387098 0.223151 4.76 190.18 96.95
-371000.0 0.387098 0.223279 4.72 191.69 94.01
-372000.0 0.387098 0.223392 4.68 193.21 91.06
-373000.0 0.3871 0.223495 4.65 194.74 88.1
-374000.0 0.387098 0.223623 4.62 196.27 85.14
-375000.0 0.3871 0.223708 4.59 197.81 82.16
-376000.0 0.387099 0.223826 4.56 199.35 79.17
-377000.0 0.387099 0.223916 4.54 200.9 76.18
-378000.0 0.387099 0.224011 4.52 202.46 73.16
-379000.0 0.387099 0.224107 4.51 204.03 70.15
-380000.0 0.387099 0.224178 4.49 205.6 67.11
-381000.0 0.387099 0.22428 4.48 207.19 64.06
-382000.0 0.387099 0.224346 4.47 208.78 61.01
-383000.0 0.387099 0.224427 4.47 210.38 57.93
-384000.0 0.387099 0.224515 4.46 212.0 54.84
-385000.0 0.387098 0.224573 4.46 213.62 51.74
-386000.0 0.387098 0.224659 4.46 215.25 48.63
-387000.0 0.387098 0.224719 4.47 216.89 45.5
-388000.0 0.387099 0.224781 4.47 218.54 42.37
-389000.0 0.387098 0.224851 4.48 220.2 39.22
-390000.0 0.387099 0.22488 4.49 221.86 36.06
-391000.0 0.387098 0.224959 4.5 223.53 32.9
-392000.0 0.387099 0.22498 4.51 225.2 29.73
-393000.0 0.387098 0.225034 4.52 226.88 26.54
-394000.0 0.387098 0.22508 4.54 228.56 23.35
-395000.0 0.387098 0.225099 4.55 230.24 20.15
-396000.0 0.387097 0.225158 4.56 231.94 16.94
-397000.0 0.387099 0.225166 4.58 233.64 13.73
-398000.0 0.387097 0.225223 4.59 235.34 10.49
-399000.0 0.387098 0.225247 4.6 237.06 7.25
-400000.0 0.387098 0.225288 4.61 238.8 3.99
-401000.0 0.387098 0.225351 4.61 240.54 0.7
-402000.0 0.387098 0.225391 4.62 242.31 357.4
-403000.0 0.387097 0.225478 4.62 244.1 354.06
-404000.0 0.387099 0.225555 4.62 245.93 350.7
-405000.0 0.387097 0.22566 4.62 247.78 347.3
-406000.0 0.387099 0.225778 4.61 249.68 343.86
-407000.0 0.387098 0.225911 4.6 251.62 340.39
-408000.0 0.387098 0.226071 4.59 253.61 336.85
-409000.0 0.387099 0.226243 4.58 255.65 333.27
-410000.0 0.387099 0.226429 4.56 257.76 329.63
-411000.0 0.3871 0.226649 4.54 259.94 325.93
-412000.0 0.387099 0.226862 4.52 262.19 322.15
-413000.0 0.387101 0.227106 4.5 264.52 318.31
-414000.0 0.3871 0.227353 4.48 266.93 314.41
-415000.0 0.3871 0.227604 4.45 269.42 310.42
-416000.0 0.3871 0.227857 4.43 271.99 306.36
-417000.0 0.387099 0.228097 4.41 274.65 302.24
-418000.0 0.387099 0.228336 4.4 277.38 298.04
-419000.0 0.387098 0.228547 4.39 280.19 293.79
-420000.0 0.387097 0.228736 4.38 283.06 289.47
-421000.0 0.387098 0.228905 4.37 285.99 285.12
-422000.0 0.387097 0.229029 4.38 288.97 280.72
-423000.0 0.387098 0.229116 4.39 291.98 276.3
-424000.0 0.387097 0.229175 4.4 295.01 271.88
-425000.0 0.387098 0.229164 4.43 298.04 267.44
-426000.0 0.387098 0.22913 4.46 301.06 263.04
-427000.0 0.387097 0.229023 4.5 304.05 258.65
-428000.0 0.387098 0.228883 4.54 307.0 254.32
-429000.0 0.387097 0.22869 4.59 309.9 250.03
-430000.0 0.387098 0.228429 4.65 312.74 245.8
-431000.0 0.387098 0.228163 4.71 315.5 241.65
-432000.0 0.387098 0.227804 4.78 318.19 237.57
-433000.0 0.387099 0.227445 4.85 320.79 233.56
-434000.0 0.387098 0.227035 4.93 323.31 229.64
-435000.0 0.387099 0.22659 5.0 325.74 225.79
-436000.0 0.387099 0.226145 5.08 328.09 222.01
-437000.0 0.387099 0.225647 5.16 330.35 218.32
-438000.0 0.3871 0.225178 5.24 332.53 214.69
-439000.0 0.387099 0.224674 5.32 334.63 211.13
-440000.0 0.387101 0.224177 5.39 336.67 207.63
-441000.0 0.387099 0.22371 5.47 338.63 204.19
-442000.0 0.3871 0.223217 5.54 340.54 200.79
-443000.0 0.387099 0.222778 5.61 342.39 197.45
-444000.0 0.387099 0.222341 5.67 344.19 194.15
-445000.0 0.387099 0.22193 5.73 345.94 190.88
-446000.0 0.387098 0.221568 5.79 347.66 187.65
-447000.0 0.387099 0.221198 5.84 349.35 184.44
-448000.0 0.387097 0.220909 5.89 351.0 181.26
-449000.0 0.387099 0.220606 5.94 352.63 178.11
-450000.0 0.387098 0.220362 5.98 354.24 174.97
-451000.0 0.387098 0.22015 6.02 355.84 171.85
-452000.0 0.387098 0.219949 6.05 357.42 168.74
-453000.0 0.387097 0.219808 6.08 359.0 165.63
-454000.0 0.387098 0.219669 6.11 0.57 162.54
-455000.0 0.387097 0.219577 6.13 2.14 159.45
-456000.0 0.387098 0.219498 6.15 3.71 156.37
-457000.0 0.387097 0.21944 6.17 5.28 153.29
-458000.0 0.387098 0.21941 6.19 6.85 150.2
-459000.0 0.387098 0.219382 6.21 8.43 147.13
-460000.0 0.387098 0.219371 6.22 10.02 144.04
-461000.0 0.387099 0.219381 6.23 11.61 140.96
-462000.0 0.387098 0.219384 6.24 13.21 137.86
-463000.0 0.387099 0.219409 6.26 14.82 134.77
-464000.0 0.387098 0.219439 6.27 16.43 131.68
-465000.0 0.387099 0.219463 6.28 18.06 128.57
-466000.0 0.387098 0.219509 6.3 19.68 125.48
-467000.0 0.387098 0.219522 6.31 21.32 122.37
-468000.0 0.387098 0.219573 6.33 22.96 119.27
-469000.0 0.387098 0.219585 6.34 24.6 116.16
-470000.0 0.387099 0.219607 6.36 26.25 113.06
-471000.0 0.387099 0.219634 6.38 27.89 109.96
-472000.0 0.387099 0.219629 6.41 29.54 106.86
-473000.0 0.387099 0.219645 6.43 31.18 103.76
-474000.0 0.387099 0.219629 6.46 32.82 100.68
-475000.0 0.387099 0.219616 6.49 34.46 97.6
-476000.0 0.387099 0.21959 6.53 36.08 94.53
-477000.0 0.387099 0.219532 6.56 37.7 91.47
-478000.0 0.387099 0.219489 6.6 39.31 88.42
-479000.0 0.387098 0.219401 6.64 40.91 85.38
-480000.0 0.387099 0.219308 6.69 42.49 82.35
-481000.0 0.387098 0.219213 6.74 44.06 79.35
-482000.0 0.387099 0.219067 6.79 45.62 76.34
-483000.0 0.387097 0.218946 6.84 47.16 73.36
-484000.0 0.387098 0.218765 6.9 48.68 70.4
-485000.0 0.387098 0.218599 6.96 50.19 67.44
-486000.0 0.387098 0.218396 7.02 51.68 64.51
-487000.0 0.387098 0.218164 7.09 53.14 61.59
-488000.0 0.387097 0.217949 7.16 54.6 58.68
-489000.0 0.387099 0.217665 7.23 56.03 55.8
-490000.0 0.387097 0.21741 7.3 57.44 52.92
-491000.0 0.387099 0.217108 7.37 58.83 50.07
-492000.0 0.387097 0.216798 7.45 60.21 47.23
-493000.0 0.387098 0.216476 7.53 61.56 44.4
-494000.0 0.387098 0.216118 7.61 62.89 41.6
-495000.0 0.387097 0.215769 7.69 64.21 38.8
-496000.0 0.387099 0.215375 7.77 65.5 36.02
-497000.0 0.387097 0.214982 7.85 66.78 33.25
-498000.0 0.387099 0.214573 7.93 68.04 30.49
-499000.0 0.387099 0.214141 8.01 69.28 27.75
-500000.0 0.387099 0.213705 8.1 70.51 25.01
-501000.0 0.387101 0.213257 8.18 71.72 22.29
-502000.0 0.387099 0.212796 8.26 72.92 19.57
-503000.0 0.387102 0.212337 8.34 74.11 16.85
-504000.0 0.387099 0.211864 8.41 75.28 14.14
-505000.0 0.3871 0.211407 8.49 76.45 11.43
-506000.0 0.387099 0.210933 8.56 77.61 8.72
-507000.0 0.387098 0.210477 8.63 78.76 6.0
-508000.0 0.387099 0.210028 8.69 79.91 3.29
-509000.0 0.387097 0.209589 8.76 81.06 0.57
-510000.0 0.387099 0.209166 8.81 82.21 357.83
-511000.0 0.387097 0.208772 8.87 83.37 355.1
-512000.0 0.387098 0.208389 8.91 84.53 352.34
-513000.0 0.387098 0.208043 8.96 85.7 349.58
-514000.0 0.387097 0.207724 9.0 86.88 346.81
-515000.0 0.387099 0.207436 9.03 88.07 344.01
-516000.0 0.387097 0.207197 9.06 89.28 341.21
-517000.0 0.387099 0.206965 9.08 90.51 338.38
-518000.0 0.387097 0.206807 9.1 91.76 335.55
-519000.0 0.387098 0.206647 9.12 93.03 332.69
-520000.0 0.387098 0.20654 9.13 94.33 329.82
-521000.0 0.387097 0.206468 9.13 95.65 326.94
-522000.0 0.387099 0.206397 9.13 97.0 324.03
-523000.0 0.387097 0.20639 9.13 98.38 321.12
-524000.0 0.387099 0.206354 9.12 99.79 318.18
-525000.0 0.387098 0.206375 9.12 101.22 315.23
-526000.0 0.387099 0.206373 9.1 102.69 312.27
-527000.0 0.387099 0.206372 9.09 104.18 309.29
-528000.0 0.387099 0.206387 9.08 105.71 306.3
-529000.0 0.387099 0.20635 9.06 107.26 303.3
-530000.0 0.387099 0.206327 9.05 108.84 300.29
-531000.0 0.387099 0.20626 9.03 110.44 297.28
-532000.0 0.387099 0.20616 9.02 112.06 294.25
-533000.0 0.387099 0.206039 9.0 113.7 291.22
-534000.0 0.387099 0.205845 8.99 115.36 288.18
-535000.0 0.387099 0.205643 8.97 117.03 285.14
-536000.0 0.387098 0.205362 8.96 118.71 282.1
-537000.0 0.387099 0.205033 8.95 120.4 279.06
-538000.0 0.387098 0.204676 8.95 122.08 276.03
-539000.0 0.387099 0.204219 8.94 123.77 273.0
-540000.0 0.387098 0.203763 8.94 125.45 269.97
-541000.0 0.387099 0.203212 8.93 127.12 266.95
-542000.0 0.387098 0.202643 8.93 128.79 263.94
-543000.0 0.387098 0.20202 8.93 130.43 260.94
-544000.0 0.387099 0.201342 8.93 132.06 257.95
-545000.0 0.387098 0.200664 8.93 133.67 254.97
-546000.0 0.387099 0.19991 8.93 135.26 252.01
-547000.0 0.387097 0.199166 8.94 136.83 249.05
-548000.0 0.387098 0.198384 8.94 138.37 246.12
-549000.0 0.387097 0.197588 8.94 139.89 243.19
-550000.0 0.387097 0.196791 8.94 141.39 240.28
-551000.0 0.387098 0.19598 8.93 142.85 237.39
-552000.0 0.387097 0.195182 8.93 144.3 234.5
-553000.0 0.387098 0.194384 8.93 145.71 231.64
-554000.0 0.387097 0.193598 8.92 147.11 228.78
-555000.0 0.387098 0.192835 8.91 148.48 225.94
-556000.0 0.387098 0.192083 8.9 149.82 223.11
-557000.0 0.387099 0.191351 8.89 151.15 220.29
-558000.0 0.387099 0.19066 8.87 152.46 217.49
-559000.0 0.387099 0.189971 8.85 153.74 214.7
-560000.0 0.387099 0.189335 8.83 155.02 211.92
-561000.0 0.387099 0.188711 8.81 156.27 209.15
-562000.0 0.387099 0.188128 8.78 157.51 206.38
-563000.0 0.387099 0.187575 8.75 158.74 203.63
-564000.0 0.3871 0.187043 8.72 159.96 200.88
-565000.0 0.387099 0.18656 8.68 161.18 198.14
-566000.0 0.387099 0.18609 8.64 162.38 195.41
-567000.0 0.387099 0.185655 8.6 163.58 192.68
-568000.0 0.387099 0.185258 8.56 164.78 189.95
-569000.0 0.387098 0.184869 8.52 165.98 187.22
-570000.0 0.387099 0.184526 8.47 167.18 184.5
-571000.0 0.387098 0.184194 8.43 168.38 181.77
-572000.0 0.387098 0.18389 8.38 169.59 179.04
-573000.0 0.387098 0.183617 8.33 170.8 176.31
-574000.0 0.387098 0.183341 8.27 172.02 173.58
-575000.0 0.387098 0.183118 8.22 173.25 170.84
-576000.0 0.387098 0.182879 8.17 174.5 168.09
-577000.0 0.387098 0.182676 8.11 175.75 165.33
-578000.0 0.387097 0.182487 8.06 177.02 162.56
-579000.0 0.387098 0.182293 8.0 178.31 159.78
-580000.0 0.387098 0.182138 7.95 179.61 156.99
-581000.0 0.387098 0.18196 7.89 180.94 154.19
-582000.0 0.387098 0.181817 7.83 182.28 151.36
-583000.0 0.387098 0.181659 7.78 183.65 148.53
-584000.0 0.387098 0.181506 7.72 185.04 145.67
-585000.0 0.387098 0.18137 7.67 186.45 142.8
-586000.0 0.387098 0.181207 7.61 187.89 139.91
-587000.0 0.387099 0.181061 7.56 189.36 136.99
-588000.0 0.387099 0.180903 7.51 190.85 134.06
-589000.0 0.387101 0.180732 7.46 192.37 131.1
-590000.0 0.387099 0.180566 7.41 193.92 128.11
-591000.0 0.3871 0.180371 7.36 195.5 125.11
-592000.0 0.387099 0.180183 7.31 197.11 122.07
-593000.0 0.387099 0.179967 7.27 198.75 119.02
-594000.0 0.387099 0.179733 7.22 200.42 115.94
-595000.0 0.387098 0.179501 7.18 202.11 112.84
-596000.0 0.387099 0.179218 7.14 203.83 109.71
-597000.0 0.387098 0.178942 7.11 205.58 106.56
-598000.0 0.387099 0.178623 7.08 207.35 103.39
-599000.0 0.387098 0.178287 7.04 209.15 100.2
-600000.0 0.387098 0.177921 7.02 210.97 96.99
-601000.0 0.387098 0.177525 6.99 212.8 93.76
-602000.0 0.387098 0.177105 6.97 214.65 90.51
-603000.0 0.387098 0.176651 6.95 216.52 87.25
-604000.0 0.387098 0.176163 6.94 218.4 83.97
-605000.0 0.387099 0.175658 6.92 220.28 80.69
-606000.0 0.387098 0.175108 6.91 222.18 77.39
-607000.0 0.387099 0.174533 6.91 224.07 74.09
-608000.0 0.387098 0.173939 6.9 225.97 70.79
-609000.0 0.387098 0.173294 6.9 227.87 67.47
-610000.0 0.387099 0.17265 6.9 229.76 64.16
-611000.0 0.387098 0.171955 6.9 231.64 60.84
-612000.0 0.387099 0.17126 6.9 233.52 57.52
-613000.0 0.387097 0.170539 6.91 235.38 54.2
-614000.0 0.387099 0.16979 6.91 237.24 50.88
-615000.0 0.387098 0.169066 6.91 239.08 47.56
-616000.0 0.387098 0.168289 6.92 240.91 44.24
-617000.0 0.387098 0.167549 6.92 242.73 40.92
-618000.0 0.387098 0.166787 6.93 244.54 37.61
-619000.0 0.387099 0.166036 6.93 246.33 34.29
-620000.0 0.387098 0.165307 6.94 248.12 30.97
-621000.0 0.387099 0.164574 6.94 249.89 27.65
-622000.0 0.387099 0.163887 6.94 251.66 24.32
-623000.0 0.387099 0.163205 6.93 253.42 21.0
-624000.0 0.387099 0.162555 6.93 255.18 17.66
-625000.0 0.387099 0.161952 6.92 256.93 14.33
-626000.0 0.387099 0.161354 6.91 258.69 10.99
-627000.0 0.387099 0.160819 6.9 260.45 7.65
-628000.0 0.387099 0.160305 6.89 262.21 4.3
-629000.0 0.387099 0.159829 6.87 263.98 0.94
-630000.0 0.387098 0.159404 6.86 265.76 357.58
-631000.0 0.387099 0.158986 6.84 267.55 354.21
-632000.0 0.387098 0.158642 6.81 269.36 350.84
-633000.0 0.387099 0.158291 6.79 271.18 347.46
-634000.0 0.387098 0.157992 6.77 273.02 344.07
-635000.0 0.387098 0.157716 6.74 274.88 340.68
-636000.0 0.387098 0.157446 6.72 276.75 337.28
-637000.0 0.387097 0.157219 6.69 278.65 333.87
-638000.0 0.387098 0.156978 6.67 280.57 330.46
-639000.0 0.387097 0.156772 6.64 282.5 327.04
-640000.0 0.387098 0.15655 6.62 284.46 323.62
-641000.0 0.387097 0.156336 6.59 286.44 320.2
-642000.0 0.387098 0.156125 6.57 288.44 316.77
-643000.0 0.387099 0.155891 6.55 290.46 313.34
-644000.0 0.387098 0.155658 6.53 292.49 309.9
-645000.0 0.387099 0.155407 6.51 294.53 306.48
-646000.0 0.387098 0.155138 6.5 296.59 303.04
-647000.0 0.387099 0.154852 6.49 298.66 299.61
-648000.0 0.387099 0.154545 6.48 300.73 296.2
-649000.0 0.387099 0.154214 6.48 302.8 292.77
-650000.0 0.3871 0.153861 6.47 304.88 289.37
-651000.0 0.387099 0.153477 6.48 306.95 285.97
-652000.0 0.3871 0.153082 6.48 309.02 282.58
-653000.0 0.387099 0.152646 6.49 311.08 279.21
-654000.0 0.387099 0.152197 6.5 313.13 275.85
-655000.0 0.387099 0.151723 6.51 315.16 272.51
-656000.0 0.387098 0.151223 6.53 317.19 269.18
-657000.0 0.387099 0.150705 6.55 319.19 265.88
-658000.0 0.387098 0.150169 6.57 321.17 262.6
-659000.0 0.387099 0.14961 6.59 323.13 259.32
-660000.0 0.387098 0.149042 6.62 325.06 256.09
-661000.0 0.387098 0.148445 6.65 326.98 252.86
-662000.0 0.387098 0.147853 6.68 328.86 249.66
-663000.0 0.387098 0.147234 6.71 330.72 246.48
-664000.0 0.387098 0.146608 6.75 332.56 243.32
-665000.0 0.387097 0.14599 6.79 334.36 240.19
-666000.0 0.387098 0.145341 6.82 336.14 237.07
-667000.0 0.387097 0.144716 6.86 337.9 233.98
-668000.0 0.387098 0.14407 6.9 339.62 230.9
-669000.0 0.387098 0.143434 6.94 341.32 227.84
-670000.0 0.387098 0.142802 6.99 343.0 224.81
-671000.0 0.387099 0.142158 7.03 344.64 221.79
-672000.0 0.387098 0.141547 7.07 346.27 218.78
-673000.0 0.387099 0.140914 7.12 347.87 215.8
-674000.0 0.387098 0.14031 7.16 349.45 212.82
-675000.0 0.387099 0.139713 7.21 351.0 209.86
-676000.0 0.387098 0.139122 7.25 352.54 206.91
-677000.0 0.387099 0.138557 7.29 354.05 203.97
-678000.0 0.387098 0.137997 7.34 355.55 201.05
-679000.0 0.387098 0.137461 7.38 357.03 198.13
-680000.0 0.387099 0.136943 7.43 358.49 195.22
-681000.0 0.387098 0.136433 7.47 359.94 192.32
-682000.0 0.387099 0.135966 7.52 1.38 189.43
-683000.0 0.387098 0.135493 7.56 2.8 186.54
-684000.0 0.387099 0.135061 7.6 4.21 183.65
-685000.0 0.387098 0.134649 7.65 5.61 180.78
-686000.0 0.387099 0.134249 7.69 7.0 177.9
-687000.0 0.387099 0.133892 7.73 8.39 175.03
-688000.0 0.387099 0.133533 7.77 9.77 172.17
-689000.0 0.387099 0.133222 7.82 11.14 169.3
-690000.0 0.387099 0.132912 7.86 12.51 166.45
-691000.0 0.387098 0.132634 7.9 13.88 163.59
-692000.0 0.387099 0.132383 7.94 15.24 160.73
-693000.0 0.387098 0.13214 7.98 16.61 157.87
-694000.0 0.387099 0.131932 8.02 17.97 155.01
-695000.0 0.387098 0.13174 8.06 19.34 152.16
-696000.0 0.387098 0.131567 8.1 20.71 149.3
-697000.0 0.387098 0.131417 8.14 22.08 146.45
-698000.0 0.387098 0.131279 8.18 23.45 143.59
-699000.0 0.387098 0.131165 8.22 24.83 140.74
-700000.0 0.387098 0.131062 8.26 26.21 137.89
-701000.0 0.387098 0.130967 8.3 27.6 135.03
-702000.0 0.387098 0.130902 8.33 29.0 132.19
-703000.0 0.387098 0.130827 8.37 30.4 129.33
-704000.0 0.387098 0.130774 8.41 31.81 126.48
-705000.0 0.387098 0.130725 8.45 33.23 123.64
-706000.0 0.387098 0.130671 8.49 34.65 120.79
-707000.0 0.387098 0.130634 8.53 36.08 117.96
-708000.0 0.387099 0.130573 8.57 37.51 115.12
-709000.0 0.387098 0.130532 8.61 38.96 112.29
-710000.0 0.387099 0.130461 8.65 40.4 109.46
-711000.0 0.387099 0.13039 8.69 41.86 106.64
-712000.0 0.387099 0.130312 8.73 43.31 103.82
-713000.0 0.3871 0.130202 8.77 44.77 101.01
-714000.0 0.387099 0.130087 8.82 46.24 98.21
-715000.0 0.3871 0.129946 8.86 47.7 95.41
-716000.0 0.387099 0.129776 8.9 49.17 92.62
-717000.0 0.387099 0.129592 8.95 50.63 89.84
-718000.0 0.387099 0.129361 8.99 52.1 87.07
-719000.0 0.387099 0.129122 9.04 53.56 84.3
-720000.0 0.387098 0.128834 9.08 55.01 81.54
-721000.0 0.387098 0.128519 9.13 56.47 78.78
-722000.0 0.387098 0.128183 9.17 57.91 76.03
-723000.0 0.387098 0.127793 9.22 59.35 73.29
-724000.0 0.387098 0.127393 9.26 60.79 70.55
-725000.0 0.387097 0.126949 9.31 62.21 67.83
-726000.0 0.387098 0.126481 9.35 63.62 65.1
-727000.0 0.387098 0.125988 9.4 65.02 62.37
-728000.0 0.387098 0.125462 9.44 66.42 59.66
-729000.0 0.387098 0.124929 9.48 67.8 56.93
-730000.0 0.387098 0.124362 9.52 69.17 54.22
-731000.0 0.387099 0.123788 9.56 70.52 51.51
-732000.0 0.387098 0.123204 9.6 71.87 48.79
-733000.0 0.387099 0.122602 9.64 73.2 46.08
-734000.0 0.387099 0.122003 9.67 74.53 43.37
-735000.0 0.387098 0.121402 9.7 75.84 40.66
-736000.0 0.387099 0.120798 9.73 77.13 37.95
-737000.0 0.387098 0.12021 9.76 78.42 35.24
-738000.0 0.3871 0.119619 9.79 79.7 32.53
-739000.0 0.387098 0.119056 9.82 80.96 29.82
-740000.0 0.387099 0.118493 9.84 82.22 27.11
-741000.0 0.387099 0.117951 9.86 83.46 24.41
-742000.0 0.387098 0.117436 9.88 84.7 21.71
-743000.0 0.387099 0.116927 9.89 85.93 19.01
-744000.0 0.387098 0.116455 9.9 87.15 16.32
-745000.0 0.387099 0.115996 9.92 88.36 13.63
-746000.0 0.387098 0.115568 9.92 89.57 10.94
-747000.0 0.387099 0.115163 9.93 90.77 8.27
-748000.0 0.387098 0.11478 9.94 91.97 5.6
-749000.0 0.387098 0.114429 9.94 93.16 2.94
-750000.0 0.387098 0.114094 9.94 94.34 0.29
-751000.0 0.387098 0.113781 9.94 95.52 357.64
-752000.0 0.387098 0.113505 9.94 96.7 355.01
-753000.0 0.387098 0.113232 9.94 97.88 352.37
-754000.0 0.387099 0.112999 9.93 99.05 349.76
-755000.0 0.387098 0.112778 9.93 100.22 347.15
-756000.0 0.387099 0.11258 9.92 101.39 344.54
-757000.0 0.387099 0.112407 9.91 102.56 341.96
-758000.0 0.387098 0.112236 9.91 103.73 339.37
-759000.0 0.387099 0.112106 9.9 104.9 336.8
-760000.0 0.387098 0.111968 9.89 106.07 334.24
-761000.0 0.387098 0.11186 9.88 107.24 331.69
-762000.0 0.387098 0.111768 9.87 108.41 329.14
-763000.0 0.387098 0.111676 9.85 109.58 326.6
-764000.0 0.387098 0.111616 9.84 110.75 324.07
-765000.0 0.387098 0.11155 9.83 111.93 321.55
-766000.0 0.387098 0.111512 9.82 113.11 319.02
-767000.0 0.387098 0.111471 9.8 114.29 316.51
-768000.0 0.387098 0.111442 9.79 115.48 314.0
-769000.0 0.387098 0.111427 9.78 116.67 311.5
-770000.0 0.387099 0.111407 9.76 117.86 309.0
-771000.0 0.387099 0.1114 9.75 119.06 306.49
-772000.0 0.387099 0.1114 9.74 120.26 304.0
-773000.0 0.387099 0.111393 9.72 121.47 301.49
-774000.0 0.387099 0.111401 9.71 122.69 299.0
-775000.0 0.387099 0.111399 9.7 123.91 296.5
-776000.0 0.387099 0.111406 9.68 125.13 294.0
-777000.0 0.387099 0.111407 9.67 126.36 291.5
-778000.0 0.387099 0.111402 9.66 127.6 289.0
-779000.0 0.387099 0.111406 9.65 128.85 286.49
-780000.0 0.387099 0.111388 9.63 130.1 283.98
-781000.0 0.387098 0.111375 9.62 131.35 281.46
-782000.0 0.387098 0.111355 9.61 132.61 278.94
-783000.0 0.387098 0.111319 9.59 133.88 276.41
-784000.0 0.387098 0.111283 9.58 135.16 273.87
-785000.0 0.387098 0.111231 9.57 136.44 271.33
-786000.0 0.387098 0.111174 9.56 137.72 268.77
-787000.0 0.387098 0.111105 9.55 139.01 266.21
-788000.0 0.387098 0.11102 9.53 140.31 263.64
-789000.0 0.387098 0.110936 9.52 141.61 261.06
-790000.0 0.387098 0.110826 9.51 142.91 258.47
-791000.0 0.387098 0.110711 9.5 144.22 255.86
-792000.0 0.387098 0.110588 9.48 145.53 253.25
-793000.0 0.387098 0.110442 9.47 146.85 250.62
-794000.0 0.387098 0.110297 9.46 148.17 247.98
-795000.0 0.387098 0.110132 9.44 149.49 245.33
-796000.0 0.387099 0.109964 9.43 150.81 242.66
-797000.0 0.387099 0.109785 9.41 152.14 239.98
-798000.0 0.387099 0.109594 9.4 153.46 237.28
-799000.0 0.387099 0.10941 9.38 154.79 234.57
-800000.0 0.387099 0.109206 9.37 156.12 231.85
-801000.0 0.3871 0.109009 9.35 157.45 229.11
-802000.0 0.387099 0.108814 9.33 158.78 226.36
-803000.0 0.387099 0.10861 9.31 160.11 223.58
-804000.0 0.387099 0.108423 9.29 161.43 220.8
-805000.0 0.387099 0.108231 9.27 162.76 218.0
-806000.0 0.387099 0.108055 9.25 164.09 215.19
-807000.0 0.387098 0.107889 9.23 165.42 212.36
-808000.0 0.387099 0.107725 9.2 166.74 209.53
-809000.0 0.387098 0.107599 9.18 168.07 206.67
-810000.0 0.387098 0.107461 9.15 169.4 203.81
-811000.0 0.387098 0.107365 9.12 170.73 200.94
-812000.0 0.387098 0.107277 9.09 172.06 198.06
-813000.0 0.387098 0.107212 9.06 173.39 195.16
-814000.0 0.387098 0.107176 9.02 174.73 192.26
-815000.0 0.387098 0.107151 8.98 176.06 189.36
-816000.0 0.387098 0.107165 8.95 177.4 186.44
-817000.0 0.387099 0.107187 8.91 178.75 183.53
-818000.0 0.387098 0.10724 8.87 180.1 180.6
-819000.0 0.387099 0.107318 8.82 181.45 177.68
-820000.0 0.387098 0.107408 8.78 182.82 174.75
-821000.0 0.387098 0.107524 8.73 184.19 171.82
-822000.0 0.387099 0.107655 8.68 185.57 168.9
-823000.0 0.387098 0.107798 8.63 186.95 165.97
-824000.0 0.387099 0.107958 8.58 188.35 163.05
-825000.0 0.387098 0.108124 8.53 189.76 160.12
-826000.0 0.387099 0.108302 8.47 191.18 157.19
-827000.0 0.387098 0.108483 8.42 192.61 154.27
-828000.0 0.387098 0.108657 8.36 194.05 151.34
-829000.0 0.387098 0.108849 8.31 195.51 148.42
-830000.0 0.387098 0.109011 8.25 196.98 145.49
-831000.0 0.387098 0.109187 8.19 198.46 142.56
-832000.0 0.387098 0.109343 8.14 199.96 139.63
-833000.0 0.387099 0.109488 8.08 201.47 136.7
-834000.0 0.387098 0.109627 8.02 202.99 133.76
-835000.0 0.387099 0.109738 7.97 204.53 130.83
-836000.0 0.387099 0.10985 7.91 206.08 127.88
-837000.0 0.387099 0.109926 7.86 207.64 124.94
-838000.0 0.387099 0.109992 7.8 209.22 121.98
-839000.0 0.387099 0.11004 7.75 210.81 119.03
-840000.0 0.387099 0.110058 7.69 212.41 116.06
-841000.0 0.387099 0.110065 7.64 214.02 113.09
-842000.0 0.387099 0.110049 7.59 215.64 110.11
-843000.0 0.387099 0.110009 7.54 217.27 107.12
-844000.0 0.387098 0.109958 7.49 218.91 104.13
-845000.0 0.387098 0.109876 7.45 220.56 101.13
-846000.0 0.387098 0.109791 7.4 222.22 98.13
-847000.0 0.387098 0.109674 7.36 223.88 95.11
-848000.0 0.387098 0.109545 7.32 225.55 92.09
-849000.0 0.387098 0.109411 7.28 227.23 89.06
-850000.0 0.387098 0.109245 7.24 228.91 86.02
-851000.0 0.387098 0.109087 7.2 230.59 82.98
-852000.0 0.387098 0.108907 7.16 232.28 79.93
-853000.0 0.387098 0.108725 7.13 233.97 76.87
-854000.0 0.387098 0.108536 7.1 235.66 73.8
-855000.0 0.387098 0.108336 7.07 237.35 70.73
-856000.0 0.387098 0.108148 7.04 239.04 67.65
-857000.0 0.387099 0.107941 7.01 240.74 64.56
-858000.0 0.387099 0.107747 6.98 242.43 61.46
-859000.0 0.387099 0.107555 6.96 244.13 58.36
-860000.0 0.387099 0.107361 6.93 245.82 55.25
-861000.0 0.387099 0.107183 6.91 247.51 52.13
-862000.0 0.3871 0.107009 6.89 249.21 49.01
-863000.0 0.387099 0.106849 6.87 250.9 45.88
-864000.0 0.387099 0.106702 6.85 252.59 42.74
-865000.0 0.387099 0.106562 6.83 254.28 39.6
-866000.0 0.387099 0.106452 6.82 255.97 36.44
-867000.0 0.387098 0.106343 6.8 257.66 33.29
-868000.0 0.387098 0.106263 6.79 259.36 30.12
-869000.0 0.387098 0.106201 6.78 261.05 26.95
-870000.0 0.387098 0.106157 6.76 262.74 23.76
-871000.0 0.387098 0.106138 6.75 264.43 20.57
-872000.0 0.387098 0.106143 6.74 266.13 17.38
-873000.0 0.387099 0.10617 6.74 267.82 14.17
-874000.0 0.387098 0.106226 6.73 269.52 10.96
-875000.0 0.387098 0.1063 6.72 271.23 7.74
-876000.0 0.387098 0.106411 6.71 272.93 4.51
-877000.0 0.387098 0.10654 6.71 274.64 1.27
-878000.0 0.387098 0.106696 6.7 276.36 358.03
-879000.0 0.387098 0.106894 6.7 278.08 354.78
-880000.0 0.387098 0.107097 6.7 279.81 351.51
-881000.0 0.387098 0.107348 6.69 281.55 348.25
-882000.0 0.387098 0.107611 6.69 283.29 344.97
-883000.0 0.387099 0.107907 6.69 285.04 341.68
-884000.0 0.387098 0.108231 6.69 286.8 338.39
-885000.0 0.387099 0.108566 6.69 288.57 335.09
-886000.0 0.387098 0.108949 6.69 290.35 331.78
-887000.0 0.387099 0.109327 6.69 292.14 328.47
-888000.0 0.387098 0.109747 6.69 293.95 325.14
-889000.0 0.387099 0.110181 6.69 295.76 321.81
-890000.0 0.387098 0.110626 6.69 297.59 318.47
-891000.0 0.387099 0.111099 6.7 299.43 315.13
-892000.0 0.387098 0.111571 6.7 301.29 311.78
-893000.0 0.387098 0.112066 6.71 303.16 308.42
-894000.0 0.387098 0.112561 6.71 305.04 305.06
-895000.0 0.387098 0.113057 6.72 306.93 301.69
-896000.0 0.387099 0.113568 6.73 308.84 298.32
-897000.0 0.387098 0.114058 6.74 310.77 294.94
-898000.0 0.387099 0.114554 6.75 312.7 291.56
-899000.0 0.387099 0.11504 6.76 314.64 288.19
-900000.0 0.387099 0.115499 6.78 316.6 284.8
-901000.0 0.387098 0.115961 6.79 318.56 281.41
-902000.0 0.387099 0.116377 6.81 320.54 278.03
-903000.0 0.387098 0.116794 6.83 322.51 274.63
-904000.0 0.387099 0.117163 6.85 324.49 271.25
-905000.0 0.387098 0.117511 6.88 326.48 267.86
-906000.0 0.387098 0.117834 6.9 328.46 264.47
-907000.0 0.387098 0.118105 6.93 330.44 261.09
-908000.0 0.387098 0.118361 6.96 332.41 257.7
-909000.0 0.387098 0.118566 6.99 334.37 254.33
-910000.0 0.387098 0.118745 7.03 336.33 250.95
-911000.0 0.387098 0.118883 7.06 338.27 247.58
-912000.0 0.387098 0.118989 7.1 340.2 244.21
-913000.0 0.387098 0.119066 7.14 342.11 240.84
-914000.0 0.387098 0.119106 7.18 344.0 237.5
-915000.0 0.387098 0.119122 7.22 345.87 234.14
-916000.0 0.387098 0.119115 7.27 347.72 230.8
-917000.0 0.387098 0.119082 7.31 349.54 227.45
-918000.0 0.387099 0.119031 7.36 351.35 224.12
-919000.0 0.387098 0.118974 7.4 353.12 220.8
-920000.0 0.387099 0.118895 7.45 354.87 217.47
-921000.0 0.387099 0.118824 7.5 356.6 214.16
-922000.0 0.387099 0.11874 7.54 358.3 210.85
-923000.0 0.3871 0.11867 7.59 359.98 207.55
-924000.0 0.387099 0.118599 7.63 1.63 204.26
-925000.0 0.3871 0.11854 7.67 3.26 200.98
-926000.0 0.387099 0.118501 7.71 4.87 197.7
-927000.0 0.387099 0.118472 7.75 6.45 194.44
-928000.0 0.387099 0.118463 7.79 8.01 191.18
-929000.0 0.387098 0.118482 7.83 9.56 187.94
-930000.0 0.387099 0.118513 7.87 11.09 184.69
-931000.0 0.387098 0.11858 7.9 12.6 181.47
-932000.0 0.387098 0.118662 7.94 14.09 178.26
-933000.0 0.387098 0.118774 7.97 15.57 175.06
-934000.0 0.387097 0.118911 8.0 17.04 171.87
-935000.0 0.387098 0.11906 8.03 18.5 168.69
-936000.0 0.387097 0.119255 8.05 19.95 165.54
-937000.0 0.387098 0.119442 8.08 21.39 162.38
-938000.0 0.387098 0.119672 8.1 22.82 159.25
-939000.0 0.387098 0.119911 8.13 24.25 156.13
-940000.0 0.387098 0.120164 8.15 25.67 153.02
-941000.0 0.387098 0.120447 8.17 27.08 149.93
-942000.0 0.387099 0.12072 8.19 28.5 146.85
-943000.0 0.387098 0.121033 8.21 29.9 143.79
-944000.0 0.387099 0.121331 8.24 31.31 140.73
-945000.0 0.387099 0.121648 8.26 32.72 137.7
-946000.0 0.387099 0.121974 8.28 34.12 134.67
-947000.0 0.387099 0.122289 8.3 35.52 131.66
-948000.0 0.387099 0.122624 8.32 36.92 128.66
-949000.0 0.387099 0.122947 8.34 38.33 125.67
-950000.0 0.387099 0.123277 8.36 39.73 122.69
-951000.0 0.387099 0.123607 8.39 41.13 119.73
-952000.0 0.387099 0.123924 8.41 42.53 116.78
-953000.0 0.387098 0.124255 8.43 43.94 113.84
-954000.0 0.387099 0.124561 8.46 45.34 110.91
-955000.0 0.387098 0.124866 8.49 46.74 107.99
-956000.0 0.387098 0.125171 8.51 48.15 105.09
-957000.0 0.387099 0.125444 8.54 49.55 102.19
-958000.0 0.387098 0.125734 8.57 50.96 99.3
-959000.0 0.387099 0.125986 8.6 52.36 96.43
-960000.0 0.387098 0.126248 8.64 53.77 93.55
-961000.0 0.387098 0.126484 8.67 55.17 90.7
-962000.0 0.387098 0.126707 8.71 56.57 87.85
-963000.0 0.387098 0.126926 8.74 57.98 85.0
-964000.0 0.387098 0.12711 8.78 59.38 82.17
-965000.0 0.387098 0.127294 8.82 60.77 79.33
-966000.0 0.387098 0.127455 8.86 62.17 76.52
-967000.0 0.387098 0.1276 8.9 63.56 73.69
-968000.0 0.387099 0.127734 8.94 64.95 70.88
-969000.0 0.387098 0.127849 8.98 66.34 68.07
-970000.0 0.387099 0.127953 9.03 67.72 65.26
-971000.0 0.387098 0.128043 9.07 69.1 62.46
-972000.0 0.387098 0.128112 9.12 70.48 59.66
-973000.0 0.387098 0.128182 9.16 71.85 56.86
-974000.0 0.387098 0.128224 9.21 73.21 54.06
-975000.0 0.387098 0.128263 9.25 74.57 51.26
-976000.0 0.387098 0.128301 9.3 75.92 48.46
-977000.0 0.387099 0.128313 9.34 77.27 45.66
-978000.0 0.387098 0.128347 9.39 78.61 42.85
-979000.0 0.387099 0.128353 9.43 79.94 40.04
-980000.0 0.387098 0.128381 9.48 81.27 37.23
-981000.0 0.387099 0.128398 9.52 82.59 34.41
-982000.0 0.387099 0.12842 9.56 83.91 31.59
-983000.0 0.387099 0.128465 9.6 85.22 28.75
-984000.0 0.3871 0.128498 9.64 86.52 25.92
-985000.0 0.387099 0.128563 9.68 87.82 23.07
-986000.0 0.3871 0.128638 9.72 89.11 20.22
-987000.0 0.387099 0.128729 9.75 90.4 17.35
-988000.0 0.387099 0.128856 9.78 91.68 14.49
-989000.0 0.387099 0.128992 9.81 92.96 11.61
-990000.0 0.387098 0.129176 9.84 94.23 8.72
-991000.0 0.387098 0.12938 9.87 95.51 5.83
-992000.0 0.387098 0.129616 9.89 96.77 2.93
-993000.0 0.387098 0.129909 9.91 98.04 0.02
-994000.0 0.387098 0.13021 9.92 99.31 357.1
-995000.0 0.387098 0.130581 9.94 100.57 354.18
-996000.0 0.387098 0.130974 9.94 101.84 351.26
-997000.0 0.387098 0.131417 9.95 103.11 348.32
-998000.0 0.387098 0.131904 9.95 104.38 345.39
-999000.0 0.387098 0.13242 9.95 105.65 342.46
-1000000.0 0.387098 0.132998 9.95 106.93 339.51
0.0 0.387098 0.20564 7.0 48.32 29.14
-1.0 0.387099 0.205629 7.0 48.32 29.14
-2.0 0.387098 0.205626 7.0 48.32 29.13
-3.0 0.387098 0.20563 7.0 48.32 29.13
-4.0 0.3871 0.205629 7.0 48.32 29.13
-5.0 0.387099 0.205632 7.0 48.33 29.13
-6.0 0.387101 0.205631 7.0 48.33 29.12
-7.0 0.3871 0.205623 7.0 48.33 29.12
-8.0 0.3871 0.20562 7.0 48.33 29.12
-9.0 0.387098 0.205631 7.0 48.33 29.12
-10.0 0.387097 0.205642 7.0 48.33 29.12
-11.0 0.387098 0.205641 7.0 48.33 29.11
-12.0 0.387098 0.205633 7.0 48.33 29.11
-13.0 0.387099 0.205626 7.0 48.34 29.1
-14.0 0.387098 0.205625 7.0 48.34 29.1
-15.0 0.387099 0.20562 7.0 48.34 29.1
-16.0 0.387099 0.205624 7.0 48.34 29.1
-17.0 0.387098 0.205636 7.0 48.34 29.1
-18.0 0.387098 0.205631 7.0 48.34 29.09
-19.0 0.387098 0.205626 7.0 48.34 29.09
-20.0 0.387098 0.205628 7.0 48.34 29.09
-21.0 0.387097 0.205635 7.0 48.35 29.08
-22.0 0.387098 0.205637 7.0 48.35 29.08
-23.0 0.387099 0.205632 7.0 48.35 29.08
-24.0 0.387099 0.205629 7.0 48.35 29.07
-25.0 0.3871 0.205621 7.0 48.35 29.07
-26.0 0.387099 0.205617 7.0 48.35 29.07
-27.0 0.3871 0.20562 7.0 48.35 29.07
-28.0 0.387098 0.205631 7.0 48.35 29.07
-29.0 0.387099 0.205631 7.0 48.36 29.06
-30.0 0.387098 0.205629 7.0 48.36 29.06
-31.0 0.387097 0.205629 7.0 48.36 29.05
-32.0 0.387097 0.205628 7.0 48.36 29.05
-33.0 0.387097 0.205629 7.0 48.36 29.05
-34.0 0.387099 0.205628 7.0 48.36 29.05
-35.0 0.387099 0.205629 7.0 48.36 29.04
-36.0 0.387099 0.205622 7.0 48.36 29.04
-37.0 0.387099 0.205618 7.0 48.37 29.04
-38.0 0.387097 0.205624 7.0 48.37 29.04
-39.0 0.387098 0.205626 7.0 48.37 29.04
-40.0 0.387098 0.205627 7.0 48.37 29.03
-41.0 0.387098 0.205628 7.0 48.37 29.03
-42.0 0.387098 0.205629 7.0 48.37 29.02
-43.0 0.387098 0.205624 7.0 48.37 29.02
-44.0 0.387099 0.205615 7.0 48.37 29.02
-45.0 0.387099 0.205617 7.0 48.38 29.02
-46.0 0.387101 0.205623 7.0 48.38 29.02
-47.0 0.387099 0.205625 7.0 48.38 29.01
-48.0 0.387099 0.205622 7.0 48.38 29.01
-49.0 0.387098 0.205625 7.0 48.38 29.0
-50.0 0.387098 0.205623 7.0 48.38 29.01
-51.0 0.387098 0.20562 7.0 48.38 29.0
-52.0 0.387098 0.205623 7.0 48.39 29.0
-53.0 0.387098 0.205628 7.0 48.39 28.99
-54.0 0.387098 0.205626 7.0 48.39 28.99
-55.0 0.387098 0.205609 7.0 48.39 28.99
-56.0 0.387099 0.205606 7.0 48.39 28.99
-57.0 0.387099 0.205618 7.0 48.39 28.99
-58.0 0.387099 0.205622 7.0 48.39 28.98
-59.0 0.387098 0.205627 7.0 48.39 28.98
-60.0 0.387098 0.205628 7.0 48.4 28.97
-61.0 0.387097 0.205623 7.0 48.4 28.97
-62.0 0.387098 0.205614 7.0 48.4 28.97
-63.0 0.387099 0.205614 7.0 48.4 28.97
-64.0 0.387099 0.205622 7.0 48.4 28.96
-65.0 0.3871 0.205624 7.0 48.4 28.96
-66.0 0.387099 0.205615 7.0 48.4 28.96
-67.0 0.3871 0.205607 7.0 48.4 28.96
-68.0 0.387098 0.205611 7.0 48.4 28.96
-69.0 0.387098 0.205615 7.0 48.41 28.96
-70.0 0.387098 0.205625 7.0 48.41 28.95
-71.0 0.387097 0.205631 7.0 48.41 28.94
-72.0 0.387097 0.205626 7.0 48.41 28.94
-73.0 0.387098 0.205614 7.0 48.41 28.94
-74.0 0.387099 0.205605 7.0 48.41 28.94
-75.0 0.387098 0.205611 7.0 48.41 28.94
-76.0 0.387099 0.205615 7.0 48.42 28.93
-77.0 0.387099 0.20562 7.0 48.42 28.93
-78.0 0.387098 0.205621 7.0 48.42 28.93
-79.0 0.387098 0.205614 7.0 48.42 28.93
-80.0 0.387098 0.205611 7.0 48.42 28.93
-81.0 0.387099 0.205619 7.0 48.42 28.92
-82.0 0.387098 0.205631 7.0 48.42 28.91
-83.0 0.387098 0.205629 7.0 48.42 28.91
-84.0 0.387098 0.205616 7.0 48.43 28.91
-85.0 0.387099 0.205603 7.01 48.43 28.91
-86.0 0.3871 0.205603 7.01 48.43 28.91
-87.0 0.387099 0.205607 7.01 48.43 28.91
-88.0 0.387099 0.205615 7.01 48.43 28.9
-89.0 0.387098 0.205626 7.01 48.43 28.9
-90.0 0.387097 0.20562 7.01 48.43 28.9
-91.0 0.387098 0.205608 7.01 48.43 28.89
-92.0 0.387098 0.20561 7.01 48.43 28.89
-93.0 0.387098 0.205622 7.01 48.44 28.89
-94.0 0.387097 0.205628 7.01 48.44 28.88
-95.0 0.387099 0.205615 7.01 48.44 28.88
-96.0 0.387099 0.205606 7.01 48.44 28.88
-97.0 0.387099 0.205603 7.01 48.44 28.88
-98.0 0.387099 0.205601 7.01 48.44 28.88
-99.0 0.387098 0.205612 7.01 48.44 28.87
-100.0 0.387098 0.205624 7.01 48.45 28.87
-101.0 0.387098 0.205624 7.01 48.45 28.86
-102.0 0.387099 0.205609 7.01 48.45 28.86
-103.0 0.387099 0.205602 7.01 48.45 28.86
-104.0 0.387098 0.205609 7.01 48.45 28.86
-105.0 0.387098 0.205619 7.01 48.45 28.85
-106.0 0.387099 0.205617 7.01 48.45 28.85
-107.0 0.387099 0.20561 7.01 48.45 28.85
-108.0 0.387098 0.205607 7.01 48.45 28.85
-109.0 0.387099 0.2056 7.01 48.46 28.84
-110.0 0.387098 0.205607 7.01 48.46 28.84
-111.0 0.387097 0.205619 7.01 48.46 28.84
-112.0 0.387097 0.205623 7.01 48.46 28.84
-113.0 0.387098 0.205613 7.01 48.46 28.83
-114.0 0.387098 0.205598 7.01 48.46 28.83
-115.0 0.387099 0.205597 7.01 48.46 28.83
-116.0 0.3871 0.205599 7.01 48.47 28.83
-117.0 0.387099 0.20561 7.01 48.47 28.82
-118.0 0.387099 0.205617 7.01 48.47 28.82
-119.0 0.387099 0.205612 7.01 48.47 28.82
-120.0 0.387099 0.205602 7.01 48.47 28.81
-121.0 0.387098 0.205601 7.01 48.47 28.81
-122.0 0.387098 0.205611 7.01 48.47 28.81
-123.0 0.387098 0.205616 7.01 48.47 28.81
-124.0 0.387098 0.205614 7.01 48.48 28.8
-125.0 0.387099 0.205603 7.01 48.48 28.8
-126.0 0.387099 0.205597 7.01 48.48 28.79
-127.0 0.387099 0.205591 7.01 48.48 28.8
-128.0 0.387098 0.205599 7.01 48.48 28.79
-129.0 0.387097 0.205617 7.01 48.48 28.79
-130.0 0.387098 0.205617 7.01 48.48 28.79
-131.0 0.387098 0.205607 7.01 48.48 28.78
-132.0 0.387098 0.205601 7.01 48.48 28.78
-133.0 0.387098 0.205604 7.01 48.49 28.78
-134.0 0.387098 0.205607 7.01 48.49 28.78
-135.0 0.387099 0.205604 7.01 48.49 28.77
-136.0 0.387099 0.205605 7.01 48.49 28.77
-137.0 0.3871 0.205601 7.01 48.49 28.77
-138.0 0.387099 0.205594 7.01 48.49 28.76
-139.0 0.387099 0.205597 7.01 48.49 28.76
-140.0 0.387098 0.205611 7.01 48.5 28.76
-141.0 0.387098 0.205617 7.01 48.5 28.76
-142.0 0.387098 0.205611 7.01 48.5 28.75
-143.0 0.387098 0.205605 7.01 48.5 28.75
-144.0 0.387098 0.205602 7.01 48.5 28.74
-145.0 0.387098 0.205601 7.01 48.5 28.74
-146.0 0.387099 0.205596 7.01 48.5 28.74
-147.0 0.387099 0.205599 7.01 48.5 28.74
-148.0 0.387099 0.205604 7.01 48.51 28.74
-149.0 0.387099 0.205599 7.01 48.51 28.73
-150.0 0.387097 0.2056 7.01 48.51 28.73
-151.0 0.387097 0.205605 7.01 48.51 28.73
-152.0 0.387097 0.205612 7.01 48.51 28.73
-153.0 0.387098 0.20561 7.01 48.51 28.72
-154.0 0.387099 0.205605 7.01 48.51 28.72
-155.0 0.387099 0.205603 7.01 48.51 28.71
-156.0 0.3871 0.205593 7.01 48.52 28.71
-157.0 0.387099 0.20559 7.01 48.52 28.71
-158.0 0.3871 0.205595 7.01 48.52 28.71
-159.0 0.387099 0.205602 7.01 48.52 28.71
-160.0 0.387099 0.205601 7.01 48.52 28.71
-161.0 0.387098 0.205601 7.01 48.52 28.7
-162.0 0.387097 0.205601 7.01 48.52 28.7
-163.0 0.387098 0.205601 7.01 48.52 28.7
-164.0 0.387098 0.205602 7.01 48.53 28.7
-165.0 0.387099 0.205603 7.01 48.53 28.69
-166.0 0.387098 0.205604 7.01 48.53 28.68
-167.0 0.387099 0.205592 7.01 48.53 28.68
-168.0 0.387099 0.205589 7.01 48.53 28.68
-169.0 0.387098 0.205597 7.01 48.53 28.68
-170.0 0.387098 0.205598 7.01 48.53 28.68
-171.0 0.387098 0.2056 7.01 48.53 28.68
-172.0 0.387098 0.205603 7.01 48.54 28.67
-173.0 0.387097 0.205601 7.01 48.54 28.67
-174.0 0.387098 0.205593 7.01 48.54 28.67
-175.0 0.3871 0.205588 7.01 48.54 28.67
-176.0 0.387099 0.205592 7.01 48.54 28.66
-177.0 0.387101 0.205597 7.01 48.54 28.66
-178.0 0.387099 0.205596 7.01 48.54 28.65
-179.0 0.387099 0.205593 7.01 48.54 28.65
-180.0 0.387098 0.205595 7.01 48.55 28.65
-181.0 0.387098 0.205593 7.01 48.55 28.65
-182.0 0.387098 0.205594 7.01 48.55 28.65
-183.0 0.387098 0.205601 7.01 48.55 28.64
-184.0 0.387098 0.205604 7.01 48.55 28.64
-185.0 0.387098 0.205597 7.01 48.55 28.63
-186.0 0.387099 0.205581 7.01 48.55 28.63
-187.0 0.387099 0.205581 7.01 48.55 28.63
-188.0 0.387099 0.205592 7.01 48.56 28.63
-189.0 0.387099 0.205596 7.01 48.56 28.63
-190.0 0.387098 0.205601 7.01 48.56 28.62
-191.0 0.387098 0.205598 7.01 48.56 28.62
-192.0 0.387098 0.205592 7.01 48.56 28.62
-193.0 0.387099 0.205586 7.01 48.56 28.62
-194.0 0.387099 0.205592 7.01 48.56 28.61
-195.0 0.387098 0.205602 7.01 48.56 28.61
-196.0 0.387099 0.205598 7.01 48.57 28.6
-197.0 0.387099 0.205586 7.01 48.57 28.6
-198.0 0.3871 0.205579 7.01 48.57 28.6
-199.0 0.387099 0.205586 7.01 48.57 28.6
-200.0 0.387099 0.205592 7.01 48.57 28.6
-201.0 0.387098 0.205603 7.01 48.57 28.59
-202.0 0.387097 0.205605 7.01 48.57 28.59
-203.0 0.387097 0.205594 7.01 48.57 28.59
-204.0 0.387098 0.205583 7.01 48.57 28.59
-205.0 0.387099 0.205582 7.01 48.58 28.58
-206.0 0.387098 0.205592 7.01 48.58 28.58
-207.0 0.387099 0.205591 7.01 48.58 28.58
-208.0 0.387099 0.20559 7.01 48.58 28.57
-209.0 0.387098 0.20559 7.01 48.58 28.57
-210.0 0.387098 0.205583 7.01 48.58 28.57
-211.0 0.387098 0.205587 7.01 48.58 28.57
-212.0 0.387098 0.205599 7.01 48.59 28.56
-213.0 0.387098 0.205607 7.01 48.59 28.56
-214.0 0.387098 0.205598 7.01 48.59 28.55
-215.0 0.387099 0.205583 7.01 48.59 28.55
-216.0 0.387099 0.205576 7.01 48.59 28.55
-217.0 0.387099 0.205581 7.01 48.59 28.55
-218.0 0.387099 0.205585 7.01 48.59 28.55
-219.0 0.387099 0.20559 7.01 48.59 28.54
-220.0 0.387098 0.205594 7.01 48.6 28.54
-221.0 0.387098 0.205584 7.01 48.6 28.54
-222.0 0.387098 0.205579 7.01 48.6 28.54
-223.0 0.387098 0.20559 7.01 48.6 28.53
-224.0 0.387097 0.205602 7.01 48.6 28.53
-225.0 0.387097 0.205601 7.01 48.6 28.53
-226.0 0.387098 0.205584 7.01 48.6 28.52
-227.0 0.387099 0.205575 7.01 48.6 28.52
-228.0 0.3871 0.205573 7.01 48.6 28.52
-229.0 0.387099 0.205578 7.01 48.61 28.52
-230.0 0.387098 0.205591 7.01 48.61 28.51
-231.0 0.387098 0.205597 7.01 48.61 28.51
-232.0 0.387098 0.205589 7.01 48.61 28.51
-233.0 0.387098 0.205574 7.01 48.61 28.51
-234.0 0.387099 0.205577 7.01 48.61 28.5
-235.0 0.387098 0.205588 7.01 48.61 28.5
-236.0 0.387099 0.205594 7.01 48.62 28.5
-237.0 0.387099 0.205586 7.01 48.62 28.49
-238.0 0.3871 0.205578 7.01 48.62 28.49
-239.0 0.387099 0.205573 7.01 48.62 28.49
-240.0 0.387099 0.205571 7.01 48.62 28.49
-241.0 0.387098 0.205585 7.01 48.62 28.49
-242.0 0.387097 0.205595 7.01 48.62 28.48
-243.0 0.387098 0.205593 7.01 48.62 28.48
-244.0 0.387099 0.20558 7.01 48.63 28.47
-245.0 0.387098 0.205572 7.01 48.63 28.47
-246.0 0.387098 0.205576 7.01 48.63 28.47
-247.0 0.387099 0.205578 7.01 48.63 28.47
-248.0 0.387099 0.205585 7.01 48.63 28.47
-249.0 0.387099 0.205587 7.01 48.63 28.46
-250.0 0.387099 0.205578 7.01 48.63 28.46
-251.0 0.387099 0.205572 7.01 48.63 28.46
-252.0 0.387098 0.205578 7.01 48.64 28.45
-253.0 0.387097 0.205589 7.01 48.64 28.45
-254.0 0.387098 0.205591 7.02 48.64 28.45
-255.0 0.387098 0.205585 7.02 48.64 28.45
-256.0 0.387099 0.205576 7.02 48.64 28.44
-257.0 0.387099 0.205573 7.02 48.64 28.44
-258.0 0.387099 0.20557 7.02 48.64 28.44
-259.0 0.387099 0.205578 7.02 48.64 28.44
-260.0 0.387098 0.205591 7.02 48.65 28.43
-261.0 0.387098 0.205585 7.02 48.65 28.43
-262.0 0.387098 0.205577 7.02 48.65 28.43
-263.0 0.387098 0.205576 7.02 48.65 28.42
-264.0 0.387097 0.205581 7.02 48.65 28.42
-265.0 0.387098 0.205583 7.02 48.65 28.42
-266.0 0.387099 0.205578 7.02 48.65 28.42
-267.0 0.387099 0.205578 7.02 48.65 28.41
-268.0 0.3871 0.20557 7.02 48.66 28.41
-269.0 0.387099 0.205567 7.02 48.66 28.41
-270.0 0.387099 0.205576 7.02 48.66 28.41
-271.0 0.387098 0.205588 7.02 48.66 28.41
-272.0 0.387099 0.205588 7.02 48.66 28.4
-273.0 0.387099 0.20558 7.02 48.66 28.39
-274.0 0.387098 0.205578 7.02 48.66 28.39
-275.0 0.387097 0.205576 7.02 48.66 28.39
-276.0 0.387098 0.205575 7.02 48.67 28.39
-277.0 0.387099 0.205571 7.02 48.67 28.39
-278.0 0.387099 0.205574 7.02 48.67 28.38
-279.0 0.387099 0.205573 7.02 48.67 28.38
-280.0 0.387099 0.205568 7.02 48.67 28.38
-281.0 0.387097 0.205573 7.02 48.67 28.38
-282.0 0.387097 0.205581 7.02 48.67 28.38
-283.0 0.387097 0.205585 7.02 48.67 28.37
-284.0 0.387098 0.205582 7.02 48.68 28.37
-285.0 0.387098 0.205579 7.02 48.68 28.36
-286.0 0.387098 0.205576 7.02 48.68 28.36
-287.0 0.3871 0.205565 7.02 48.68 28.36
-288.0 0.387099 0.205564 7.02 48.68 28.36
-289.0 0.3871 0.20557 7.02 48.68 28.36
-290.0 0.387099 0.205574 7.02 48.68 28.35
-291.0 0.387099 0.205572 7.02 48.68 28.35
-292.0 0.387098 0.205571 7.02 48.69 28.34
-293.0 0.387098 0.205572 7.02 48.69 28.34
-294.0 0.387098 0.205573 7.02 48.69 28.34
-295.0 0.387098 0.205575 7.02 48.69 28.34
-296.0 0.387099 0.205578 7.02 48.69 28.33
-297.0 0.387098 0.205577 7.02 48.69 28.33
-298.0 0.387099 0.205563 7.02 48.69 28.33
-299.0 0.387099 0.205559 7.02 48.69 28.33
-300.0 0.387098 0.205569 7.02 48.7 28.33
-301.0 0.387099 0.20557 7.02 48.7 28.32
-302.0 0.387098 0.205575 7.02 48.7 28.32
-303.0 0.387098 0.205576 7.02 48.7 28.31
-304.0 0.387097 0.205572 7.02 48.7 28.31
-305.0 0.387098 0.205564 7.02 48.7 28.31
-306.0 0.387099 0.205563 7.02 48.7 28.31
-307.0 0.387099 0.205571 7.02 48.7 28.3
-308.0 0.3871 0.205572 7.02 48.71 28.3
-309.0 0.387099 0.205567 7.02 48.71 28.3
-310.0 0.3871 0.205563 7.02 48.71 28.3
-311.0 0.387098 0.205565 7.02 48.71 28.3
-312.0 0.387098 0.205564 7.02 48.71 28.3
-313.0 0.387098 0.20557 7.02 48.71 28.29
-314.0 0.387097 0.20558 7.02 48.71 28.28
-315.0 0.387097 0.205578 7.02 48.71 28.28
-316.0 0.387098 0.205566 7.02 48.72 28.28
-317.0 0.387099 0.205556 7.02 48.72 28.28
-318.0 0.387099 0.205561 7.02 48.72 28.28
-319.0 0.387099 0.205567 7.02 48.72 28.27
-320.0 0.387099 0.20557 7.02 48.72 28.27
-321.0 0.387097 0.205574 7.02 48.72 28.26
-322.0 0.387098 0.205567 7.02 48.72 28.26
-323.0 0.387098 0.205561 7.02 48.72 28.26
-324.0 0.387099 0.205562 7.02 48.73 28.26
-325.0 0.387098 0.205573 7.02 48.73 28.25
-326.0 0.387098 0.205578 7.02 48.73 28.25
-327.0 0.387099 0.205567 7.02 48.73 28.25
-328.0 0.387099 0.205555 7.02 48.73 28.25
-329.0 0.3871 0.205554 7.02 48.73 28.25
-330.0 0.387099 0.205562 7.02 48.73 28.25
-331.0 0.387099 0.20557 7.02 48.73 28.24
-332.0 0.387098 0.205577 7.02 48.74 28.23
-333.0 0.387097 0.205573 7.02 48.74 28.23
-334.0 0.387098 0.205561 7.02 48.74 28.23
-335.0 0.387098 0.205556 7.02 48.74 28.23
-336.0 0.387098 0.205562 7.02 48.74 28.22
-337.0 0.387098 0.205572 7.02 48.74 28.22
-338.0 0.387099 0.205564 7.02 48.74 28.22
-339.0 0.387099 0.205557 7.02 48.74 28.22
-340.0 0.387099 0.205556 7.02 48.74 28.22
-341.0 0.387099 0.205554 7.02 48.75 28.22
-342.0 0.387098 0.205566 7.02 48.75 28.21
-343.0 0.387098 0.205578 7.02 48.75 28.21
-344.0 0.387097 0.205578 7.02 48.75 28.2
-345.0 0.387098 0.205564 7.02 48.75 28.2
-346.0 0.387099 0.205553 7.02 48.75 28.2
-347.0 0.387099 0.205553 7.02 48.75 28.19
-348.0 0.387099 0.205559 7.02 48.76 28.19
-349.0 0.387099 0.205562 7.02 48.76 28.19
-350.0 0.387099 0.205561 7.02 48.76 28.19
-351.0 0.387098 0.205558 7.02 48.76 28.19
-352.0 0.387099 0.205548 7.02 48.76 28.18
-353.0 0.387098 0.205554 7.02 48.76 28.18
-354.0 0.387098 0.205569 7.02 48.76 28.18
-355.0 0.387098 0.205576 7.02 48.76 28.17
-356.0 0.387098 0.205568 7.02 48.77 28.17
-357.0 0.387099 0.205552 7.02 48.77 28.17
-358.0 0.387099 0.205547 7.02 48.77 28.16
-359.0 0.387099 0.205547 7.02 48.77 28.16
-360.0 0.387099 0.205555 7.02 48.77 28.16
-361.0 0.387098 0.205568 7.02 48.77 28.16
-362.0 0.387098 0.205566 7.02 48.77 28.16
-363.0 0.387099 0.205554 7.02 48.77 28.15
-364.0 0.387098 0.205547 7.02 48.77 28.15
-365.0 0.387098 0.205557 7.02 48.78 28.15
-366.0 0.387098 0.205568 7.02 48.78 28.14
-367.0 0.387099 0.205566 7.02 48.78 28.14
-368.0 0.387099 0.205555 7.02 48.78 28.14
-369.0 0.3871 0.205548 7.02 48.78 28.13
-370.0 0.387099 0.205543 7.02 48.78 28.13
-371.0 0.387098 0.205547 7.02 48.78 28.13
-372.0 0.387098 0.205564 7.02 48.79 28.13
-373.0 0.387097 0.205569 7.02 48.79 28.13
-374.0 0.387098 0.205561 7.02 48.79 28.12
-375.0 0.387098 0.20555 7.02 48.79 28.12
-376.0 0.387098 0.20555 7.02 48.79 28.12
-377.0 0.387098 0.205558 7.02 48.79 28.11
-378.0 0.387099 0.205557 7.02 48.79 28.11
-379.0 0.387099 0.205557 7.02 48.79 28.11
-380.0 0.387099 0.205555 7.02 48.8 28.11
-381.0 0.387099 0.205546 7.02 48.8 28.1
-382.0 0.387099 0.205546 7.02 48.8 28.1
-383.0 0.387098 0.205556 7.02 48.8 28.1
-384.0 0.387098 0.205565 7.02 48.8 28.1
-385.0 0.387098 0.205561 7.02 48.8 28.09
-386.0 0.387098 0.205555 7.02 48.8 28.09
-387.0 0.387098 0.20555 7.02 48.8 28.08
-388.0 0.387098 0.20555 7.02 48.81 28.08
-389.0 0.387099 0.20555 7.02 48.81 28.08
-390.0 0.387099 0.205554 7.02 48.81 28.08
-391.0 0.387098 0.20556 7.02 48.81 28.08
-392.0 0.387099 0.205551 7.02 48.81 28.07
-393.0 0.387098 0.205549 7.02 48.81 28.07
-394.0 0.387097 0.205552 7.02 48.81 28.07
-395.0 0.387097 0.205557 7.02 48.81 28.07
-396.0 0.387098 0.205556 7.02 48.82 28.06
-397.0 0.387099 0.205552 7.02 48.82 28.06
-398.0 0.387099 0.20555 7.02 48.82 28.05
-399.0 0.3871 0.20554 7.02 48.82 28.05
-400.0 0.387099 0.205542 7.02 48.82 28.05
-401.0 0.387099 0.205553 7.02 48.82 28.05
-402.0 0.387098 0.205561 7.02 48.82 28.05
-403.0 0.387099 0.205557 7.02 48.82 28.04
-404.0 0.387098 0.205552 7.02 48.83 28.04
-405.0 0.387098 0.205552 7.02 48.83 28.03
-406.0 0.387098 0.20555 7.02 48.83 28.03
-407.0 0.387098 0.205548 7.02 48.83 28.03
-408.0 0.387099 0.205546 7.02 48.83 28.03
-409.0 0.387099 0.205549 7.02 48.83 28.02
-410.0 0.387099 0.20554 7.02 48.83 28.02
-411.0 0.387099 0.205536 7.02 48.83 28.02
-412.0 0.387098 0.205546 7.02 48.84 28.02
-413.0 0.387098 0.205553 7.02 48.84 28.02
-414.0 0.387098 0.205555 7.02 48.84 28.02
-415.0 0.387098 0.205554 7.02 48.84 28.01
-416.0 0.387098 0.205552 7.02 48.84 28.0
-417.0 0.387098 0.205547 7.02 48.84 28.0
-418.0 0.387099 0.205537 7.02 48.84 28.0
-419.0 0.387099 0.205538 7.02 48.84 28.0
-420.0 0.387101 0.205544 7.02 48.85 28.0
-421.0 0.3871 0.205545 7.03 48.85 27.99
-422.0 0.387099 0.205543 7.03 48.85 27.99
-423.0 0.387098 0.205543 7.03 48.85 27.99
-424.0 0.387098 0.205545 7.03 48.85 27.99
-425.0 0.387098 0.205546 7.03 48.85 27.99
-426.0 0.387098 0.205551 7.03 48.85 27.98
-427.0 0.387098 0.205553 7.03 48.85 27.97
-428.0 0.387098 0.205549 7.03 48.86 27.97
-429.0 0.387099 0.205535 7.03 48.86 27.97
-430.0 0.387099 0.205531 7.03 48.86 27.97
-431.0 0.387098 0.20554 7.03 48.86 27.97
-432.0 0.387099 0.205545 7.03 48.86 27.97
-433.0 0.387098 0.205551 7.03 48.86 27.96
-434.0 0.387098 0.20555 7.03 48.86 27.96
-435.0 0.387098 0.205544 7.03 48.86 27.96
-436.0 0.387098 0.205539 7.03 48.87 27.96
-437.0 0.387099 0.205542 7.03 48.87 27.95
-438.0 0.387099 0.20555 7.03 48.87 27.95
-439.0 0.3871 0.205545 7.03 48.87 27.94
-440.0 0.387099 0.205538 7.03 48.87 27.94
-441.0 0.3871 0.205533 7.03 48.87 27.94
-442.0 0.387099 0.205536 7.03 48.87 27.94
-443.0 0.387099 0.205539 7.03 48.87 27.94
-444.0 0.387098 0.205548 7.03 48.88 27.93
-445.0 0.387097 0.205555 7.03 48.88 27.93
-446.0 0.387097 0.205547 7.03 48.88 27.93
-447.0 0.387098 0.205536 7.03 48.88 27.92
-448.0 0.387099 0.205533 7.03 48.88 27.92
-449.0 0.387098 0.205543 7.03 48.88 27.92
-450.0 0.387099 0.205542 7.03 48.88 27.92
-451.0 0.387099 0.205541 7.03 48.88 27.91
-452.0 0.387097 0.205543 7.03 48.89 27.91
-453.0 0.387098 0.205536 7.03 48.89 27.91
-454.0 0.387098 0.205533 7.03 48.89 27.91
-455.0 0.387098 0.205541 7.03 48.89 27.9
-456.0 0.387098 0.205552 7.03 48.89 27.9
-457.0 0.387098 0.205549 7.03 48.89 27.89
-458.0 0.387099 0.205534 7.03 48.89 27.89
-459.0 0.387099 0.205526 7.03 48.89 27.89
-460.0 0.3871 0.205531 7.03 48.9 27.89
-461.0 0.387099 0.205539 7.03 48.9 27.89
-462.0 0.387099 0.205545 7.03 48.9 27.88
-463.0 0.387098 0.205548 7.03 48.9 27.88
-464.0 0.387098 0.205539 7.03 48.9 27.88
-465.0 0.387098 0.20553 7.03 48.9 27.88
-466.0 0.387098 0.205532 7.03 48.9 27.87
-467.0 0.387098 0.205543 7.03 48.9 27.87
-468.0 0.387097 0.205547 7.03 48.91 27.87
-469.0 0.387098 0.205533 7.03 48.91 27.86
-470.0 0.387099 0.205522 7.03 48.91 27.86
-471.0 0.387099 0.205523 7.03 48.91 27.86
-472.0 0.387099 0.205528 7.03 48.91 27.86
-473.0 0.387098 0.205544 7.03 48.91 27.85
-474.0 0.387098 0.205551 7.03 48.91 27.85
-475.0 0.387098 0.205545 7.03 48.91 27.85
-476.0 0.387098 0.20553 7.03 48.91 27.84
-477.0 0.387099 0.205526 7.03 48.92 27.84
-478.0 0.387099 0.205532 7.03 48.92 27.84
-479.0 0.387099 0.205537 7.03 48.92 27.84
-480.0 0.387099 0.205535 7.03 48.92 27.83
-481.0 0.3871 0.205528 7.03 48.92 27.83
-482.0 0.387099 0.205523 7.03 48.92 27.83
-483.0 0.387098 0.205519 7.03 48.92 27.83
-484.0 0.387098 0.205534 7.03 48.93 27.83
-485.0 0.387097 0.205548 7.03 48.93 27.82
-486.0 0.387098 0.205547 7.03 48.93 27.82
-487.0 0.387098 0.205534 7.03 48.93 27.81
-488.0 0.387099 0.205523 7.03 48.93 27.81
-489.0 0.387098 0.205524 7.03 48.93 27.81
-490.0 0.387099 0.205523 7.03 48.93 27.81
-491.0 0.387099 0.205532 7.03 48.93 27.81
-492.0 0.387098 0.205541 7.03 48.94 27.8
-493.0 0.387099 0.205532 7.03 48.94 27.8
-494.0 0.387099 0.205522 7.03 48.94 27.8
-495.0 0.387098 0.205526 7.03 48.94 27.79
-496.0 0.387098 0.20554 7.03 48.94 27.79
-497.0 0.387098 0.205544 7.03 48.94 27.79
-498.0 0.387099 0.205536 7.03 48.94 27.78
-499.0 0.387099 0.205525 7.03 48.94 27.78
-500.0 0.3871 0.20552 7.03 48.94 27.78
-501.0 0.387099 0.205517 7.03 48.95 27.78
-502.0 0.387099 0.205524 7.03 48.95 27.78
-503.0 0.387098 0.205539 7.03 48.95 27.77
-504.0 0.387098 0.205538 7.03 48.95 27.77
-505.0 0.387098 0.205529 7.03 48.95 27.77
-506.0 0.387097 0.205525 7.03 48.95 27.76
-507.0 0.387097 0.205531 7.03 48.95 27.76
-508.0 0.387098 0.205537 7.03 48.96 27.76
-509.0 0.387099 0.205532 7.03 48.96 27.76
-510.0 0.387099 0.205527 7.03 48.96 27.75
-511.0 0.387099 0.205522 7.03 48.96 27.75
-512.0 0.387099 0.205517 7.03 48.96 27.75
-513.0 0.387098 0.205523 7.03 48.96 27.75
-514.0 0.387098 0.205533 7.03 48.96 27.74
-515.0 0.387098 0.205537 7.03 48.96 27.74
-516.0 0.387099 0.205531 7.03 48.97 27.74
-517.0 0.387099 0.205526 7.03 48.97 27.73
-518.0 0.387098 0.205524 7.03 48.97 27.73
-519.0 0.387098 0.205526 7.03 48.97 27.73
-520.0 0.387099 0.205527 7.03 48.97 27.73
-521.0 0.387099 0.205528 7.03 48.97 27.72
-522.0 0.387099 0.205527 7.03 48.97 27.72
-523.0 0.387099 0.205519 7.03 48.97 27.72
-524.0 0.387098 0.205523 7.03 48.97 27.71
-525.0 0.387097 0.205528 7.03 48.98 27.71
-526.0 0.387097 0.20553 7.03 48.98 27.71
-527.0 0.387098 0.205528 7.03 48.98 27.71
-528.0 0.387098 0.205525 7.03 48.98 27.7
-529.0 0.387098 0.205521 7.03 48.98 27.7
-530.0 0.3871 0.205511 7.03 48.98 27.7
-531.0 0.387099 0.205515 7.03 48.98 27.7
-532.0 0.387099 0.205528 7.03 48.99 27.7
-533.0 0.387099 0.20553 7.03 48.99 27.69
-534.0 0.387099 0.205525 7.03 48.99 27.69
-535.0 0.387098 0.205524 7.03 48.99 27.68
-536.0 0.387098 0.205525 7.03 48.99 27.68
-537.0 0.387098 0.205522 7.03 48.99 27.68
-538.0 0.387098 0.205521 7.03 48.99 27.68
-539.0 0.387099 0.205522 7.03 48.99 27.67
-540.0 0.387099 0.205523 7.03 49.0 27.67
-541.0 0.387099 0.205511 7.03 49.0 27.67
-542.0 0.387098 0.205507 7.03 49.0 27.67
-543.0 0.387098 0.20552 7.03 49.0 27.67
-544.0 0.387098 0.205526 7.03 49.0 27.66
-545.0 0.387098 0.205527 7.03 49.0 27.66
-546.0 0.387098 0.205527 7.03 49.0 27.65
-547.0 0.387098 0.205525 7.03 49.0 27.65
-548.0 0.387098 0.205518 7.03 49.0 27.65
-549.0 0.387099 0.20551 7.03 49.01 27.65
-550.0 0.387099 0.205515 7.03 49.01 27.64
-551.0 0.3871 0.205519 7.03 49.01 27.64
-552.0 0.387099 0.205517 7.03 49.01 27.64
-553.0 0.387099 0.205515 7.03 49.01 27.64
-554.0 0.387098 0.205517 7.03 49.01 27.64
-555.0 0.387098 0.205519 7.03 49.01 27.64
-556.0 0.387098 0.205522 7.03 49.02 27.63
-557.0 0.387098 0.205528 7.03 49.02 27.62
-558.0 0.387098 0.205527 7.03 49.02 27.62
-559.0 0.387098 0.205518 7.03 49.02 27.62
-560.0 0.387099 0.205506 7.03 49.02 27.62
-561.0 0.387099 0.205506 7.03 49.02 27.62
-562.0 0.387099 0.205513 7.03 49.02 27.62
-563.0 0.387099 0.205519 7.03 49.02 27.61
-564.0 0.387097 0.205525 7.03 49.02 27.6
-565.0 0.387097 0.205521 7.03 49.03 27.6
-566.0 0.387097 0.205515 7.03 49.03 27.6
-567.0 0.387098 0.205515 7.03 49.03 27.6
-568.0 0.387098 0.205522 7.03 49.03 27.59
-569.0 0.387098 0.205527 7.03 49.03 27.59
-570.0 0.387099 0.205515 7.03 49.03 27.59
-571.0 0.387099 0.205507 7.03 49.03 27.59
-572.0 0.3871 0.205504 7.03 49.03 27.59
-573.0 0.387099 0.205508 7.03 49.04 27.59
-574.0 0.387099 0.205515 7.03 49.04 27.58
-575.0 0.387098 0.205525 7.03 49.04 27.58
-576.0 0.387097 0.205525 7.03 49.04 27.57
-577.0 0.387098 0.205514 7.03 49.04 27.57
-578.0 0.387098 0.205508 7.03 49.04 27.57
-579.0 0.387098 0.205513 7.03 49.04 27.56
-580.0 0.387098 0.205524 7.03 49.05 27.56
-581.0 0.387099 0.205517 7.03 49.05 27.56
-582.0 0.387099 0.20551 7.03 49.05 27.55
-583.0 0.387098 0.20551 7.03 49.05 27.56
-584.0 0.387098 0.205504 7.03 49.05 27.55
-585.0 0.387098 0.205509 7.03 49.05 27.55
-586.0 0.387098 0.20552 7.03 49.05 27.55
-587.0 0.387097 0.205525 7.03 49.05 27.54
-588.0 0.387098 0.205515 7.03 49.05 27.54
-589.0 0.3871 0.2055 7.03 49.06 27.54
-590.0 0.387099 0.2055 7.04 49.06 27.54
-591.0 0.387101 0.205508 7.04 49.06 27.53
-592.0 0.387099 0.205515 7.04 49.06 27.53
-593.0 0.3871 0.205516 7.04 49.06 27.53
-594.0 0.387098 0.205515 7.04 49.06 27.52
-595.0 0.387098 0.205504 7.04 49.06 27.52
-596.0 0.387099 0.205502 7.04 49.06 27.52
-597.0 0.387098 0.205512 7.04 49.07 27.52
-598.0 0.387098 0.205521 7.04 49.07 27.51
-599.0 0.387098 0.205518 7.04 49.07 27.51
-600.0 0.387099 0.205501 7.04 49.07 27.51
-601.0 0.387099 0.205492 7.04 49.07 27.5
-602.0 0.387099 0.205495 7.04 49.07 27.51
-603.0 0.387099 0.205506 7.04 49.07 27.5
-604.0 0.387098 0.205521 7.04 49.08 27.5
-605.0 0.387098 0.205521 7.04 49.08 27.49
-606.0 0.387098 0.20551 7.04 49.08 27.49
-607.0 0.387099 0.205499 7.04 49.08 27.49
-608.0 0.387098 0.205503 7.04 49.08 27.49
-609.0 0.387098 0.205512 7.04 49.08 27.48
-610.0 0.387099 0.205513 7.04 49.08 27.48
-611.0 0.387099 0.205507 7.04 49.08 27.48
-612.0 0.387101 0.205497 7.04 49.08 27.47
-613.0 0.3871 0.205493 7.04 49.09 27.48
-614.0 0.387099 0.205497 7.04 49.09 27.47
-615.0 0.387098 0.205514 7.04 49.09 27.47
-616.0 0.387097 0.205522 7.04 49.09 27.47
-617.0 0.387098 0.205514 7.04 49.09 27.46
-618.0 0.387098 0.205502 7.04 49.09 27.46
-619.0 0.387098 0.205498 7.04 49.09 27.45
-620.0 0.387098 0.205503 7.04 49.09 27.45
-621.0 0.387098 0.205501 7.04 49.1 27.45
-622.0 0.387099 0.205506 7.04 49.1 27.45
-623.0 0.387098 0.20551 7.04 49.1 27.45
-624.0 0.387099 0.205499 7.04 49.1 27.44
-625.0 0.387098 0.205496 7.04 49.1 27.44
-626.0 0.387098 0.205507 7.04 49.1 27.44
-627.0 0.387098 0.205518 7.04 49.1 27.44
-628.0 0.387098 0.205515 7.04 49.11 27.43
-629.0 0.387099 0.205504 7.04 49.11 27.43
-630.0 0.387098 0.205497 7.04 49.11 27.42
-631.0 0.387099 0.205495 7.04 49.11 27.42
-632.0 0.387099 0.205494 7.04 49.11 27.42
-633.0 0.387099 0.2055 7.04 49.11 27.42
-634.0 0.387098 0.205511 7.04 49.11 27.42
-635.0 0.387098 0.205504 7.04 49.11 27.41
-636.0 0.387098 0.205498 7.04 49.11 27.41
-637.0 0.387097 0.205501 7.04 49.12 27.41
-638.0 0.387097 0.20551 7.04 49.12 27.41
-639.0 0.387097 0.205513 7.04 49.12 27.4
-640.0 0.387099 0.205504 7.04 49.12 27.4
-641.0 0.387099 0.205499 7.04 49.12 27.39
-642.0 0.387099 0.20549 7.04 49.12 27.39
-643.0 0.387099 0.20549 7.04 49.12 27.39
-644.0 0.387098 0.2055 7.04 49.12 27.39
-645.0 0.387098 0.205507 7.04 49.13 27.39
-646.0 0.387098 0.205506 7.04 49.13 27.38
-647.0 0.387098 0.205499 7.04 49.13 27.38
-648.0 0.387099 0.205498 7.04 49.13 27.37
-649.0 0.387098 0.205498 7.04 49.13 27.37
-650.0 0.387099 0.2055 7.04 49.13 27.37
-651.0 0.387099 0.205501 7.04 49.13 27.37
-652.0 0.3871 0.2055 7.04 49.13 27.36
-653.0 0.387099 0.205494 7.04 49.14 27.36
-654.0 0.387098 0.205489 7.04 49.14 27.36
-655.0 0.387098 0.205497 7.04 49.14 27.36
-656.0 0.387097 0.205501 7.04 49.14 27.36
-657.0 0.387098 0.205502 7.04 49.14 27.36
-658.0 0.387098 0.2055 7.04 49.14 27.35
-659.0 0.387098 0.205498 7.04 49.14 27.34
-660.0 0.387097 0.205493 7.04 49.14 27.34
-661.0 0.387099 0.205484 7.04 49.15 27.34
-662.0 0.387099 0.20549 7.04 49.15 27.34
-663.0 0.3871 0.2055 7.04 49.15 27.34
-664.0 0.387099 0.205498 7.04 49.15 27.33
-665.0 0.387099 0.205496 7.04 49.15 27.33
-666.0 0.387098 0.205496 7.04 49.15 27.33
-667.0 0.387098 0.205497 7.04 49.15 27.33
-668.0 0.387098 0.205495 7.04 49.15 27.33
-669.0 0.387099 0.205497 7.04 49.16 27.32
-670.0 0.387099 0.205499 7.04 49.16 27.32
-671.0 0.387099 0.205496 7.04 49.16 27.31
-672.0 0.387099 0.205483 7.04 49.16 27.31
-673.0 0.387099 0.205481 7.04 49.16 27.31
-674.0 0.387098 0.205494 7.04 49.16 27.31
-675.0 0.387098 0.205497 7.04 49.16 27.31
-676.0 0.387098 0.2055 7.04 49.16 27.3
-677.0 0.387097 0.2055 7.04 49.17 27.3
-678.0 0.387097 0.205496 7.04 49.17 27.3
-679.0 0.387098 0.205489 7.04 49.17 27.3
-680.0 0.387099 0.205486 7.04 49.17 27.29
-681.0 0.387099 0.205494 7.04 49.17 27.29
-682.0 0.3871 0.205493 7.04 49.17 27.28
-683.0 0.387099 0.205489 7.04 49.17 27.28
-684.0 0.387099 0.205487 7.04 49.17 27.28
-685.0 0.387098 0.20549 7.04 49.18 27.28
-686.0 0.387099 0.205494 7.04 49.18 27.28
-687.0 0.387098 0.205498 7.04 49.18 27.27
-688.0 0.387098 0.205503 7.04 49.18 27.27
-689.0 0.387097 0.205498 7.04 49.18 27.26
-690.0 0.387098 0.205487 7.04 49.18 27.26
-691.0 0.387099 0.205479 7.04 49.18 27.26
-692.0 0.387099 0.205484 7.04 49.18 27.26
-693.0 0.387099 0.205489 7.04 49.19 27.26
-694.0 0.387099 0.205491 7.04 49.19 27.25
-695.0 0.387097 0.205495 7.04 49.19 27.25
-696.0 0.387097 0.20549 7.04 49.19 27.25
-697.0 0.387098 0.205487 7.04 49.19 27.25
-698.0 0.387098 0.205493 7.04 49.19 27.24
-699.0 0.387098 0.205502 7.04 49.19 27.24
-700.0 0.387098 0.2055 7.04 49.19 27.23
-701.0 0.3871 0.205484 7.04 49.2 27.23
-702.0 0.387099 0.205476 7.04 49.2 27.23
-703.0 0.3871 0.205476 7.04 49.2 27.23
-704.0 0.387099 0.205482 7.04 49.2 27.23
-705.0 0.387099 0.205491 7.04 49.2 27.22
-706.0 0.387098 0.205497 7.04 49.2 27.22
-707.0 0.387098 0.205491 7.04 49.2 27.22
-708.0 0.387099 0.20548 7.04 49.2 27.22
-709.0 0.387098 0.205482 7.04 49.21 27.21
-710.0 0.387098 0.205493 7.04 49.21 27.21
-711.0 0.387098 0.2055 7.04 49.21 27.2
-712.0 0.387099 0.205487 7.04 49.21 27.2
-713.0 0.387099 0.205476 7.04 49.21 27.2
-714.0 0.387099 0.205477 7.04 49.21 27.2
-715.0 0.387099 0.205475 7.04 49.21 27.2
-716.0 0.387098 0.205487 7.04 49.21 27.19
-717.0 0.387098 0.205497 7.04 49.22 27.19
-718.0 0.387097 0.205495 7.04 49.22 27.19
-719.0 0.387098 0.20548 7.04 49.22 27.18
-720.0 0.387099 0.20547 7.04 49.22 27.18
-721.0 0.387099 0.205479 7.04 49.22 27.18
-722.0 0.3871 0.205485 7.04 49.22 27.18
-723.0 0.387099 0.205488 7.04 49.22 27.17
-724.0 0.3871 0.205485 7.04 49.22 27.17
-725.0 0.387099 0.20548 7.04 49.22 27.17
-726.0 0.387099 0.205473 7.04 49.23 27.17
-727.0 0.387098 0.205479 7.04 49.23 27.16
-728.0 0.387097 0.205492 7.04 49.23 27.16
-729.0 0.387098 0.205496 7.04 49.23 27.16
-730.0 0.387098 0.205486 7.04 49.23 27.15
-731.0 0.387099 0.205471 7.04 49.23 27.15
-732.0 0.387099 0.205469 7.04 49.23 27.15
-733.0 0.387099 0.205472 7.04 49.23 27.15
-734.0 0.387099 0.205483 7.04 49.24 27.15
-735.0 0.387097 0.205494 7.04 49.24 27.14
-736.0 0.387098 0.205487 7.04 49.24 27.14
-737.0 0.387098 0.205476 7.04 49.24 27.14
-738.0 0.387099 0.205473 7.04 49.24 27.13
-739.0 0.387098 0.205483 7.04 49.24 27.13
-740.0 0.387098 0.20549 7.04 49.24 27.13
-741.0 0.387099 0.205485 7.04 49.25 27.13
-742.0 0.387099 0.205476 7.04 49.25 27.12
-743.0 0.387101 0.205468 7.04 49.25 27.12
-744.0 0.387099 0.205467 7.04 49.25 27.12
-745.0 0.387099 0.205477 7.04 49.25 27.12
-746.0 0.387098 0.205492 7.04 49.25 27.11
-747.0 0.387098 0.205492 7.04 49.25 27.11
-748.0 0.387098 0.20548 7.04 49.25 27.11
-749.0 0.387098 0.205473 7.04 49.25 27.1
-750.0 0.387098 0.205475 7.04 49.26 27.1
-751.0 0.387098 0.205481 7.04 49.26 27.1
-752.0 0.387099 0.205478 7.04 49.26 27.1
-753.0 0.387099 0.205477 7.04 49.26 27.09
-754.0 0.387099 0.205475 7.04 49.26 27.09
-755.0 0.387099 0.205467 7.04 49.26 27.09
-756.0 0.387098 0.205474 7.04 49.26 27.09
-757.0 0.387097 0.205487 7.04 49.27 27.08
-758.0 0.387097 0.205493 7.05 49.27 27.08
-759.0 0.387098 0.205484 7.05 49.27 27.08
-760.0 0.387099 0.205475 7.05 49.27 27.07
-761.0 0.387098 0.205471 7.05 49.27 27.07
-762.0 0.387099 0.205469 7.05 49.27 27.07
-763.0 0.387099 0.20547 7.05 49.27 27.07
-764.0 0.3871 0.205474 7.05 49.27 27.06
-765.0 0.387098 0.205478 7.05 49.27 27.06
-766.0 0.387099 0.205469 7.05 49.28 27.06
-767.0 0.387098 0.205469 7.05 49.28 27.05
-768.0 0.387097 0.205478 7.05 49.28 27.05
-769.0 0.387097 0.205485 7.05 49.28 27.05
-770.0 0.387098 0.205484 7.05 49.28 27.05
-771.0 0.387099 0.205476 7.05 49.28 27.04
-772.0 0.387098 0.205471 7.05 49.28 27.04
-773.0 0.387099 0.205461 7.05 49.28 27.04
-774.0 0.387099 0.205463 7.05 49.29 27.04
-775.0 0.387098 0.205475 7.05 49.29 27.04
-776.0 0.387099 0.205478 7.05 49.29 27.03
-777.0 0.387099 0.205474 7.05 49.29 27.03
-778.0 0.387098 0.20547 7.05 49.29 27.02
-779.0 0.387098 0.20547 7.05 49.29 27.02
-780.0 0.387098 0.205472 7.05 49.29 27.02
-781.0 0.387099 0.205474 7.05 49.3 27.02
-782.0 0.387099 0.205474 7.05 49.3 27.01
-783.0 0.3871 0.205472 7.05 49.3 27.01
-784.0 0.387099 0.205464 7.05 49.3 27.01
-785.0 0.387099 0.205461 7.05 49.3 27.01
-786.0 0.387098 0.20547 7.05 49.3 27.01
-787.0 0.387098 0.205474 7.05 49.3 27.0
-788.0 0.387098 0.205474 7.05 49.3 27.0
-789.0 0.387098 0.205474 7.05 49.3 26.99
-790.0 0.387098 0.205472 7.05 49.31 26.99
-791.0 0.387098 0.205466 7.05 49.31 26.99
-792.0 0.387098 0.205459 7.05 49.31 26.99
-793.0 0.387099 0.205465 7.05 49.31 26.99
-794.0 0.387099 0.205471 7.05 49.31 26.98
-795.0 0.387099 0.205468 7.05 49.31 26.98
-796.0 0.387098 0.205468 7.05 49.31 26.97
-797.0 0.387098 0.205469 7.05 49.31 26.97
-798.0 0.387098 0.205469 7.05 49.32 26.97
-799.0 0.387098 0.205468 7.05 49.32 26.97
-800.0 0.387098 0.205473 7.05 49.32 26.96
-801.0 0.387098 0.205475 7.05 49.32 26.96
-802.0 0.387098 0.205467 7.05 49.32 26.96
-803.0 0.387099 0.205456 7.05 49.32 26.96
-804.0 0.387099 0.205457 7.05 49.32 26.96
-805.0 0.387099 0.205468 7.05 49.32 26.96
-806.0 0.387099 0.205469 7.05 49.33 26.95
-807.0 0.387097 0.205473 7.05 49.33 26.94
-808.0 0.387097 0.205472 7.05 49.33 26.94
-809.0 0.387097 0.205466 7.05 49.33 26.94
-810.0 0.387098 0.205461 7.05 49.33 26.94
-811.0 0.387099 0.205464 7.05 49.33 26.94
-812.0 0.387098 0.205472 7.05 49.33 26.93
-813.0 0.387099 0.205465 7.05 49.33 26.93
-814.0 0.387099 0.205458 7.05 49.34 26.93
-815.0 0.387099 0.20546 7.05 49.34 26.93
-816.0 0.387098 0.205463 7.05 49.34 26.93
-817.0 0.387099 0.205469 7.05 49.34 26.92
-818.0 0.387098 0.205475 7.05 49.34 26.91
-819.0 0.387098 0.205476 7.05 49.34 26.91
-820.0 0.387098 0.205466 7.05 49.34 26.91
-821.0 0.387098 0.205456 7.05 49.34 26.91
-822.0 0.387099 0.205454 7.05 49.35 26.91
-823.0 0.387099 0.205463 7.05 49.35 26.9
-824.0 0.387099 0.205463 7.05 49.35 26.9
-825.0 0.387099 0.20546 7.05 49.35 26.9
-826.0 0.387098 0.205461 7.05 49.35 26.9
-827.0 0.387098 0.205457 7.05 49.35 26.9
-828.0 0.387098 0.205461 7.05 49.35 26.89
-829.0 0.387098 0.205472 7.05 49.35 26.89
-830.0 0.387097 0.205477 7.05 49.36 26.88
-831.0 0.387097 0.205469 7.05 49.36 26.88
-832.0 0.387099 0.205452 7.05 49.36 26.88
-833.0 0.387099 0.205447 7.05 49.36 26.87
-834.0 0.3871 0.20545 7.05 49.36 26.87
-835.0 0.387099 0.205458 7.05 49.36 26.87
-836.0 0.387099 0.205465 7.05 49.36 26.87
-837.0 0.387098 0.205465 7.05 49.36 26.86
-838.0 0.387098 0.205455 7.05 49.36 26.86
-839.0 0.387099 0.20545 7.05 49.37 26.86
-840.0 0.387098 0.205461 7.05 49.37 26.86
-841.0 0.387098 0.205472 7.05 49.37 26.85
-842.0 0.387098 0.205471 7.05 49.37 26.85
-843.0 0.387099 0.205455 7.05 49.37 26.85
-844.0 0.387099 0.205445 7.05 49.37 26.84
-845.0 0.387099 0.205445 7.05 49.37 26.85
-846.0 0.387099 0.205451 7.05 49.38 26.84
-847.0 0.387098 0.205466 7.05 49.38 26.84
-848.0 0.387098 0.205471 7.05 49.38 26.83
-849.0 0.387098 0.205461 7.05 49.38 26.83
-850.0 0.387099 0.205447 7.05 49.38 26.83
-851.0 0.387098 0.205447 7.05 49.38 26.83
-852.0 0.387098 0.20546 7.05 49.38 26.82
-853.0 0.3871 0.205461 7.05 49.38 26.82
-854.0 0.387099 0.205459 7.05 49.39 26.82
-855.0 0.3871 0.205452 7.05 49.39 26.82
-856.0 0.387099 0.205447 7.05 49.39 26.82
-857.0 0.387099 0.205446 7.05 49.39 26.81
-858.0 0.387098 0.205458 7.05 49.39 26.81
-859.0 0.387097 0.20547 7.05 49.39 26.81
-860.0 0.387097 0.205467 7.05 49.39 26.8
-861.0 0.387098 0.205453 7.05 49.39 26.8
-862.0 0.387099 0.205444 7.05 49.39 26.8
-863.0 0.387098 0.20545 7.05 49.4 26.79
-864.0 0.387099 0.205452 7.05 49.4 26.79
-865.0 0.387099 0.205458 7.05 49.4 26.79
-866.0 0.387098 0.205463 7.05 49.4 26.79
-867.0 0.387098 0.205452 7.05 49.4 26.78
-868.0 0.387098 0.205446 7.05 49.4 26.78
-869.0 0.387098 0.205451 7.05 49.4 26.78
-870.0 0.387097 0.205462 7.05 49.41 26.78
-871.0 0.387098 0.205464 7.05 49.41 26.77
-872.0 0.387099 0.205455 7.05 49.41 26.77
-873.0 0.387099 0.205446 7.05 49.41 26.76
-874.0 0.3871 0.205441 7.05 49.41 26.76
-875.0 0.387099 0.205445 7.05 49.41 26.76
-876.0 0.387099 0.205456 7.05 49.41 26.76
-877.0 0.387098 0.205466 7.05 49.41 26.76
-878.0 0.387098 0.205458 7.05 49.42 26.75
-879.0 0.387098 0.205448 7.05 49.42 26.75
-880.0 0.387097 0.205447 7.05 49.42 26.75
-881.0 0.387097 0.205452 7.05 49.42 26.75
-882.0 0.387097 0.205456 7.05 49.42 26.74
-883.0 0.387099 0.205451 7.05 49.42 26.74
-884.0 0.387099 0.205446 7.05 49.42 26.74
-885.0 0.387099 0.20544 7.05 49.42 26.74
-886.0 0.387099 0.205438 7.05 49.42 26.73
-887.0 0.387098 0.205452 7.05 49.43 26.73
-888.0 0.387098 0.205463 7.05 49.43 26.73
-889.0 0.387098 0.205462 7.05 49.43 26.72
-890.0 0.387098 0.205451 7.05 49.43 26.72
-891.0 0.387099 0.205446 7.05 49.43 26.71
-892.0 0.387098 0.205446 7.05 49.43 26.71
-893.0 0.387099 0.205443 7.05 49.43 26.71
-894.0 0.387099 0.205444 7.05 49.44 26.71
-895.0 0.387101 0.205446 7.05 49.44 26.71
-896.0 0.387099 0.205444 7.05 49.44 26.71
-897.0 0.387099 0.205436 7.05 49.44 26.7
-898.0 0.387098 0.205443 7.05 49.44 26.7
-899.0 0.387097 0.205453 7.05 49.44 26.7
-900.0 0.387098 0.205457 7.05 49.44 26.7
-901.0 0.387098 0.205453 7.05 49.44 26.69
-902.0 0.387099 0.205448 7.05 49.44 26.68
-903.0 0.387098 0.205445 7.05 49.45 26.68
-904.0 0.387098 0.205434 7.05 49.45 26.68
-905.0 0.387099 0.205437 7.05 49.45 26.68
-906.0 0.387099 0.205449 7.05 49.45 26.68
-907.0 0.387099 0.205448 7.05 49.45 26.68
-908.0 0.387099 0.205445 7.05 49.45 26.67
-909.0 0.387098 0.205443 7.05 49.45 26.67
-910.0 0.387097 0.205445 7.05 49.45 26.67
-911.0 0.387098 0.205446 7.05 49.46 26.67
-912.0 0.387099 0.205447 7.05 49.46 26.66
-913.0 0.387099 0.205447 7.05 49.46 26.66
-914.0 0.3871 0.205444 7.05 49.46 26.65
-915.0 0.387099 0.205435 7.05 49.46 26.65
-916.0 0.387099 0.205433 7.05 49.46 26.65
-917.0 0.387098 0.205443 7.05 49.46 26.65
-918.0 0.387098 0.205446 7.05 49.46 26.65
-919.0 0.387098 0.205448 7.05 49.47 26.64
-920.0 0.387097 0.205449 7.05 49.47 26.64
-921.0 0.387097 0.205445 7.05 49.47 26.64
-922.0 0.387098 0.20544 7.05 49.47 26.64
-923.0 0.387099 0.205436 7.05 49.47 26.63
-924.0 0.387099 0.205442 7.05 49.47 26.63
-925.0 0.387099 0.205442 7.06 49.47 26.63
-926.0 0.387099 0.205439 7.06 49.47 26.62
-927.0 0.387098 0.20544 7.06 49.48 26.62
-928.0 0.387098 0.20544 7.06 49.48 26.62
-929.0 0.387098 0.205441 7.06 49.48 26.62
-930.0 0.387099 0.205443 7.06 49.48 26.61
-931.0 0.387098 0.205451 7.06 49.48 26.61
-932.0 0.387097 0.205448 7.06 49.48 26.6
-933.0 0.387098 0.205438 7.06 49.48 26.6
-934.0 0.387099 0.205431 7.06 49.48 26.6
-935.0 0.387099 0.205436 7.06 49.49 26.6
-936.0 0.387099 0.205442 7.06 49.49 26.6
-937.0 0.387099 0.205442 7.06 49.49 26.59
-938.0 0.387098 0.205445 7.06 49.49 26.59
-939.0 0.387097 0.205441 7.06 49.49 26.59
-940.0 0.387097 0.205435 7.06 49.49 26.59
-941.0 0.387098 0.205435 7.06 49.49 26.58
-942.0 0.387098 0.205443 7.06 49.49 26.58
-943.0 0.387098 0.205447 7.06 49.5 26.57
-944.0 0.387099 0.205433 7.06 49.5 26.57
-945.0 0.387099 0.205426 7.06 49.5 26.57
-946.0 0.387099 0.205431 7.06 49.5 26.57
-947.0 0.387099 0.205437 7.06 49.5 26.57
-948.0 0.387099 0.205444 7.06 49.5 26.56
-949.0 0.387098 0.205449 7.06 49.5 26.56
-950.0 0.387098 0.205445 7.06 49.5 26.56
-951.0 0.387099 0.205433 7.06 49.51 26.56
-952.0 0.387099 0.205427 7.06 49.51 26.55
-953.0 0.387099 0.205433 7.06 49.51 26.55
-954.0 0.387099 0.205441 7.06 49.51 26.55
-955.0 0.387099 0.205435 7.06 49.51 26.54
-956.0 0.387098 0.205426 7.06 49.51 26.54
-957.0 0.387098 0.205427 7.06 49.51 26.54
-958.0 0.387099 0.205427 7.06 49.51 26.54
-959.0 0.387098 0.205438 7.06 49.52 26.54
-960.0 0.387098 0.205448 7.06 49.52 26.53
-961.0 0.387097 0.205448 7.06 49.52 26.53
-962.0 0.387098 0.205436 7.06 49.52 26.52
-963.0 0.387099 0.205421 7.06 49.52 26.52
-964.0 0.387099 0.205423 7.06 49.52 26.52
-965.0 0.3871 0.205427 7.06 49.52 26.52
-966.0 0.387099 0.205434 7.06 49.52 26.52
-967.0 0.387099 0.205437 7.06 49.53 26.51
-968.0 0.387099 0.205431 7.06 49.53 26.51
-969.0 0.387099 0.205423 7.06 49.53 26.51
-970.0 0.387098 0.205425 7.06 49.53 26.51
-971.0 0.387098 0.205441 7.06 49.53 26.5
-972.0 0.387098 0.205447 7.06 49.53 26.5
-973.0 0.387098 0.205439 7.06 49.53 26.49
-974.0 0.387099 0.205423 7.06 49.53 26.49
-975.0 0.387099 0.205418 7.06 49.54 26.49
-976.0 0.387099 0.205419 7.06 49.54 26.49
-977.0 0.387099 0.205428 7.06 49.54 26.49
-978.0 0.387097 0.205443 7.06 49.54 26.48
-979.0 0.387097 0.20544 7.06 49.54 26.48
-980.0 0.387098 0.205427 7.06 49.54 26.48
-981.0 0.387099 0.20542 7.06 49.54 26.48
-982.0 0.387098 0.205429 7.06 49.54 26.47
-983.0 0.387098 0.20544 7.06 49.55 26.47
-984.0 0.387099 0.205435 7.06 49.55 26.47
-985.0 0.387099 0.205427 7.06 49.55 26.46
-986.0 0.3871 0.20542 7.06 49.55 26.46
-987.0 0.387099 0.205417 7.06 49.55 26.46
-988.0 0.387099 0.205423 7.06 49.55 26.46
-989.0 0.387098 0.205438 7.06 49.55 26.45
-990.0 0.387097 0.205443 7.06 49.55 26.45
-991.0 0.387098 0.205434 7.06 49.55 26.45
-992.0 0.387098 0.205423 7.06 49.56 26.44
-993.0 0.387098 0.205422 7.06 49.56 26.44
-994.0 0.387098 0.205432 7.06 49.56 26.44
-995.0 0.387099 0.205431 7.06 49.56 26.44
-996.0 0.387099 0.205429 7.06 49.56 26.43
-997.0 0.387098 0.205428 7.06 49.56 26.43
-998.0 0.387098 0.205418 7.06 49.56 26.43
-999.0 0.387098 0.20542 7.06 49.56 26.43
-1000.0 0.387097 0.205429 7.06 49.57 26.42
